213.13 88.91 34.0 -1.0 0.44917540327059197 13.848472385429675 1.5042420738058901 0.016589015394405805 393.1816236410372 32.0 394.31752719215007 32.0 0.449176695838105 13.965314768784792 
213.13 88.91 34.0 -1.0 0.14704050134079177 29.63038643193523 4.638383324356183 0.029030776940210157 360.46903172094295 32.0 366.53308576483136 32.0 0.14704255590913817 31.37135926321221 
213.13 88.91 34.0 -1.0 0.005526332034919469 5.72172979375301 2.867779491143187 0.18524400523753146 -0.7125285086383804 2.0 -1.0 -1.0 -1.0 -1.0 
213.13 88.91 34.0 -1.0 0.80517592894 94.48713678639929 1.177896444097934 0.052531882082285056 96.65690920618518 16.0 97.12306178671697 16.0 0.8051756594795735 94.21527572274375 
213.13 88.91 34.0 -1.0 0.02393848373238359 0.0 2.3946272691937414 0.016589015394405805 19.381186439842804 32.0 -1.0 -1.0 -1.0 -1.0 
213.13 88.91 34.0 -1.0 0.44917540327059197 13.848472385429675 1.5042420738058901 0.016589015394405805 393.1816236410372 32.0 394.31752719215007 32.0 0.449176695838105 13.965314768784792 
213.13 88.91 34.0 -1.0 0.14704050134079177 29.63038643193523 4.638383324356183 0.029030776940210157 360.46903172094295 32.0 366.53308576483136 32.0 0.14704255590913817 31.37135926321221 
213.13 88.91 34.0 -1.0 0.005526332034919469 5.72172979375301 2.867779491143187 0.18524400523753146 -0.7125285086383804 2.0 -1.0 -1.0 -1.0 -1.0 
213.13 88.91 34.0 -1.0 0.80517592894 94.48713678639929 1.177896444097934 0.052531882082285056 96.65690920618518 16.0 97.12306178671697 16.0 0.8051756594795735 94.21527572274375 
213.13 88.91 34.0 -1.0 0.02393848373238359 0.0 2.3946272691937414 0.016589015394405805 19.381186439842804 32.0 -1.0 -1.0 -1.0 -1.0 
213.13 88.91 34.0 -1.0 0.44917540327059197 13.848472385429675 1.5042420738058901 0.016589015394405805 393.1816236410372 32.0 394.31752719215007 32.0 0.449176695838105 13.965314768784792 
213.13 88.91 34.0 -1.0 0.14704050134079177 29.63038643193523 4.638383324356183 0.029030776940210157 360.46903172094295 32.0 366.53308576483136 32.0 0.14704255590913817 31.37135926321221 
213.13 88.91 34.0 -1.0 0.005526332034919469 5.72172979375301 2.867779491143187 0.18524400523753146 -0.7125285086383804 2.0 -1.0 -1.0 -1.0 -1.0 
213.13 88.91 34.0 -1.0 0.80517592894 94.48713678639929 1.177896444097934 0.052531882082285056 96.65690920618518 16.0 97.12306178671697 16.0 0.8051756594795735 94.21527572274375 
213.13 88.91 34.0 -1.0 0.02393848373238359 0.0 2.3946272691937414 0.016589015394405805 19.381186439842804 32.0 -1.0 -1.0 -1.0 -1.0 
213.13 88.91 34.0 -1.0 0.44917540327059197 13.848472385429675 1.5042420738058901 0.016589015394405805 393.1816236410372 32.0 394.31752719215007 32.0 0.449176695838105 13.965314768784792 
213.13 88.91 34.0 -1.0 0.14704050134079177 29.63038643193523 4.638383324356183 0.029030776940210157 360.46903172094295 32.0 366.53308576483136 32.0 0.14704255590913817 31.37135926321221 
213.13 88.91 34.0 -1.0 0.005526332034919469 5.72172979375301 2.867779491143187 0.18524400523753146 -0.7125285086383804 2.0 -1.0 -1.0 -1.0 -1.0 
213.13 88.91 34.0 -1.0 0.80517592894 94.48713678639929 1.177896444097934 0.052531882082285056 96.65690920618518 16.0 97.12306178671697 16.0 0.8051756594795735 94.21527572274375 
213.13 88.91 34.0 -1.0 0.02393848373238359 0.0 2.3946272691937414 0.016589015394405805 19.381186439842804 32.0 -1.0 -1.0 -1.0 -1.0 
213.13 88.91 34.0 -1.0 0.44917540327059197 13.848472385429675 1.5042420738058901 0.016589015394405805 393.1816236410372 32.0 394.31752719215007 32.0 0.449176695838105 13.965314768784792 
213.13 88.91 34.0 -1.0 0.14704050134079177 29.63038643193523 4.638383324356183 0.029030776940210157 360.46903172094295 32.0 366.53308576483136 32.0 0.14704255590913817 31.37135926321221 
213.13 88.91 34.0 -1.0 0.005526332034919469 5.72172979375301 2.867779491143187 0.18524400523753146 -0.7125285086383804 2.0 -1.0 -1.0 -1.0 -1.0 
213.13 88.91 34.0 -1.0 0.80517592894 94.48713678639929 1.177896444097934 0.052531882082285056 96.65690920618518 16.0 97.12306178671697 16.0 0.8051756594795735 94.21527572274375 
213.13 88.91 34.0 -1.0 0.02393848373238359 0.0 2.3946272691937414 0.016589015394405805 19.381186439842804 32.0 -1.0 -1.0 -1.0 -1.0 
213.13 88.91 34.0 -1.0 0.44917540327059197 13.848472385429675 1.5042420738058901 0.016589015394405805 393.1816236410372 32.0 394.31752719215007 32.0 0.449176695838105 13.965314768784792 
213.13 88.91 34.0 -1.0 0.14704050134079177 29.63038643193523 4.638383324356183 0.029030776940210157 360.46903172094295 32.0 366.53308576483136 32.0 0.14704255590913817 31.37135926321221 
213.13 88.91 34.0 -1.0 0.005526332034919469 5.72172979375301 2.867779491143187 0.18524400523753146 -0.7125285086383804 2.0 -1.0 -1.0 -1.0 -1.0 
213.13 88.91 34.0 -1.0 0.80517592894 94.48713678639929 1.177896444097934 0.052531882082285056 96.65690920618518 16.0 97.12306178671697 16.0 0.8051756594795735 94.21527572274375 
213.13 88.91 34.0 -1.0 0.02393848373238359 0.0 2.3946272691937414 0.016589015394405805 19.381186439842804 32.0 -1.0 -1.0 -1.0 -1.0 
213.13 88.91 34.0 -1.0 0.44917540327059197 13.848472385429675 1.5042420738058901 0.016589015394405805 393.1816236410372 32.0 394.31752719215007 32.0 0.449176695838105 13.965314768784792 
213.13 88.91 34.0 -1.0 0.14704050134079177 29.63038643193523 4.638383324356183 0.029030776940210157 360.46903172094295 32.0 366.53308576483136 32.0 0.14704255590913817 31.37135926321221 
213.13 88.91 34.0 -1.0 0.005526332034919469 5.72172979375301 2.867779491143187 0.18524400523753146 -0.7125285086383804 2.0 -1.0 -1.0 -1.0 -1.0 
213.13 88.91 34.0 -1.0 0.80517592894 94.48713678639929 1.177896444097934 0.052531882082285056 96.65690920618518 16.0 97.12306178671697 16.0 0.8051756594795735 94.21527572274375 
213.13 88.91 34.0 -1.0 0.02393848373238359 0.0 2.3946272691937414 0.016589015394405805 19.381186439842804 32.0 -1.0 -1.0 -1.0 -1.0 
213.13 88.91 34.0 -1.0 0.44917540327059197 13.848472385429675 1.5042420738058901 0.016589015394405805 393.1816236410372 32.0 394.31752719215007 32.0 0.449176695838105 13.965314768784792 
213.13 88.91 34.0 -1.0 0.14704050134079177 29.63038643193523 4.638383324356183 0.029030776940210157 360.46903172094295 32.0 366.53308576483136 32.0 0.14704255590913817 31.37135926321221 
213.13 88.91 34.0 -1.0 0.005526332034919469 5.72172979375301 2.867779491143187 0.18524400523753146 -0.7125285086383804 2.0 -1.0 -1.0 -1.0 -1.0 
213.13 88.91 34.0 -1.0 0.80517592894 94.48713678639929 1.177896444097934 0.052531882082285056 96.65690920618518 16.0 97.12306178671697 16.0 0.8051756594795735 94.21527572274375 
213.13 88.91 34.0 -1.0 0.02393848373238359 0.0 2.3946272691937414 0.016589015394405805 19.381186439842804 32.0 -1.0 -1.0 -1.0 -1.0 
213.13 88.91 34.0 -1.0 0.44917540327059197 13.848472385429675 1.5042420738058901 0.016589015394405805 393.1816236410372 32.0 394.31752719215007 32.0 0.449176695838105 13.965314768784792 
213.13 88.91 34.0 -1.0 0.14704050134079177 29.63038643193523 4.638383324356183 0.029030776940210157 360.46903172094295 32.0 366.53308576483136 32.0 0.14704255590913817 31.37135926321221 
213.13 88.91 34.0 -1.0 0.005526332034919469 5.72172979375301 2.867779491143187 0.18524400523753146 -0.7125285086383804 2.0 -1.0 -1.0 -1.0 -1.0 
213.13 88.91 34.0 -1.0 0.80517592894 94.48713678639929 1.177896444097934 0.052531882082285056 96.65690920618518 16.0 97.12306178671697 16.0 0.8051756594795735 94.21527572274375 
213.13 88.91 34.0 -1.0 0.02393848373238359 0.0 2.3946272691937414 0.016589015394405805 19.381186439842804 32.0 -1.0 -1.0 -1.0 -1.0 
213.13 88.91 34.0 -1.0 0.44917540327059197 13.848472385429675 1.5042420738058901 0.016589015394405805 393.1816236410372 32.0 394.31752719215007 32.0 0.449176695838105 13.965314768784792 
213.13 88.91 34.0 -1.0 0.14704050134079177 29.63038643193523 4.638383324356183 0.029030776940210157 360.46903172094295 32.0 366.53308576483136 32.0 0.14704255590913817 31.37135926321221 
213.13 88.91 34.0 -1.0 0.005526332034919469 5.72172979375301 2.867779491143187 0.18524400523753146 -0.7125285086383804 2.0 -1.0 -1.0 -1.0 -1.0 
213.13 88.91 34.0 -1.0 0.80517592894 94.48713678639929 1.177896444097934 0.052531882082285056 96.65690920618518 16.0 97.12306178671697 16.0 0.8051756594795735 94.21527572274375 
213.13 88.91 34.0 -1.0 0.02393848373238359 0.0 2.3946272691937414 0.016589015394405805 19.381186439842804 32.0 -1.0 -1.0 -1.0 -1.0 
14.67 61.31 34.0 -1.0 0.65432390165 142.08724540561914 0.03929700353651379 0.056679135930886505 0.8391806853262265 16.0 -1.0 -1.0 -1.0 -1.0 
14.67 61.31 34.0 -1.0 111.01410225980808 30.210952301317306 0.03465404822246212 0.008294507697202903 1.5707036899403 1.0 -1.0 -1.0 -1.0 -1.0 
14.67 61.31 34.0 -1.0 1.09547088700836 40.527948980585606 0.061486373360445525 0.019353851293473442 1.5585422365635921 16.0 -1.0 -1.0 -1.0 -1.0 
14.67 61.31 34.0 -1.0 11.41452866824742 0.0 0.07030475489202759 0.017971433343939622 1.9430856690726408 4.0 -1.0 -1.0 -1.0 -1.0 
14.67 61.31 34.0 -1.0 186.219739 290.1818559662553 0.22878942329845037 0.017971433343939622 4.123901366633751 1.0 -1.0 -1.0 -1.0 -1.0 
14.67 61.31 34.0 -1.0 44.742729 59.203018919007974 2.5676803296885393 0.013824179495338174 105.29054211839865 8.0 105.29054163720124 8.0 44.74265248669933 59.20079086767465 
14.67 61.31 34.0 -1.0 2.929660865793 81.70887243454263 1.3552306068905193 0.10091651031596865 13.137044248766705 4.0 13.282084544730031 4.0 2.929785599311193 81.66673201745887 
14.67 61.31 34.0 -1.0 0.006858663496666889 61.16194233912221 1.0160163342901278 0.1354769590543141 0.9983867617965881 8.0 -1.0 -1.0 -1.0 -1.0 
14.67 61.31 34.0 -1.0 0.03772946719586941 145.09092798312764 9.198062783746261 0.05391430003181887 15.125673834037975 16.0 25.039465268638487 32.0 0.03774403012357652 151.7968996607042 
14.67 61.31 34.0 -1.0 0.9901324118402847 435.2727839493829 3.68770927554967 0.011059343596270537 497.39280815973666 32.0 497.7691787845667 32.0 0.990136565330128 435.2523102937926 
16.37 64.51 34.0 -1.0 0.11367691234295636 26.52723729532229 0.1669637776112178 0.015206597444871992 0.05727779168143303 1.0 -1.0 -1.0 -1.0 -1.0 
16.37 64.51 34.0 -1.0 5.4966921263 60.71131217123109 0.6556644971410935 0.026265941041142528 28.300893215198908 16.0 28.623101960052868 16.0 5.496682812614988 60.718759864281694 
16.37 64.51 34.0 -1.0 0.4777510029497 68.61514451248168 0.27513380503451645 0.024883523091608708 3.563715340638498 32.0 -1.0 -1.0 -1.0 -1.0 
16.37 64.51 34.0 -1.0 44.485070760068666 81.36007416274826 0.02281580642803688 0.03732528463741307 3.2737239556207722 4.0 -1.0 -1.0 -1.0 -1.0 
16.37 64.51 34.0 -1.0 1.76341893386 114.01278152253975 0.1222668520805993 0.017971433343939622 3.2712017283871297 32.0 -1.0 -1.0 -1.0 -1.0 
16.37 64.51 34.0 -1.0 0.013602334338438445 49.300154228550554 0.023085343105725825 0.1354769590543141 0.7748044192817308 4.0 -1.0 -1.0 -1.0 -1.0 
16.37 64.51 34.0 -1.0 0.2956639123189926 329.29341491735266 0.6097875004346693 0.013824179495338174 39.42739406148876 32.0 39.62186945736401 32.0 0.29567672754637897 329.5004701968353 
16.37 64.51 34.0 -1.0 1.065984 493.940122376029 0.6938796143074506 0.02073626924300726 50.65572962625555 16.0 51.346852118707574 32.0 1.0659884234579902 493.54231976350303 
16.37 64.51 34.0 -1.0 1.1738600935 0.0 3.338507492441885 0.024883523091608708 124.11725753944107 32.0 -1.0 -1.0 -1.0 -1.0 
16.37 64.51 34.0 -1.0 0.5836822286821135 164.64670745867633 2.974728571317075 0.013824179495338172 408.8417136810936 32.0 408.9822234362771 32.0 0.5836833831078063 164.75023509841765 
16.62 66.12 34.0 -1.0 1.336096688653 208.5414270857839 0.11000290147540624 0.035942866687879244 2.2654198086143746 1.0 -1.0 -1.0 -1.0 -1.0 
16.62 66.12 34.0 -1.0 2.2837880647 144.10212611627668 0.24245908610075242 0.03317803078881161 4.760923034392955 8.0 -1.0 -1.0 -1.0 -1.0 
16.62 66.12 34.0 -1.0 1.26225015937 70.33059628468062 0.1418453755649639 0.02073626924300726 2.3804645779129836 16.0 -1.0 -1.0 -1.0 -1.0 
16.62 66.12 34.0 -1.0 233.32170321379 79.08933622228355 0.11363328206185334 0.019353851293473442 1.9581576642026346 1.0 -1.0 -1.0 -1.0 -1.0 
16.62 66.12 34.0 -1.0 0.5255 44.52359468281487 0.08442919515616988 0.02350110514207489 -0.26441430175836916 1.0 -1.0 -1.0 -1.0 -1.0 
16.62 66.12 34.0 -1.0 0.012580122611253566 0.0 0.25412096979365767 0.03732528463741307 2.590643276764177 4.0 -1.0 -1.0 -1.0 -1.0 
16.62 66.12 34.0 -1.0 1.603391 173.76714411922944 0.027098377862687817 0.04423737438508215 0.9428955625393646 16.0 -1.0 -1.0 -1.0 -1.0 
16.62 66.12 34.0 -1.0 168.634064 521.3014323576883 0.025482417336644785 0.03317803078881161 0.5687678660095198 1.0 -1.0 -1.0 -1.0 -1.0 
16.62 66.12 34.0 -1.0 0.006199146970031603 55.680561031904304 1.1068898637285398 0.02764835899067634 2.3554084574978047 8.0 -1.0 -1.0 -1.0 -1.0 
16.62 66.12 34.0 -1.0 0.5038612089543385 347.5342882384589 9.351840469571144 0.03041319488974398 430.7879669469418 32.0 431.840363150505 32.0 0.5038600647822022 347.4125043567984 
213.13 88.91 34.0 -1.0 0.44917540327059197 13.848472385429675 1.5042420738058901 0.016589015394405805 393.1816236410372 32.0 394.31752719215007 32.0 0.449176695838105 13.965314768784792 
213.13 88.91 34.0 -1.0 0.14704050134079177 29.63038643193523 4.638383324356183 0.029030776940210157 360.46903172094295 32.0 366.53308576483136 32.0 0.14704255590913817 31.37135926321221 
213.13 88.91 34.0 -1.0 0.005526332034919469 5.72172979375301 2.867779491143187 0.18524400523753146 -0.7125285086383804 2.0 -1.0 -1.0 -1.0 -1.0 
213.13 88.91 34.0 -1.0 0.80517592894 94.48713678639929 1.177896444097934 0.052531882082285056 96.65690920618518 16.0 97.12306178671697 16.0 0.8051756594795735 94.21527572274375 
213.13 88.91 34.0 -1.0 0.02393848373238359 0.0 2.3946272691937414 0.016589015394405805 19.381186439842804 32.0 -1.0 -1.0 -1.0 -1.0 
213.13 88.91 34.0 -1.0 0.44917540327059197 13.848472385429675 1.5042420738058901 0.016589015394405805 393.1816236410372 32.0 394.31752719215007 32.0 0.449176695838105 13.965314768784792 
213.13 88.91 34.0 -1.0 0.14704050134079177 29.63038643193523 4.638383324356183 0.029030776940210157 360.46903172094295 32.0 366.53308576483136 32.0 0.14704255590913817 31.37135926321221 
213.13 88.91 34.0 -1.0 0.005526332034919469 5.72172979375301 2.867779491143187 0.18524400523753146 -0.7125285086383804 2.0 -1.0 -1.0 -1.0 -1.0 
213.13 88.91 34.0 -1.0 0.80517592894 94.48713678639929 1.177896444097934 0.052531882082285056 96.65690920618518 16.0 97.12306178671697 16.0 0.8051756594795735 94.21527572274375 
213.13 88.91 34.0 -1.0 0.02393848373238359 0.0 2.3946272691937414 0.016589015394405805 19.381186439842804 32.0 -1.0 -1.0 -1.0 -1.0 
213.13 88.91 34.0 -1.0 0.44917540327059197 13.848472385429675 1.5042420738058901 0.016589015394405805 393.1816236410372 32.0 394.31752719215007 32.0 0.449176695838105 13.965314768784792 
213.13 88.91 34.0 -1.0 0.14704050134079177 29.63038643193523 4.638383324356183 0.029030776940210157 360.46903172094295 32.0 366.53308576483136 32.0 0.14704255590913817 31.37135926321221 
213.13 88.91 34.0 -1.0 0.005526332034919469 5.72172979375301 2.867779491143187 0.18524400523753146 -0.7125285086383804 2.0 -1.0 -1.0 -1.0 -1.0 
213.13 88.91 34.0 -1.0 0.80517592894 94.48713678639929 1.177896444097934 0.052531882082285056 96.65690920618518 16.0 97.12306178671697 16.0 0.8051756594795735 94.21527572274375 
213.13 88.91 34.0 -1.0 0.02393848373238359 0.0 2.3946272691937414 0.016589015394405805 19.381186439842804 32.0 -1.0 -1.0 -1.0 -1.0 
14.67 61.31 34.0 -1.0 0.65432390165 142.08724540561914 0.03929700353651379 0.056679135930886505 0.8391806853262265 16.0 -1.0 -1.0 -1.0 -1.0 
14.67 61.31 34.0 -1.0 111.01410225980808 30.210952301317306 0.03465404822246212 0.008294507697202903 1.5707036899403 1.0 -1.0 -1.0 -1.0 -1.0 
14.67 61.31 34.0 -1.0 1.09547088700836 40.527948980585606 0.061486373360445525 0.019353851293473442 1.5585422365635921 16.0 -1.0 -1.0 -1.0 -1.0 
14.67 61.31 34.0 -1.0 11.41452866824742 0.0 0.07030475489202759 0.017971433343939622 1.9430856690726408 4.0 -1.0 -1.0 -1.0 -1.0 
14.67 61.31 34.0 -1.0 186.219739 290.1818559662553 0.22878942329845037 0.017971433343939622 4.123901366633751 1.0 -1.0 -1.0 -1.0 -1.0 
14.67 61.31 34.0 -1.0 44.742729 59.203018919007974 2.5676803296885393 0.013824179495338174 105.29054211839865 8.0 105.29054163720124 8.0 44.74265248669933 59.20079086767465 
14.67 61.31 34.0 -1.0 2.929660865793 81.70887243454263 1.3552306068905193 0.10091651031596865 13.137044248766705 4.0 13.282084544730031 4.0 2.929785599311193 81.66673201745887 
14.67 61.31 34.0 -1.0 0.006858663496666889 61.16194233912221 1.0160163342901278 0.1354769590543141 0.9983867617965881 8.0 -1.0 -1.0 -1.0 -1.0 
14.67 61.31 34.0 -1.0 0.03772946719586941 145.09092798312764 9.198062783746261 0.05391430003181887 15.125673834037975 16.0 25.039465268638487 32.0 0.03774403012357652 151.7968996607042 
14.67 61.31 34.0 -1.0 0.9901324118402847 435.2727839493829 3.68770927554967 0.011059343596270537 497.39280815973666 32.0 497.7691787845667 32.0 0.990136565330128 435.2523102937926 
16.37 64.51 34.0 -1.0 0.11367691234295636 26.52723729532229 0.1669637776112178 0.015206597444871992 0.05727779168143303 1.0 -1.0 -1.0 -1.0 -1.0 
16.37 64.51 34.0 -1.0 5.4966921263 60.71131217123109 0.6556644971410935 0.026265941041142528 28.300893215198908 16.0 28.623101960052868 16.0 5.496682812614988 60.718759864281694 
16.37 64.51 34.0 -1.0 0.4777510029497 68.61514451248168 0.27513380503451645 0.024883523091608708 3.563715340638498 32.0 -1.0 -1.0 -1.0 -1.0 
16.37 64.51 34.0 -1.0 44.485070760068666 81.36007416274826 0.02281580642803688 0.03732528463741307 3.2737239556207722 4.0 -1.0 -1.0 -1.0 -1.0 
16.37 64.51 34.0 -1.0 1.76341893386 114.01278152253975 0.1222668520805993 0.017971433343939622 3.2712017283871297 32.0 -1.0 -1.0 -1.0 -1.0 
16.37 64.51 34.0 -1.0 0.013602334338438445 49.300154228550554 0.023085343105725825 0.1354769590543141 0.7748044192817308 4.0 -1.0 -1.0 -1.0 -1.0 
16.37 64.51 34.0 -1.0 0.2956639123189926 329.29341491735266 0.6097875004346693 0.013824179495338174 39.42739406148876 32.0 39.62186945736401 32.0 0.29567672754637897 329.5004701968353 
16.37 64.51 34.0 -1.0 1.065984 493.940122376029 0.6938796143074506 0.02073626924300726 50.65572962625555 16.0 51.346852118707574 32.0 1.0659884234579902 493.54231976350303 
16.37 64.51 34.0 -1.0 1.1738600935 0.0 3.338507492441885 0.024883523091608708 124.11725753944107 32.0 -1.0 -1.0 -1.0 -1.0 
16.37 64.51 34.0 -1.0 0.5836822286821135 164.64670745867633 2.974728571317075 0.013824179495338172 408.8417136810936 32.0 408.9822234362771 32.0 0.5836833831078063 164.75023509841765 
16.62 66.12 34.0 -1.0 1.336096688653 208.5414270857839 0.11000290147540624 0.035942866687879244 2.2654198086143746 1.0 -1.0 -1.0 -1.0 -1.0 
16.62 66.12 34.0 -1.0 2.2837880647 144.10212611627668 0.24245908610075242 0.03317803078881161 4.760923034392955 8.0 -1.0 -1.0 -1.0 -1.0 
16.62 66.12 34.0 -1.0 1.26225015937 70.33059628468062 0.1418453755649639 0.02073626924300726 2.3804645779129836 16.0 -1.0 -1.0 -1.0 -1.0 
16.62 66.12 34.0 -1.0 233.32170321379 79.08933622228355 0.11363328206185334 0.019353851293473442 1.9581576642026346 1.0 -1.0 -1.0 -1.0 -1.0 
16.62 66.12 34.0 -1.0 0.5255 44.52359468281487 0.08442919515616988 0.02350110514207489 -0.26441430175836916 1.0 -1.0 -1.0 -1.0 -1.0 
16.62 66.12 34.0 -1.0 0.012580122611253566 0.0 0.25412096979365767 0.03732528463741307 2.590643276764177 4.0 -1.0 -1.0 -1.0 -1.0 
16.62 66.12 34.0 -1.0 1.603391 173.76714411922944 0.027098377862687817 0.04423737438508215 0.9428955625393646 16.0 -1.0 -1.0 -1.0 -1.0 
16.62 66.12 34.0 -1.0 168.634064 521.3014323576883 0.025482417336644785 0.03317803078881161 0.5687678660095198 1.0 -1.0 -1.0 -1.0 -1.0 
16.62 66.12 34.0 -1.0 0.006199146970031603 55.680561031904304 1.1068898637285398 0.02764835899067634 2.3554084574978047 8.0 -1.0 -1.0 -1.0 -1.0 
16.62 66.12 34.0 -1.0 0.5038612089543385 347.5342882384589 9.351840469571144 0.03041319488974398 430.7879669469418 32.0 431.840363150505 32.0 0.5038600647822022 347.4125043567984 
20.11 62.51 34.0 -1.0 0.429668 48.37626860152272 0.0338028170801927 0.0483846282336836 1.694318363474053 1.0 -1.0 -1.0 -1.0 -1.0 
20.11 62.51 34.0 -1.0 106.11873496995 84.09752074142261 0.9084391234800805 0.017971433343939622 29.147862455653392 2.0 29.147862345103295 2.0 106.11887167518339 84.09548241203015 
20.11 62.51 34.0 -1.0 25.560636549613 173.71478270546794 0.17463215463497664 0.06359122567855559 1.6934522287548566 2.0 -1.0 -1.0 -1.0 -1.0 
20.11 62.51 34.0 -1.0 3.4084978564217754 19.117152527132355 0.881240624249482 0.022118687192541075 48.49306604937198 16.0 49.59010512397071 16.0 3.4084829773443444 19.126409357248733 
20.11 62.51 34.0 -1.0 0.215973948926 0.0 0.0627306442740827 0.04423737438508215 1.159388602312208 1.0 -1.0 -1.0 -1.0 -1.0 
20.11 62.51 34.0 -1.0 1.325432997714 149.57152434960594 0.06810567762203223 0.012441761545804354 2.0855125087278537 8.0 -1.0 -1.0 -1.0 -1.0 
20.11 62.51 34.0 -1.0 2.316946290122627 299.1430486992119 0.08519086722719439 0.031795612839277794 1.1876871635568285 4.0 -1.0 -1.0 -1.0 -1.0 
20.11 62.51 34.0 -1.0 2.012072 448.71457304881784 0.020231617380748478 0.02350110514207489 -0.37409218319739074 32.0 -1.0 -1.0 -1.0 -1.0 
20.11 62.51 34.0 -1.0 1.6386490568062 140.641211314631 1.3002037106569442 0.0027648358990676344 381.1281462364233 32.0 381.20677320228424 32.0 1.638636604184285 140.66512701891926 
20.11 62.51 34.0 -1.0 0.007908775426189804 72.42977506758596 6.277399637476767 0.022118687192541075 7.017615775041858 16.0 -1.0 -1.0 -1.0 -1.0 
213.13 88.91 34.0 -1.0 0.44917540327059197 13.848472385429675 1.5042420738058901 0.016589015394405805 393.1816236410372 32.0 394.31752719215007 32.0 0.449176695838105 13.965314768784792 
213.13 88.91 34.0 -1.0 0.14704050134079177 29.63038643193523 4.638383324356183 0.029030776940210157 360.46903172094295 32.0 366.53308576483136 32.0 0.14704255590913817 31.37135926321221 
213.13 88.91 34.0 -1.0 0.005526332034919469 5.72172979375301 2.867779491143187 0.18524400523753146 -0.7125285086383804 2.0 -1.0 -1.0 -1.0 -1.0 
213.13 88.91 34.0 -1.0 0.80517592894 94.48713678639929 1.177896444097934 0.052531882082285056 96.65690920618518 16.0 97.12306178671697 16.0 0.8051756594795735 94.21527572274375 
213.13 88.91 34.0 -1.0 0.02393848373238359 0.0 2.3946272691937414 0.016589015394405805 19.381186439842804 32.0 -1.0 -1.0 -1.0 -1.0 
213.13 88.91 34.0 -1.0 0.44917540327059197 13.848472385429675 1.5042420738058901 0.016589015394405805 393.1816236410372 32.0 394.31752719215007 32.0 0.449176695838105 13.965314768784792 
213.13 88.91 34.0 -1.0 0.14704050134079177 29.63038643193523 4.638383324356183 0.029030776940210157 360.46903172094295 32.0 366.53308576483136 32.0 0.14704255590913817 31.37135926321221 
213.13 88.91 34.0 -1.0 0.005526332034919469 5.72172979375301 2.867779491143187 0.18524400523753146 -0.7125285086383804 2.0 -1.0 -1.0 -1.0 -1.0 
213.13 88.91 34.0 -1.0 0.80517592894 94.48713678639929 1.177896444097934 0.052531882082285056 96.65690920618518 16.0 97.12306178671697 16.0 0.8051756594795735 94.21527572274375 
213.13 88.91 34.0 -1.0 0.02393848373238359 0.0 2.3946272691937414 0.016589015394405805 19.381186439842804 32.0 -1.0 -1.0 -1.0 -1.0 
213.13 88.91 34.0 -1.0 0.44917540327059197 13.848472385429675 1.5042420738058901 0.016589015394405805 393.1816236410372 32.0 394.31752719215007 32.0 0.449176695838105 13.965314768784792 
213.13 88.91 34.0 -1.0 0.14704050134079177 29.63038643193523 4.638383324356183 0.029030776940210157 360.46903172094295 32.0 366.53308576483136 32.0 0.14704255590913817 31.37135926321221 
213.13 88.91 34.0 -1.0 0.005526332034919469 5.72172979375301 2.867779491143187 0.18524400523753146 -0.7125285086383804 2.0 -1.0 -1.0 -1.0 -1.0 
213.13 88.91 34.0 -1.0 0.80517592894 94.48713678639929 1.177896444097934 0.052531882082285056 96.65690920618518 16.0 97.12306178671697 16.0 0.8051756594795735 94.21527572274375 
213.13 88.91 34.0 -1.0 0.02393848373238359 0.0 2.3946272691937414 0.016589015394405805 19.381186439842804 32.0 -1.0 -1.0 -1.0 -1.0 
14.67 61.31 34.0 -1.0 0.65432390165 142.08724540561914 0.03929700353651379 0.056679135930886505 0.8391806853262265 16.0 -1.0 -1.0 -1.0 -1.0 
14.67 61.31 34.0 -1.0 111.01410225980808 30.210952301317306 0.03465404822246212 0.008294507697202903 1.5707036899403 1.0 -1.0 -1.0 -1.0 -1.0 
14.67 61.31 34.0 -1.0 1.09547088700836 40.527948980585606 0.061486373360445525 0.019353851293473442 1.5585422365635921 16.0 -1.0 -1.0 -1.0 -1.0 
14.67 61.31 34.0 -1.0 11.41452866824742 0.0 0.07030475489202759 0.017971433343939622 1.9430856690726408 4.0 -1.0 -1.0 -1.0 -1.0 
14.67 61.31 34.0 -1.0 186.219739 290.1818559662553 0.22878942329845037 0.017971433343939622 4.123901366633751 1.0 -1.0 -1.0 -1.0 -1.0 
14.67 61.31 34.0 -1.0 44.742729 59.203018919007974 2.5676803296885393 0.013824179495338174 105.29054211839865 8.0 105.29054163720124 8.0 44.74265248669933 59.20079086767465 
14.67 61.31 34.0 -1.0 2.929660865793 81.70887243454263 1.3552306068905193 0.10091651031596865 13.137044248766705 4.0 13.282084544730031 4.0 2.929785599311193 81.66673201745887 
14.67 61.31 34.0 -1.0 0.006858663496666889 61.16194233912221 1.0160163342901278 0.1354769590543141 0.9983867617965881 8.0 -1.0 -1.0 -1.0 -1.0 
14.67 61.31 34.0 -1.0 0.03772946719586941 145.09092798312764 9.198062783746261 0.05391430003181887 15.125673834037975 16.0 25.039465268638487 32.0 0.03774403012357652 151.7968996607042 
14.67 61.31 34.0 -1.0 0.9901324118402847 435.2727839493829 3.68770927554967 0.011059343596270537 497.39280815973666 32.0 497.7691787845667 32.0 0.990136565330128 435.2523102937926 
16.37 64.51 34.0 -1.0 0.11367691234295636 26.52723729532229 0.1669637776112178 0.015206597444871992 0.05727779168143303 1.0 -1.0 -1.0 -1.0 -1.0 
16.37 64.51 34.0 -1.0 5.4966921263 60.71131217123109 0.6556644971410935 0.026265941041142528 28.300893215198908 16.0 28.623101960052868 16.0 5.496682812614988 60.718759864281694 
16.37 64.51 34.0 -1.0 0.4777510029497 68.61514451248168 0.27513380503451645 0.024883523091608708 3.563715340638498 32.0 -1.0 -1.0 -1.0 -1.0 
16.37 64.51 34.0 -1.0 44.485070760068666 81.36007416274826 0.02281580642803688 0.03732528463741307 3.2737239556207722 4.0 -1.0 -1.0 -1.0 -1.0 
16.37 64.51 34.0 -1.0 1.76341893386 114.01278152253975 0.1222668520805993 0.017971433343939622 3.2712017283871297 32.0 -1.0 -1.0 -1.0 -1.0 
16.37 64.51 34.0 -1.0 0.013602334338438445 49.300154228550554 0.023085343105725825 0.1354769590543141 0.7748044192817308 4.0 -1.0 -1.0 -1.0 -1.0 
16.37 64.51 34.0 -1.0 0.2956639123189926 329.29341491735266 0.6097875004346693 0.013824179495338174 39.42739406148876 32.0 39.62186945736401 32.0 0.29567672754637897 329.5004701968353 
16.37 64.51 34.0 -1.0 1.065984 493.940122376029 0.6938796143074506 0.02073626924300726 50.65572962625555 16.0 51.346852118707574 32.0 1.0659884234579902 493.54231976350303 
16.37 64.51 34.0 -1.0 1.1738600935 0.0 3.338507492441885 0.024883523091608708 124.11725753944107 32.0 -1.0 -1.0 -1.0 -1.0 
16.37 64.51 34.0 -1.0 0.5836822286821135 164.64670745867633 2.974728571317075 0.013824179495338172 408.8417136810936 32.0 408.9822234362771 32.0 0.5836833831078063 164.75023509841765 
16.62 66.12 34.0 -1.0 1.336096688653 208.5414270857839 0.11000290147540624 0.035942866687879244 2.2654198086143746 1.0 -1.0 -1.0 -1.0 -1.0 
16.62 66.12 34.0 -1.0 2.2837880647 144.10212611627668 0.24245908610075242 0.03317803078881161 4.760923034392955 8.0 -1.0 -1.0 -1.0 -1.0 
16.62 66.12 34.0 -1.0 1.26225015937 70.33059628468062 0.1418453755649639 0.02073626924300726 2.3804645779129836 16.0 -1.0 -1.0 -1.0 -1.0 
16.62 66.12 34.0 -1.0 233.32170321379 79.08933622228355 0.11363328206185334 0.019353851293473442 1.9581576642026346 1.0 -1.0 -1.0 -1.0 -1.0 
16.62 66.12 34.0 -1.0 0.5255 44.52359468281487 0.08442919515616988 0.02350110514207489 -0.26441430175836916 1.0 -1.0 -1.0 -1.0 -1.0 
16.62 66.12 34.0 -1.0 0.012580122611253566 0.0 0.25412096979365767 0.03732528463741307 2.590643276764177 4.0 -1.0 -1.0 -1.0 -1.0 
16.62 66.12 34.0 -1.0 1.603391 173.76714411922944 0.027098377862687817 0.04423737438508215 0.9428955625393646 16.0 -1.0 -1.0 -1.0 -1.0 
16.62 66.12 34.0 -1.0 168.634064 521.3014323576883 0.025482417336644785 0.03317803078881161 0.5687678660095198 1.0 -1.0 -1.0 -1.0 -1.0 
16.62 66.12 34.0 -1.0 0.006199146970031603 55.680561031904304 1.1068898637285398 0.02764835899067634 2.3554084574978047 8.0 -1.0 -1.0 -1.0 -1.0 
16.62 66.12 34.0 -1.0 0.5038612089543385 347.5342882384589 9.351840469571144 0.03041319488974398 430.7879669469418 32.0 431.840363150505 32.0 0.5038600647822022 347.4125043567984 
17.41 66.12 34.0 -1.0 150.34910263393007 36.7472105470136 0.6838856615578884 0.022118687192541075 11.137996448961637 1.0 11.137996658446106 1.0 150.34941801180443 36.73484971789043 
17.41 66.12 34.0 -1.0 2.001221096605 104.06562986843348 0.14461589230674415 0.011059343596270537 3.086665655746435 32.0 8.088898784836498 32.0 2.0012218252910925 104.23387110035024 
17.41 66.12 34.0 -1.0 0.002904191233120469 67.73015277292703 0.4581061230619874 0.017971433343939622 8.059261441484539 1.0 -1.0 -1.0 -1.0 -1.0 
17.41 66.12 34.0 -1.0 2.0371997464197475 85.12589109910434 0.07863023234283902 0.02350110514207489 1.6387977473209623 16.0 -1.0 -1.0 -1.0 -1.0 
17.41 66.12 34.0 -1.0 267.03957629533625 76.1706885288237 0.4791461984531407 0.019353851293473442 6.084687306633911 1.0 -1.0 -1.0 -1.0 -1.0 
17.41 66.12 34.0 -1.0 0.42423 171.53844923416852 0.08501448911019828 0.03456044873834543 1.590098004493845 1.0 -1.0 -1.0 -1.0 -1.0 
17.41 66.12 34.0 -1.0 2.862213 343.07689846833705 0.40175417261727275 0.016589015394405805 19.983284489107067 32.0 20.42506508101267 32.0 2.8622101429694644 343.06099323319154 
17.41 66.12 34.0 -1.0 0.0013921866951902594 514.6153477025056 0.4732248113273929 0.012441761545804352 13.71971793165426 2.0 -1.0 -1.0 -1.0 -1.0 
20.11 62.51 34.0 -1.0 0.429668 48.37626860152272 0.0338028170801927 0.0483846282336836 1.694318363474053 1.0 -1.0 -1.0 -1.0 -1.0 
20.11 62.51 34.0 -1.0 106.11873496995 84.09752074142261 0.9084391234800805 0.017971433343939622 29.147862455653392 2.0 29.147862345103295 2.0 106.11887167518339 84.09548241203015 
20.11 62.51 34.0 -1.0 25.560636549613 173.71478270546794 0.17463215463497664 0.06359122567855559 1.6934522287548566 2.0 -1.0 -1.0 -1.0 -1.0 
20.11 62.51 34.0 -1.0 3.4084978564217754 19.117152527132355 0.881240624249482 0.022118687192541075 48.49306604937198 16.0 49.59010512397071 16.0 3.4084829773443444 19.126409357248733 
20.11 62.51 34.0 -1.0 0.215973948926 0.0 0.0627306442740827 0.04423737438508215 1.159388602312208 1.0 -1.0 -1.0 -1.0 -1.0 
20.11 62.51 34.0 -1.0 1.325432997714 149.57152434960594 0.06810567762203223 0.012441761545804354 2.0855125087278537 8.0 -1.0 -1.0 -1.0 -1.0 
20.11 62.51 34.0 -1.0 2.316946290122627 299.1430486992119 0.08519086722719439 0.031795612839277794 1.1876871635568285 4.0 -1.0 -1.0 -1.0 -1.0 
20.11 62.51 34.0 -1.0 2.012072 448.71457304881784 0.020231617380748478 0.02350110514207489 -0.37409218319739074 32.0 -1.0 -1.0 -1.0 -1.0 
20.11 62.51 34.0 -1.0 1.6386490568062 140.641211314631 1.3002037106569442 0.0027648358990676344 381.1281462364233 32.0 381.20677320228424 32.0 1.638636604184285 140.66512701891926 
20.11 62.51 34.0 -1.0 0.007908775426189804 72.42977506758596 6.277399637476767 0.022118687192541075 7.017615775041858 16.0 -1.0 -1.0 -1.0 -1.0 
213.13 88.91 34.0 -1.0 0.44917540327059197 13.848472385429675 1.5042420738058901 0.016589015394405805 393.1816236410372 32.0 394.31752719215007 32.0 0.449176695838105 13.965314768784792 
213.13 88.91 34.0 -1.0 0.14704050134079177 29.63038643193523 4.638383324356183 0.029030776940210157 360.46903172094295 32.0 366.53308576483136 32.0 0.14704255590913817 31.37135926321221 
213.13 88.91 34.0 -1.0 0.005526332034919469 5.72172979375301 2.867779491143187 0.18524400523753146 -0.7125285086383804 2.0 -1.0 -1.0 -1.0 -1.0 
213.13 88.91 34.0 -1.0 0.80517592894 94.48713678639929 1.177896444097934 0.052531882082285056 96.65690920618518 16.0 97.12306178671697 16.0 0.8051756594795735 94.21527572274375 
213.13 88.91 34.0 -1.0 0.02393848373238359 0.0 2.3946272691937414 0.016589015394405805 19.381186439842804 32.0 -1.0 -1.0 -1.0 -1.0 
213.13 88.91 34.0 -1.0 0.44917540327059197 13.848472385429675 1.5042420738058901 0.016589015394405805 393.1816236410372 32.0 394.31752719215007 32.0 0.449176695838105 13.965314768784792 
213.13 88.91 34.0 -1.0 0.14704050134079177 29.63038643193523 4.638383324356183 0.029030776940210157 360.46903172094295 32.0 366.53308576483136 32.0 0.14704255590913817 31.37135926321221 
213.13 88.91 34.0 -1.0 0.005526332034919469 5.72172979375301 2.867779491143187 0.18524400523753146 -0.7125285086383804 2.0 -1.0 -1.0 -1.0 -1.0 
213.13 88.91 34.0 -1.0 0.80517592894 94.48713678639929 1.177896444097934 0.052531882082285056 96.65690920618518 16.0 97.12306178671697 16.0 0.8051756594795735 94.21527572274375 
213.13 88.91 34.0 -1.0 0.02393848373238359 0.0 2.3946272691937414 0.016589015394405805 19.381186439842804 32.0 -1.0 -1.0 -1.0 -1.0 
213.13 88.91 34.0 -1.0 0.44917540327059197 13.848472385429675 1.5042420738058901 0.016589015394405805 393.1816236410372 32.0 394.31752719215007 32.0 0.449176695838105 13.965314768784792 
213.13 88.91 34.0 -1.0 0.14704050134079177 29.63038643193523 4.638383324356183 0.029030776940210157 360.46903172094295 32.0 366.53308576483136 32.0 0.14704255590913817 31.37135926321221 
213.13 88.91 34.0 -1.0 0.005526332034919469 5.72172979375301 2.867779491143187 0.18524400523753146 -0.7125285086383804 2.0 -1.0 -1.0 -1.0 -1.0 
213.13 88.91 34.0 -1.0 0.80517592894 94.48713678639929 1.177896444097934 0.052531882082285056 96.65690920618518 16.0 97.12306178671697 16.0 0.8051756594795735 94.21527572274375 
213.13 88.91 34.0 -1.0 0.02393848373238359 0.0 2.3946272691937414 0.016589015394405805 19.381186439842804 32.0 -1.0 -1.0 -1.0 -1.0 
14.67 61.31 34.0 -1.0 0.65432390165 142.08724540561914 0.03929700353651379 0.056679135930886505 0.8391806853262265 16.0 -1.0 -1.0 -1.0 -1.0 
14.67 61.31 34.0 -1.0 111.01410225980808 30.210952301317306 0.03465404822246212 0.008294507697202903 1.5707036899403 1.0 -1.0 -1.0 -1.0 -1.0 
14.67 61.31 34.0 -1.0 1.09547088700836 40.527948980585606 0.061486373360445525 0.019353851293473442 1.5585422365635921 16.0 -1.0 -1.0 -1.0 -1.0 
14.67 61.31 34.0 -1.0 11.41452866824742 0.0 0.07030475489202759 0.017971433343939622 1.9430856690726408 4.0 -1.0 -1.0 -1.0 -1.0 
14.67 61.31 34.0 -1.0 186.219739 290.1818559662553 0.22878942329845037 0.017971433343939622 4.123901366633751 1.0 -1.0 -1.0 -1.0 -1.0 
14.67 61.31 34.0 -1.0 44.742729 59.203018919007974 2.5676803296885393 0.013824179495338174 105.29054211839865 8.0 105.29054163720124 8.0 44.74265248669933 59.20079086767465 
14.67 61.31 34.0 -1.0 2.929660865793 81.70887243454263 1.3552306068905193 0.10091651031596865 13.137044248766705 4.0 13.282084544730031 4.0 2.929785599311193 81.66673201745887 
14.67 61.31 34.0 -1.0 0.006858663496666889 61.16194233912221 1.0160163342901278 0.1354769590543141 0.9983867617965881 8.0 -1.0 -1.0 -1.0 -1.0 
14.67 61.31 34.0 -1.0 0.03772946719586941 145.09092798312764 9.198062783746261 0.05391430003181887 15.125673834037975 16.0 25.039465268638487 32.0 0.03774403012357652 151.7968996607042 
14.67 61.31 34.0 -1.0 0.9901324118402847 435.2727839493829 3.68770927554967 0.011059343596270537 497.39280815973666 32.0 497.7691787845667 32.0 0.990136565330128 435.2523102937926 
16.37 64.51 34.0 -1.0 0.11367691234295636 26.52723729532229 0.1669637776112178 0.015206597444871992 0.05727779168143303 1.0 -1.0 -1.0 -1.0 -1.0 
16.37 64.51 34.0 -1.0 5.4966921263 60.71131217123109 0.6556644971410935 0.026265941041142528 28.300893215198908 16.0 28.623101960052868 16.0 5.496682812614988 60.718759864281694 
16.37 64.51 34.0 -1.0 0.4777510029497 68.61514451248168 0.27513380503451645 0.024883523091608708 3.563715340638498 32.0 -1.0 -1.0 -1.0 -1.0 
16.37 64.51 34.0 -1.0 44.485070760068666 81.36007416274826 0.02281580642803688 0.03732528463741307 3.2737239556207722 4.0 -1.0 -1.0 -1.0 -1.0 
16.37 64.51 34.0 -1.0 1.76341893386 114.01278152253975 0.1222668520805993 0.017971433343939622 3.2712017283871297 32.0 -1.0 -1.0 -1.0 -1.0 
16.37 64.51 34.0 -1.0 0.013602334338438445 49.300154228550554 0.023085343105725825 0.1354769590543141 0.7748044192817308 4.0 -1.0 -1.0 -1.0 -1.0 
16.37 64.51 34.0 -1.0 0.2956639123189926 329.29341491735266 0.6097875004346693 0.013824179495338174 39.42739406148876 32.0 39.62186945736401 32.0 0.29567672754637897 329.5004701968353 
16.37 64.51 34.0 -1.0 1.065984 493.940122376029 0.6938796143074506 0.02073626924300726 50.65572962625555 16.0 51.346852118707574 32.0 1.0659884234579902 493.54231976350303 
16.37 64.51 34.0 -1.0 1.1738600935 0.0 3.338507492441885 0.024883523091608708 124.11725753944107 32.0 -1.0 -1.0 -1.0 -1.0 
16.37 64.51 34.0 -1.0 0.5836822286821135 164.64670745867633 2.974728571317075 0.013824179495338172 408.8417136810936 32.0 408.9822234362771 32.0 0.5836833831078063 164.75023509841765 
16.62 66.12 34.0 -1.0 1.336096688653 208.5414270857839 0.11000290147540624 0.035942866687879244 2.2654198086143746 1.0 -1.0 -1.0 -1.0 -1.0 
16.62 66.12 34.0 -1.0 2.2837880647 144.10212611627668 0.24245908610075242 0.03317803078881161 4.760923034392955 8.0 -1.0 -1.0 -1.0 -1.0 
16.62 66.12 34.0 -1.0 1.26225015937 70.33059628468062 0.1418453755649639 0.02073626924300726 2.3804645779129836 16.0 -1.0 -1.0 -1.0 -1.0 
16.62 66.12 34.0 -1.0 233.32170321379 79.08933622228355 0.11363328206185334 0.019353851293473442 1.9581576642026346 1.0 -1.0 -1.0 -1.0 -1.0 
16.62 66.12 34.0 -1.0 0.5255 44.52359468281487 0.08442919515616988 0.02350110514207489 -0.26441430175836916 1.0 -1.0 -1.0 -1.0 -1.0 
16.62 66.12 34.0 -1.0 0.012580122611253566 0.0 0.25412096979365767 0.03732528463741307 2.590643276764177 4.0 -1.0 -1.0 -1.0 -1.0 
16.62 66.12 34.0 -1.0 1.603391 173.76714411922944 0.027098377862687817 0.04423737438508215 0.9428955625393646 16.0 -1.0 -1.0 -1.0 -1.0 
16.62 66.12 34.0 -1.0 168.634064 521.3014323576883 0.025482417336644785 0.03317803078881161 0.5687678660095198 1.0 -1.0 -1.0 -1.0 -1.0 
16.62 66.12 34.0 -1.0 0.006199146970031603 55.680561031904304 1.1068898637285398 0.02764835899067634 2.3554084574978047 8.0 -1.0 -1.0 -1.0 -1.0 
16.62 66.12 34.0 -1.0 0.5038612089543385 347.5342882384589 9.351840469571144 0.03041319488974398 430.7879669469418 32.0 431.840363150505 32.0 0.5038600647822022 347.4125043567984 
17.41 66.12 34.0 -1.0 150.34910263393007 36.7472105470136 0.6838856615578884 0.022118687192541075 11.137996448961637 1.0 11.137996658446106 1.0 150.34941801180443 36.73484971789043 
17.41 66.12 34.0 -1.0 2.001221096605 104.06562986843348 0.14461589230674415 0.011059343596270537 3.086665655746435 32.0 8.088898784836498 32.0 2.0012218252910925 104.23387110035024 
17.41 66.12 34.0 -1.0 0.002904191233120469 67.73015277292703 0.4581061230619874 0.017971433343939622 8.059261441484539 1.0 -1.0 -1.0 -1.0 -1.0 
17.41 66.12 34.0 -1.0 2.0371997464197475 85.12589109910434 0.07863023234283902 0.02350110514207489 1.6387977473209623 16.0 -1.0 -1.0 -1.0 -1.0 
17.41 66.12 34.0 -1.0 267.03957629533625 76.1706885288237 0.4791461984531407 0.019353851293473442 6.084687306633911 1.0 -1.0 -1.0 -1.0 -1.0 
17.41 66.12 34.0 -1.0 0.42423 171.53844923416852 0.08501448911019828 0.03456044873834543 1.590098004493845 1.0 -1.0 -1.0 -1.0 -1.0 
17.41 66.12 34.0 -1.0 2.862213 343.07689846833705 0.40175417261727275 0.016589015394405805 19.983284489107067 32.0 20.42506508101267 32.0 2.8622101429694644 343.06099323319154 
17.41 66.12 34.0 -1.0 0.0013921866951902594 514.6153477025056 0.4732248113273929 0.012441761545804352 13.71971793165426 2.0 -1.0 -1.0 -1.0 -1.0 
17.41 66.12 34.0 -1.0 0.1013391625248739 113.38109920878286 1.302001429772467 0.017971433343939622 25.27198657621914 32.0 -1.0 -1.0 -1.0 -1.0 
17.41 66.12 34.0 -1.0 0.1611955102003513 0.0 2.0641035137348442 0.009676925646736721 67.04447483852309 32.0 -1.0 -1.0 -1.0 -1.0 
20.11 62.51 34.0 -1.0 0.429668 48.37626860152272 0.0338028170801927 0.0483846282336836 1.694318363474053 1.0 -1.0 -1.0 -1.0 -1.0 
20.11 62.51 34.0 -1.0 106.11873496995 84.09752074142261 0.9084391234800805 0.017971433343939622 29.147862455653392 2.0 29.147862345103295 2.0 106.11887167518339 84.09548241203015 
20.11 62.51 34.0 -1.0 25.560636549613 173.71478270546794 0.17463215463497664 0.06359122567855559 1.6934522287548566 2.0 -1.0 -1.0 -1.0 -1.0 
20.11 62.51 34.0 -1.0 3.4084978564217754 19.117152527132355 0.881240624249482 0.022118687192541075 48.49306604937198 16.0 49.59010512397071 16.0 3.4084829773443444 19.126409357248733 
20.11 62.51 34.0 -1.0 0.215973948926 0.0 0.0627306442740827 0.04423737438508215 1.159388602312208 1.0 -1.0 -1.0 -1.0 -1.0 
20.11 62.51 34.0 -1.0 1.325432997714 149.57152434960594 0.06810567762203223 0.012441761545804354 2.0855125087278537 8.0 -1.0 -1.0 -1.0 -1.0 
20.11 62.51 34.0 -1.0 2.316946290122627 299.1430486992119 0.08519086722719439 0.031795612839277794 1.1876871635568285 4.0 -1.0 -1.0 -1.0 -1.0 
20.11 62.51 34.0 -1.0 2.012072 448.71457304881784 0.020231617380748478 0.02350110514207489 -0.37409218319739074 32.0 -1.0 -1.0 -1.0 -1.0 
20.11 62.51 34.0 -1.0 1.6386490568062 140.641211314631 1.3002037106569442 0.0027648358990676344 381.1281462364233 32.0 381.20677320228424 32.0 1.638636604184285 140.66512701891926 
20.11 62.51 34.0 -1.0 0.007908775426189804 72.42977506758596 6.277399637476767 0.022118687192541075 7.017615775041858 16.0 -1.0 -1.0 -1.0 -1.0 
213.13 88.91 34.0 -1.0 0.44917540327059197 13.848472385429675 1.5042420738058901 0.016589015394405805 393.1816236410372 32.0 394.31752719215007 32.0 0.449176695838105 13.965314768784792 
213.13 88.91 34.0 -1.0 0.14704050134079177 29.63038643193523 4.638383324356183 0.029030776940210157 360.46903172094295 32.0 366.53308576483136 32.0 0.14704255590913817 31.37135926321221 
213.13 88.91 34.0 -1.0 0.005526332034919469 5.72172979375301 2.867779491143187 0.18524400523753146 -0.7125285086383804 2.0 -1.0 -1.0 -1.0 -1.0 
213.13 88.91 34.0 -1.0 0.80517592894 94.48713678639929 1.177896444097934 0.052531882082285056 96.65690920618518 16.0 97.12306178671697 16.0 0.8051756594795735 94.21527572274375 
213.13 88.91 34.0 -1.0 0.02393848373238359 0.0 2.3946272691937414 0.016589015394405805 19.381186439842804 32.0 -1.0 -1.0 -1.0 -1.0 
213.13 88.91 34.0 -1.0 0.44917540327059197 13.848472385429675 1.5042420738058901 0.016589015394405805 393.1816236410372 32.0 394.31752719215007 32.0 0.449176695838105 13.965314768784792 
213.13 88.91 34.0 -1.0 0.14704050134079177 29.63038643193523 4.638383324356183 0.029030776940210157 360.46903172094295 32.0 366.53308576483136 32.0 0.14704255590913817 31.37135926321221 
213.13 88.91 34.0 -1.0 0.005526332034919469 5.72172979375301 2.867779491143187 0.18524400523753146 -0.7125285086383804 2.0 -1.0 -1.0 -1.0 -1.0 
213.13 88.91 34.0 -1.0 0.80517592894 94.48713678639929 1.177896444097934 0.052531882082285056 96.65690920618518 16.0 97.12306178671697 16.0 0.8051756594795735 94.21527572274375 
213.13 88.91 34.0 -1.0 0.02393848373238359 0.0 2.3946272691937414 0.016589015394405805 19.381186439842804 32.0 -1.0 -1.0 -1.0 -1.0 
213.13 88.91 34.0 -1.0 0.44917540327059197 13.848472385429675 1.5042420738058901 0.016589015394405805 393.1816236410372 32.0 394.31752719215007 32.0 0.449176695838105 13.965314768784792 
213.13 88.91 34.0 -1.0 0.14704050134079177 29.63038643193523 4.638383324356183 0.029030776940210157 360.46903172094295 32.0 366.53308576483136 32.0 0.14704255590913817 31.37135926321221 
213.13 88.91 34.0 -1.0 0.005526332034919469 5.72172979375301 2.867779491143187 0.18524400523753146 -0.7125285086383804 2.0 -1.0 -1.0 -1.0 -1.0 
213.13 88.91 34.0 -1.0 0.80517592894 94.48713678639929 1.177896444097934 0.052531882082285056 96.65690920618518 16.0 97.12306178671697 16.0 0.8051756594795735 94.21527572274375 
213.13 88.91 34.0 -1.0 0.02393848373238359 0.0 2.3946272691937414 0.016589015394405805 19.381186439842804 32.0 -1.0 -1.0 -1.0 -1.0 
14.67 61.31 34.0 -1.0 0.65432390165 142.08724540561914 0.03929700353651379 0.056679135930886505 0.8391806853262265 16.0 -1.0 -1.0 -1.0 -1.0 
14.67 61.31 34.0 -1.0 111.01410225980808 30.210952301317306 0.03465404822246212 0.008294507697202903 1.5707036899403 1.0 -1.0 -1.0 -1.0 -1.0 
14.67 61.31 34.0 -1.0 1.09547088700836 40.527948980585606 0.061486373360445525 0.019353851293473442 1.5585422365635921 16.0 -1.0 -1.0 -1.0 -1.0 
14.67 61.31 34.0 -1.0 11.41452866824742 0.0 0.07030475489202759 0.017971433343939622 1.9430856690726408 4.0 -1.0 -1.0 -1.0 -1.0 
14.67 61.31 34.0 -1.0 186.219739 290.1818559662553 0.22878942329845037 0.017971433343939622 4.123901366633751 1.0 -1.0 -1.0 -1.0 -1.0 
14.67 61.31 34.0 -1.0 44.742729 59.203018919007974 2.5676803296885393 0.013824179495338174 105.29054211839865 8.0 105.29054163720124 8.0 44.74265248669933 59.20079086767465 
14.67 61.31 34.0 -1.0 2.929660865793 81.70887243454263 1.3552306068905193 0.10091651031596865 13.137044248766705 4.0 13.282084544730031 4.0 2.929785599311193 81.66673201745887 
14.67 61.31 34.0 -1.0 0.006858663496666889 61.16194233912221 1.0160163342901278 0.1354769590543141 0.9983867617965881 8.0 -1.0 -1.0 -1.0 -1.0 
14.67 61.31 34.0 -1.0 0.03772946719586941 145.09092798312764 9.198062783746261 0.05391430003181887 15.125673834037975 16.0 25.039465268638487 32.0 0.03774403012357652 151.7968996607042 
14.67 61.31 34.0 -1.0 0.9901324118402847 435.2727839493829 3.68770927554967 0.011059343596270537 497.39280815973666 32.0 497.7691787845667 32.0 0.990136565330128 435.2523102937926 
16.37 64.51 34.0 -1.0 0.11367691234295636 26.52723729532229 0.1669637776112178 0.015206597444871992 0.05727779168143303 1.0 -1.0 -1.0 -1.0 -1.0 
16.37 64.51 34.0 -1.0 5.4966921263 60.71131217123109 0.6556644971410935 0.026265941041142528 28.300893215198908 16.0 28.623101960052868 16.0 5.496682812614988 60.718759864281694 
16.37 64.51 34.0 -1.0 0.4777510029497 68.61514451248168 0.27513380503451645 0.024883523091608708 3.563715340638498 32.0 -1.0 -1.0 -1.0 -1.0 
16.37 64.51 34.0 -1.0 44.485070760068666 81.36007416274826 0.02281580642803688 0.03732528463741307 3.2737239556207722 4.0 -1.0 -1.0 -1.0 -1.0 
16.37 64.51 34.0 -1.0 1.76341893386 114.01278152253975 0.1222668520805993 0.017971433343939622 3.2712017283871297 32.0 -1.0 -1.0 -1.0 -1.0 
16.37 64.51 34.0 -1.0 0.013602334338438445 49.300154228550554 0.023085343105725825 0.1354769590543141 0.7748044192817308 4.0 -1.0 -1.0 -1.0 -1.0 
16.37 64.51 34.0 -1.0 0.2956639123189926 329.29341491735266 0.6097875004346693 0.013824179495338174 39.42739406148876 32.0 39.62186945736401 32.0 0.29567672754637897 329.5004701968353 
16.37 64.51 34.0 -1.0 1.065984 493.940122376029 0.6938796143074506 0.02073626924300726 50.65572962625555 16.0 51.346852118707574 32.0 1.0659884234579902 493.54231976350303 
16.37 64.51 34.0 -1.0 1.1738600935 0.0 3.338507492441885 0.024883523091608708 124.11725753944107 32.0 -1.0 -1.0 -1.0 -1.0 
16.37 64.51 34.0 -1.0 0.5836822286821135 164.64670745867633 2.974728571317075 0.013824179495338172 408.8417136810936 32.0 408.9822234362771 32.0 0.5836833831078063 164.75023509841765 
16.62 66.12 34.0 -1.0 1.336096688653 208.5414270857839 0.11000290147540624 0.035942866687879244 2.2654198086143746 1.0 -1.0 -1.0 -1.0 -1.0 
16.62 66.12 34.0 -1.0 2.2837880647 144.10212611627668 0.24245908610075242 0.03317803078881161 4.760923034392955 8.0 -1.0 -1.0 -1.0 -1.0 
16.62 66.12 34.0 -1.0 1.26225015937 70.33059628468062 0.1418453755649639 0.02073626924300726 2.3804645779129836 16.0 -1.0 -1.0 -1.0 -1.0 
16.62 66.12 34.0 -1.0 233.32170321379 79.08933622228355 0.11363328206185334 0.019353851293473442 1.9581576642026346 1.0 -1.0 -1.0 -1.0 -1.0 
16.62 66.12 34.0 -1.0 0.5255 44.52359468281487 0.08442919515616988 0.02350110514207489 -0.26441430175836916 1.0 -1.0 -1.0 -1.0 -1.0 
16.62 66.12 34.0 -1.0 0.012580122611253566 0.0 0.25412096979365767 0.03732528463741307 2.590643276764177 4.0 -1.0 -1.0 -1.0 -1.0 
16.62 66.12 34.0 -1.0 1.603391 173.76714411922944 0.027098377862687817 0.04423737438508215 0.9428955625393646 16.0 -1.0 -1.0 -1.0 -1.0 
16.62 66.12 34.0 -1.0 168.634064 521.3014323576883 0.025482417336644785 0.03317803078881161 0.5687678660095198 1.0 -1.0 -1.0 -1.0 -1.0 
16.62 66.12 34.0 -1.0 0.006199146970031603 55.680561031904304 1.1068898637285398 0.02764835899067634 2.3554084574978047 8.0 -1.0 -1.0 -1.0 -1.0 
16.62 66.12 34.0 -1.0 0.5038612089543385 347.5342882384589 9.351840469571144 0.03041319488974398 430.7879669469418 32.0 431.840363150505 32.0 0.5038600647822022 347.4125043567984 
17.41 66.12 34.0 -1.0 150.34910263393007 36.7472105470136 0.6838856615578884 0.022118687192541075 11.137996448961637 1.0 11.137996658446106 1.0 150.34941801180443 36.73484971789043 
17.41 66.12 34.0 -1.0 2.001221096605 104.06562986843348 0.14461589230674415 0.011059343596270537 3.086665655746435 32.0 8.088898784836498 32.0 2.0012218252910925 104.23387110035024 
17.41 66.12 34.0 -1.0 0.002904191233120469 67.73015277292703 0.4581061230619874 0.017971433343939622 8.059261441484539 1.0 -1.0 -1.0 -1.0 -1.0 
17.41 66.12 34.0 -1.0 2.0371997464197475 85.12589109910434 0.07863023234283902 0.02350110514207489 1.6387977473209623 16.0 -1.0 -1.0 -1.0 -1.0 
17.41 66.12 34.0 -1.0 267.03957629533625 76.1706885288237 0.4791461984531407 0.019353851293473442 6.084687306633911 1.0 -1.0 -1.0 -1.0 -1.0 
17.41 66.12 34.0 -1.0 0.42423 171.53844923416852 0.08501448911019828 0.03456044873834543 1.590098004493845 1.0 -1.0 -1.0 -1.0 -1.0 
17.41 66.12 34.0 -1.0 2.862213 343.07689846833705 0.40175417261727275 0.016589015394405805 19.983284489107067 32.0 20.42506508101267 32.0 2.8622101429694644 343.06099323319154 
17.41 66.12 34.0 -1.0 0.0013921866951902594 514.6153477025056 0.4732248113273929 0.012441761545804352 13.71971793165426 2.0 -1.0 -1.0 -1.0 -1.0 
17.41 66.12 34.0 -1.0 0.1013391625248739 113.38109920878286 1.302001429772467 0.017971433343939622 25.27198657621914 32.0 -1.0 -1.0 -1.0 -1.0 
17.41 66.12 34.0 -1.0 0.1611955102003513 0.0 2.0641035137348442 0.009676925646736721 67.04447483852309 32.0 -1.0 -1.0 -1.0 -1.0 
20.11 62.51 34.0 -1.0 0.429668 48.37626860152272 0.0338028170801927 0.0483846282336836 1.694318363474053 1.0 -1.0 -1.0 -1.0 -1.0 
20.11 62.51 34.0 -1.0 106.11873496995 84.09752074142261 0.9084391234800805 0.017971433343939622 29.147862455653392 2.0 29.147862345103295 2.0 106.11887167518339 84.09548241203015 
20.11 62.51 34.0 -1.0 25.560636549613 173.71478270546794 0.17463215463497664 0.06359122567855559 1.6934522287548566 2.0 -1.0 -1.0 -1.0 -1.0 
20.11 62.51 34.0 -1.0 3.4084978564217754 19.117152527132355 0.881240624249482 0.022118687192541075 48.49306604937198 16.0 49.59010512397071 16.0 3.4084829773443444 19.126409357248733 
20.11 62.51 34.0 -1.0 0.215973948926 0.0 0.0627306442740827 0.04423737438508215 1.159388602312208 1.0 -1.0 -1.0 -1.0 -1.0 
20.11 62.51 34.0 -1.0 1.325432997714 149.57152434960594 0.06810567762203223 0.012441761545804354 2.0855125087278537 8.0 -1.0 -1.0 -1.0 -1.0 
20.11 62.51 34.0 -1.0 2.316946290122627 299.1430486992119 0.08519086722719439 0.031795612839277794 1.1876871635568285 4.0 -1.0 -1.0 -1.0 -1.0 
20.11 62.51 34.0 -1.0 2.012072 448.71457304881784 0.020231617380748478 0.02350110514207489 -0.37409218319739074 32.0 -1.0 -1.0 -1.0 -1.0 
20.11 62.51 34.0 -1.0 1.6386490568062 140.641211314631 1.3002037106569442 0.0027648358990676344 381.1281462364233 32.0 381.20677320228424 32.0 1.638636604184285 140.66512701891926 
20.11 62.51 34.0 -1.0 0.007908775426189804 72.42977506758596 6.277399637476767 0.022118687192541075 7.017615775041858 16.0 -1.0 -1.0 -1.0 -1.0 
213.13 88.91 34.0 -1.0 0.44917540327059197 13.848472385429675 1.5042420738058901 0.016589015394405805 393.1816236410372 32.0 394.31752719215007 32.0 0.449176695838105 13.965314768784792 
213.13 88.91 34.0 -1.0 0.14704050134079177 29.63038643193523 4.638383324356183 0.029030776940210157 360.46903172094295 32.0 366.53308576483136 32.0 0.14704255590913817 31.37135926321221 
213.13 88.91 34.0 -1.0 0.005526332034919469 5.72172979375301 2.867779491143187 0.18524400523753146 -0.7125285086383804 2.0 -1.0 -1.0 -1.0 -1.0 
213.13 88.91 34.0 -1.0 0.80517592894 94.48713678639929 1.177896444097934 0.052531882082285056 96.65690920618518 16.0 97.12306178671697 16.0 0.8051756594795735 94.21527572274375 
213.13 88.91 34.0 -1.0 0.02393848373238359 0.0 2.3946272691937414 0.016589015394405805 19.381186439842804 32.0 -1.0 -1.0 -1.0 -1.0 
213.13 88.91 34.0 -1.0 0.44917540327059197 13.848472385429675 1.5042420738058901 0.016589015394405805 393.1816236410372 32.0 394.31752719215007 32.0 0.449176695838105 13.965314768784792 
213.13 88.91 34.0 -1.0 0.14704050134079177 29.63038643193523 4.638383324356183 0.029030776940210157 360.46903172094295 32.0 366.53308576483136 32.0 0.14704255590913817 31.37135926321221 
213.13 88.91 34.0 -1.0 0.005526332034919469 5.72172979375301 2.867779491143187 0.18524400523753146 -0.7125285086383804 2.0 -1.0 -1.0 -1.0 -1.0 
213.13 88.91 34.0 -1.0 0.80517592894 94.48713678639929 1.177896444097934 0.052531882082285056 96.65690920618518 16.0 97.12306178671697 16.0 0.8051756594795735 94.21527572274375 
213.13 88.91 34.0 -1.0 0.02393848373238359 0.0 2.3946272691937414 0.016589015394405805 19.381186439842804 32.0 -1.0 -1.0 -1.0 -1.0 
213.13 88.91 34.0 -1.0 0.44917540327059197 13.848472385429675 1.5042420738058901 0.016589015394405805 393.1816236410372 32.0 394.31752719215007 32.0 0.449176695838105 13.965314768784792 
213.13 88.91 34.0 -1.0 0.14704050134079177 29.63038643193523 4.638383324356183 0.029030776940210157 360.46903172094295 32.0 366.53308576483136 32.0 0.14704255590913817 31.37135926321221 
213.13 88.91 34.0 -1.0 0.005526332034919469 5.72172979375301 2.867779491143187 0.18524400523753146 -0.7125285086383804 2.0 -1.0 -1.0 -1.0 -1.0 
213.13 88.91 34.0 -1.0 0.80517592894 94.48713678639929 1.177896444097934 0.052531882082285056 96.65690920618518 16.0 97.12306178671697 16.0 0.8051756594795735 94.21527572274375 
213.13 88.91 34.0 -1.0 0.02393848373238359 0.0 2.3946272691937414 0.016589015394405805 19.381186439842804 32.0 -1.0 -1.0 -1.0 -1.0 
14.67 61.31 34.0 -1.0 0.65432390165 142.08724540561914 0.03929700353651379 0.056679135930886505 0.8391806853262265 16.0 -1.0 -1.0 -1.0 -1.0 
14.67 61.31 34.0 -1.0 111.01410225980808 30.210952301317306 0.03465404822246212 0.008294507697202903 1.5707036899403 1.0 -1.0 -1.0 -1.0 -1.0 
14.67 61.31 34.0 -1.0 1.09547088700836 40.527948980585606 0.061486373360445525 0.019353851293473442 1.5585422365635921 16.0 -1.0 -1.0 -1.0 -1.0 
14.67 61.31 34.0 -1.0 11.41452866824742 0.0 0.07030475489202759 0.017971433343939622 1.9430856690726408 4.0 -1.0 -1.0 -1.0 -1.0 
14.67 61.31 34.0 -1.0 186.219739 290.1818559662553 0.22878942329845037 0.017971433343939622 4.123901366633751 1.0 -1.0 -1.0 -1.0 -1.0 
14.67 61.31 34.0 -1.0 44.742729 59.203018919007974 2.5676803296885393 0.013824179495338174 105.29054211839865 8.0 105.29054163720124 8.0 44.74265248669933 59.20079086767465 
14.67 61.31 34.0 -1.0 2.929660865793 81.70887243454263 1.3552306068905193 0.10091651031596865 13.137044248766705 4.0 13.282084544730031 4.0 2.929785599311193 81.66673201745887 
14.67 61.31 34.0 -1.0 0.006858663496666889 61.16194233912221 1.0160163342901278 0.1354769590543141 0.9983867617965881 8.0 -1.0 -1.0 -1.0 -1.0 
14.67 61.31 34.0 -1.0 0.03772946719586941 145.09092798312764 9.198062783746261 0.05391430003181887 15.125673834037975 16.0 25.039465268638487 32.0 0.03774403012357652 151.7968996607042 
14.67 61.31 34.0 -1.0 0.9901324118402847 435.2727839493829 3.68770927554967 0.011059343596270537 497.39280815973666 32.0 497.7691787845667 32.0 0.990136565330128 435.2523102937926 
16.37 64.51 34.0 -1.0 0.11367691234295636 26.52723729532229 0.1669637776112178 0.015206597444871992 0.05727779168143303 1.0 -1.0 -1.0 -1.0 -1.0 
16.37 64.51 34.0 -1.0 5.4966921263 60.71131217123109 0.6556644971410935 0.026265941041142528 28.300893215198908 16.0 28.623101960052868 16.0 5.496682812614988 60.718759864281694 
16.37 64.51 34.0 -1.0 0.4777510029497 68.61514451248168 0.27513380503451645 0.024883523091608708 3.563715340638498 32.0 -1.0 -1.0 -1.0 -1.0 
16.37 64.51 34.0 -1.0 44.485070760068666 81.36007416274826 0.02281580642803688 0.03732528463741307 3.2737239556207722 4.0 -1.0 -1.0 -1.0 -1.0 
16.37 64.51 34.0 -1.0 1.76341893386 114.01278152253975 0.1222668520805993 0.017971433343939622 3.2712017283871297 32.0 -1.0 -1.0 -1.0 -1.0 
16.37 64.51 34.0 -1.0 0.013602334338438445 49.300154228550554 0.023085343105725825 0.1354769590543141 0.7748044192817308 4.0 -1.0 -1.0 -1.0 -1.0 
16.37 64.51 34.0 -1.0 0.2956639123189926 329.29341491735266 0.6097875004346693 0.013824179495338174 39.42739406148876 32.0 39.62186945736401 32.0 0.29567672754637897 329.5004701968353 
16.37 64.51 34.0 -1.0 1.065984 493.940122376029 0.6938796143074506 0.02073626924300726 50.65572962625555 16.0 51.346852118707574 32.0 1.0659884234579902 493.54231976350303 
16.37 64.51 34.0 -1.0 1.1738600935 0.0 3.338507492441885 0.024883523091608708 124.11725753944107 32.0 -1.0 -1.0 -1.0 -1.0 
16.37 64.51 34.0 -1.0 0.5836822286821135 164.64670745867633 2.974728571317075 0.013824179495338172 408.8417136810936 32.0 408.9822234362771 32.0 0.5836833831078063 164.75023509841765 
16.62 66.12 34.0 -1.0 1.336096688653 208.5414270857839 0.11000290147540624 0.035942866687879244 2.2654198086143746 1.0 -1.0 -1.0 -1.0 -1.0 
16.62 66.12 34.0 -1.0 2.2837880647 144.10212611627668 0.24245908610075242 0.03317803078881161 4.760923034392955 8.0 -1.0 -1.0 -1.0 -1.0 
16.62 66.12 34.0 -1.0 1.26225015937 70.33059628468062 0.1418453755649639 0.02073626924300726 2.3804645779129836 16.0 -1.0 -1.0 -1.0 -1.0 
16.62 66.12 34.0 -1.0 233.32170321379 79.08933622228355 0.11363328206185334 0.019353851293473442 1.9581576642026346 1.0 -1.0 -1.0 -1.0 -1.0 
16.62 66.12 34.0 -1.0 0.5255 44.52359468281487 0.08442919515616988 0.02350110514207489 -0.26441430175836916 1.0 -1.0 -1.0 -1.0 -1.0 
16.62 66.12 34.0 -1.0 0.012580122611253566 0.0 0.25412096979365767 0.03732528463741307 2.590643276764177 4.0 -1.0 -1.0 -1.0 -1.0 
16.62 66.12 34.0 -1.0 1.603391 173.76714411922944 0.027098377862687817 0.04423737438508215 0.9428955625393646 16.0 -1.0 -1.0 -1.0 -1.0 
16.62 66.12 34.0 -1.0 168.634064 521.3014323576883 0.025482417336644785 0.03317803078881161 0.5687678660095198 1.0 -1.0 -1.0 -1.0 -1.0 
16.62 66.12 34.0 -1.0 0.006199146970031603 55.680561031904304 1.1068898637285398 0.02764835899067634 2.3554084574978047 8.0 -1.0 -1.0 -1.0 -1.0 
16.62 66.12 34.0 -1.0 0.5038612089543385 347.5342882384589 9.351840469571144 0.03041319488974398 430.7879669469418 32.0 431.840363150505 32.0 0.5038600647822022 347.4125043567984 
17.41 66.12 34.0 -1.0 150.34910263393007 36.7472105470136 0.6838856615578884 0.022118687192541075 11.137996448961637 1.0 11.137996658446106 1.0 150.34941801180443 36.73484971789043 
17.41 66.12 34.0 -1.0 2.001221096605 104.06562986843348 0.14461589230674415 0.011059343596270537 3.086665655746435 32.0 8.088898784836498 32.0 2.0012218252910925 104.23387110035024 
17.41 66.12 34.0 -1.0 0.002904191233120469 67.73015277292703 0.4581061230619874 0.017971433343939622 8.059261441484539 1.0 -1.0 -1.0 -1.0 -1.0 
17.41 66.12 34.0 -1.0 2.0371997464197475 85.12589109910434 0.07863023234283902 0.02350110514207489 1.6387977473209623 16.0 -1.0 -1.0 -1.0 -1.0 
17.41 66.12 34.0 -1.0 267.03957629533625 76.1706885288237 0.4791461984531407 0.019353851293473442 6.084687306633911 1.0 -1.0 -1.0 -1.0 -1.0 
17.41 66.12 34.0 -1.0 0.42423 171.53844923416852 0.08501448911019828 0.03456044873834543 1.590098004493845 1.0 -1.0 -1.0 -1.0 -1.0 
17.41 66.12 34.0 -1.0 2.862213 343.07689846833705 0.40175417261727275 0.016589015394405805 19.983284489107067 32.0 20.42506508101267 32.0 2.8622101429694644 343.06099323319154 
17.41 66.12 34.0 -1.0 0.0013921866951902594 514.6153477025056 0.4732248113273929 0.012441761545804352 13.71971793165426 2.0 -1.0 -1.0 -1.0 -1.0 
17.41 66.12 34.0 -1.0 0.1013391625248739 113.38109920878286 1.302001429772467 0.017971433343939622 25.27198657621914 32.0 -1.0 -1.0 -1.0 -1.0 
17.41 66.12 34.0 -1.0 0.1611955102003513 0.0 2.0641035137348442 0.009676925646736721 67.04447483852309 32.0 -1.0 -1.0 -1.0 -1.0 
20.11 62.51 34.0 -1.0 0.429668 48.37626860152272 0.0338028170801927 0.0483846282336836 1.694318363474053 1.0 -1.0 -1.0 -1.0 -1.0 
20.11 62.51 34.0 -1.0 106.11873496995 84.09752074142261 0.9084391234800805 0.017971433343939622 29.147862455653392 2.0 29.147862345103295 2.0 106.11887167518339 84.09548241203015 
20.11 62.51 34.0 -1.0 25.560636549613 173.71478270546794 0.17463215463497664 0.06359122567855559 1.6934522287548566 2.0 -1.0 -1.0 -1.0 -1.0 
20.11 62.51 34.0 -1.0 3.4084978564217754 19.117152527132355 0.881240624249482 0.022118687192541075 48.49306604937198 16.0 49.59010512397071 16.0 3.4084829773443444 19.126409357248733 
20.11 62.51 34.0 -1.0 0.215973948926 0.0 0.0627306442740827 0.04423737438508215 1.159388602312208 1.0 -1.0 -1.0 -1.0 -1.0 
20.11 62.51 34.0 -1.0 1.325432997714 149.57152434960594 0.06810567762203223 0.012441761545804354 2.0855125087278537 8.0 -1.0 -1.0 -1.0 -1.0 
20.11 62.51 34.0 -1.0 2.316946290122627 299.1430486992119 0.08519086722719439 0.031795612839277794 1.1876871635568285 4.0 -1.0 -1.0 -1.0 -1.0 
20.11 62.51 34.0 -1.0 2.012072 448.71457304881784 0.020231617380748478 0.02350110514207489 -0.37409218319739074 32.0 -1.0 -1.0 -1.0 -1.0 
20.11 62.51 34.0 -1.0 1.6386490568062 140.641211314631 1.3002037106569442 0.0027648358990676344 381.1281462364233 32.0 381.20677320228424 32.0 1.638636604184285 140.66512701891926 
20.11 62.51 34.0 -1.0 0.007908775426189804 72.42977506758596 6.277399637476767 0.022118687192541075 7.017615775041858 16.0 -1.0 -1.0 -1.0 -1.0 
213.13 88.91 34.0 -1.0 0.44917540327059197 13.848472385429675 1.5042420738058901 0.016589015394405805 393.1816236410372 32.0 394.31752719215007 32.0 0.449176695838105 13.965314768784792 
213.13 88.91 34.0 -1.0 0.14704050134079177 29.63038643193523 4.638383324356183 0.029030776940210157 360.46903172094295 32.0 366.53308576483136 32.0 0.14704255590913817 31.37135926321221 
213.13 88.91 34.0 -1.0 0.005526332034919469 5.72172979375301 2.867779491143187 0.18524400523753146 -0.7125285086383804 2.0 -1.0 -1.0 -1.0 -1.0 
213.13 88.91 34.0 -1.0 0.80517592894 94.48713678639929 1.177896444097934 0.052531882082285056 96.65690920618518 16.0 97.12306178671697 16.0 0.8051756594795735 94.21527572274375 
213.13 88.91 34.0 -1.0 0.02393848373238359 0.0 2.3946272691937414 0.016589015394405805 19.381186439842804 32.0 -1.0 -1.0 -1.0 -1.0 
213.13 88.91 34.0 -1.0 0.44917540327059197 13.848472385429675 1.5042420738058901 0.016589015394405805 393.1816236410372 32.0 394.31752719215007 32.0 0.449176695838105 13.965314768784792 
213.13 88.91 34.0 -1.0 0.14704050134079177 29.63038643193523 4.638383324356183 0.029030776940210157 360.46903172094295 32.0 366.53308576483136 32.0 0.14704255590913817 31.37135926321221 
213.13 88.91 34.0 -1.0 0.005526332034919469 5.72172979375301 2.867779491143187 0.18524400523753146 -0.7125285086383804 2.0 -1.0 -1.0 -1.0 -1.0 
213.13 88.91 34.0 -1.0 0.80517592894 94.48713678639929 1.177896444097934 0.052531882082285056 96.65690920618518 16.0 97.12306178671697 16.0 0.8051756594795735 94.21527572274375 
213.13 88.91 34.0 -1.0 0.02393848373238359 0.0 2.3946272691937414 0.016589015394405805 19.381186439842804 32.0 -1.0 -1.0 -1.0 -1.0 
213.13 88.91 34.0 -1.0 0.44917540327059197 13.848472385429675 1.5042420738058901 0.016589015394405805 393.1816236410372 32.0 394.31752719215007 32.0 0.449176695838105 13.965314768784792 
213.13 88.91 34.0 -1.0 0.14704050134079177 29.63038643193523 4.638383324356183 0.029030776940210157 360.46903172094295 32.0 366.53308576483136 32.0 0.14704255590913817 31.37135926321221 
213.13 88.91 34.0 -1.0 0.005526332034919469 5.72172979375301 2.867779491143187 0.18524400523753146 -0.7125285086383804 2.0 -1.0 -1.0 -1.0 -1.0 
213.13 88.91 34.0 -1.0 0.80517592894 94.48713678639929 1.177896444097934 0.052531882082285056 96.65690920618518 16.0 97.12306178671697 16.0 0.8051756594795735 94.21527572274375 
213.13 88.91 34.0 -1.0 0.02393848373238359 0.0 2.3946272691937414 0.016589015394405805 19.381186439842804 32.0 -1.0 -1.0 -1.0 -1.0 
14.67 61.31 34.0 -1.0 0.65432390165 48.36364266104255 0.03929700353651379 0.056679135930886505 0.6795797030465416 2.0 -1.0 -1.0 -1.0 -1.0 
14.67 61.31 34.0 -1.0 111.01410225980808 96.7272853220851 0.03465404822246212 0.008294507697202903 1.7880044513946984 2.0 -1.0 -1.0 -1.0 -1.0 
14.67 61.31 34.0 -1.0 1.09547088700836 145.09092798312764 0.061486373360445525 0.019353851293473442 2.5411825123713188 2.0 -1.0 -1.0 -1.0 -1.0 
14.67 61.31 34.0 -1.0 11.41452866824742 290.1818559662553 0.07030475489202759 0.017971433343939622 2.569978556448257 16.0 -1.0 -1.0 -1.0 -1.0 
14.67 61.31 34.0 -1.0 186.219739 386.9091412883404 0.22878942329845037 0.017971433343939622 3.63197076531704 1.0 -1.0 -1.0 -1.0 -1.0 
14.67 61.31 34.0 -1.0 44.742729 0.0 2.5676803296885393 0.013824179495338174 99.5978408998048 8.0 -1.0 -1.0 -1.0 -1.0 
14.67 61.31 34.0 -1.0 2.929660865793 193.4545706441702 1.3552306068905193 0.10091651031596865 14.008669430289402 4.0 14.168571651736228 4.0 2.929785599311193 193.79404190016572 
14.67 61.31 34.0 -1.0 0.006858663496666889 241.81821330521274 1.0160163342901278 0.1354769590543141 1.1602352029291727 8.0 -1.0 -1.0 -1.0 -1.0 
14.67 61.31 34.0 -1.0 0.03772946719586941 338.54549862729783 9.198062783746261 0.05391430003181887 28.736414439047543 16.0 37.527852715612866 32.0 0.03774403012357652 340.53104490551317 
14.67 61.31 34.0 -1.0 0.9901324118402847 435.2727839493829 3.68770927554967 0.011059343596270537 497.39280815973666 32.0 497.7691787845667 32.0 0.990136565330128 435.2523102937926 
16.37 64.51 34.0 -1.0 0.11367691234295635 0.0 0.1669637776112178 0.01520659744487199 0.10536096159689744 1.0 -1.0 -1.0 -1.0 -1.0 
16.37 64.51 34.0 -1.0 5.4966921263 54.88223581955878 0.6556644971410935 0.026265941041142528 27.75230526927606 16.0 28.075556590639323 16.0 5.496682812614988 54.84927974406779 
16.37 64.51 34.0 -1.0 0.4777510029497 109.76447163911756 0.27513380503451645 0.024883523091608708 2.8099639218082695 16.0 -1.0 -1.0 -1.0 -1.0 
16.37 64.51 34.0 -1.0 44.485070760068666 164.64670745867633 0.022815806428036885 0.03732528463741307 1.8810447102036902 1.0 -1.0 -1.0 -1.0 -1.0 
16.37 64.51 34.0 -1.0 1.76341893386 219.52894327823512 0.12226685208059931 0.017971433343939622 1.9418596723711403 8.0 -1.0 -1.0 -1.0 -1.0 
16.37 64.51 34.0 -1.0 0.013602334338438445 274.4111790977939 0.02308534310572583 0.1354769590543141 1.207533065514193 4.0 -1.0 -1.0 -1.0 -1.0 
16.37 64.51 34.0 -1.0 0.2956639123189926 439.05788655647024 0.6097875004346693 0.013824179495338174 41.083961954301 32.0 41.18456711695862 32.0 0.29567672754637897 439.09783175186374 
16.37 64.51 34.0 -1.0 1.065984 493.940122376029 0.6938796143074506 0.02073626924300726 50.655729626255564 16.0 51.346852118707574 32.0 1.0659884234579902 493.54231976350303 
16.37 64.51 34.0 -1.0 1.1738600935 329.29341491735266 3.338507492441885 0.024883523091608708 230.32070309509314 32.0 231.03896639472975 32.0 1.1738544950882595 329.29807433062103 
16.37 64.51 34.0 -1.0 0.5836822286821134 384.17565073691145 2.974728571317075 0.013824179495338172 414.6069956368626 32.0 414.8614844343184 32.0 0.5836833831078063 384.0461561415817 
16.62 66.12 34.0 -1.0 1.336096688653 57.92238137307648 0.11000290147540624 0.035942866687879244 2.9707363292927074 1.0 -1.0 -1.0 -1.0 -1.0 
16.62 66.12 34.0 -1.0 2.2837880647 115.84476274615297 0.24245908610075242 0.03317803078881161 1.950005929572071 8.0 -1.0 -1.0 -1.0 -1.0 
16.62 66.12 34.0 -1.0 1.26225015937 173.76714411922944 0.1418453755649639 0.02073626924300726 3.7510554498904645 8.0 -1.0 -1.0 -1.0 -1.0 
16.62 66.12 34.0 -1.0 233.32170321379 231.68952549230593 0.11363328206185334 0.019353851293473442 1.1086065092876107 1.0 -1.0 -1.0 -1.0 -1.0 
16.62 66.12 34.0 -1.0 0.5255 289.6119068653824 0.08442919515616988 0.02350110514207489 2.3346142226965636 2.0 -1.0 -1.0 -1.0 -1.0 
16.62 66.12 34.0 -1.0 0.012580122611253566 347.5342882384589 0.25412096979365767 0.03732528463741307 2.7445209680448777 4.0 -1.0 -1.0 -1.0 -1.0 
16.62 66.12 34.0 -1.0 1.603391 405.4566696115354 0.027098377862687817 0.04423737438508215 1.6455028291183829 1.0 -1.0 -1.0 -1.0 -1.0 
16.62 66.12 34.0 -1.0 168.634064 521.3014323576883 0.025482417336644785 0.03317803078881161 0.5687678660095198 1.0 -1.0 -1.0 -1.0 -1.0 
16.62 66.12 34.0 -1.0 0.006199146970031603 0.0 1.1068898637285398 0.02764835899067634 2.5633345165125254 8.0 -1.0 -1.0 -1.0 -1.0 
16.62 66.12 34.0 -1.0 0.5038612089543385 463.37905098461187 9.351840469571144 0.03041319488974398 436.64128388347086 32.0 437.5586477295569 32.0 0.5038600647822022 463.4865336306836 
17.41 66.12 34.0 -1.0 150.34910263393007 0.0 0.6838856615578884 0.022118687192541075 11.331549692353494 1.0 -1.0 -1.0 -1.0 -1.0 
17.41 66.12 34.0 -1.0 2.001221096605 57.17948307805617 0.14461589230674415 0.011059343596270537 2.9007841929352205 32.0 7.589456368728205 32.0 2.0012218252910925 57.27803013863906 
17.41 66.12 34.0 -1.0 0.002904191233120469 114.35896615611234 0.4581061230619874 0.017971433343939622 6.304632276313191 1.0 -1.0 -1.0 -1.0 -1.0 
17.41 66.12 34.0 -1.0 2.0371997464197475 228.7179323122247 0.07863023234283902 0.02350110514207489 3.275647540572788 8.0 -1.0 -1.0 -1.0 -1.0 
17.41 66.12 34.0 -1.0 267.03957629533625 285.89741539028086 0.4791461984531407 0.019353851293473442 7.003463290555377 1.0 -1.0 -1.0 -1.0 -1.0 
17.41 66.12 34.0 -1.0 0.42423 400.2563815463932 0.08501448911019828 0.03456044873834543 0.9766601547954987 2.0 -1.0 -1.0 -1.0 -1.0 
17.41 66.12 34.0 -1.0 2.862213 457.4358646244494 0.40175417261727275 0.016589015394405805 16.0290783094897 16.0 16.659739091137975 32.0 2.8622101429694644 457.5158555773626 
17.41 66.12 34.0 -1.0 0.0013921866951902594 514.6153477025056 0.4732248113273929 0.012441761545804352 13.71971793165426 2.0 -1.0 -1.0 -1.0 -1.0 
17.41 66.12 34.0 -1.0 0.1013391625248739 171.53844923416852 1.302001429772467 0.017971433343939622 29.487923583065832 16.0 -1.0 -1.0 -1.0 -1.0 
17.41 66.12 34.0 -1.0 0.1611955102003513 343.07689846833705 2.0641035137348442 0.009676925646736721 234.1752751602384 32.0 -1.0 -1.0 -1.0 -1.0 
20.11 62.51 34.0 -1.0 0.429668 0.0 0.0338028170801927 0.0483846282336836 1.5633370965461664 1.0 -1.0 -1.0 -1.0 -1.0 
20.11 62.51 34.0 -1.0 106.11873496995 99.71434956640397 0.9084391234800805 0.017971433343939622 27.49458309047519 2.0 27.494583514214682 2.0 106.11887167518339 99.6799641105291 
20.11 62.51 34.0 -1.0 25.560636549613 199.42869913280794 0.17463215463497664 0.06359122567855559 1.1292172013689528 8.0 -1.0 -1.0 -1.0 -1.0 
20.11 62.51 34.0 -1.0 3.4084978564217754 249.2858739160099 0.881240624249482 0.022118687192541075 48.609508793524064 16.0 49.70589244972959 16.0 3.4084829773443444 249.25050924287635 
20.11 62.51 34.0 -1.0 0.215973948926 299.14304869921193 0.0627306442740827 0.04423737438508215 1.8493282626860021 16.0 -1.0 -1.0 -1.0 -1.0 
20.11 62.51 34.0 -1.0 1.325432997714 349.0002234824139 0.06810567762203223 0.012441761545804354 1.4609521607060747 2.0 -1.0 -1.0 -1.0 -1.0 
20.11 62.51 34.0 -1.0 2.316946290122627 398.85739826561587 0.08519086722719439 0.031795612839277794 1.0754464406696833 16.0 -1.0 -1.0 -1.0 -1.0 
20.11 62.51 34.0 -1.0 2.012072 448.71457304881784 0.020231617380748478 0.02350110514207489 -0.37409218319739074 32.0 -1.0 -1.0 -1.0 -1.0 
20.11 62.51 34.0 -1.0 1.6386490568062 49.857174783201984 1.3002037106569442 0.0027648358990676344 379.0114734133566 32.0 379.0903370315814 32.0 1.638636604184285 49.89058102181812 
20.11 62.51 34.0 -1.0 0.007908775426189804 149.57152434960597 6.277399637476767 0.022118687192541075 7.7548538562743925 16.0 -1.0 -1.0 -1.0 -1.0 
14.67 61.31 34.0 -1.0 0.65432390165 48.36364266104255 0.03929700353651379 0.056679135930886505 0.6795797030465416 2.0 -1.0 -1.0 -1.0 -1.0 
14.67 61.31 34.0 -1.0 111.01410225980808 96.7272853220851 0.03465404822246212 0.008294507697202903 1.7880044513946984 2.0 -1.0 -1.0 -1.0 -1.0 
14.67 61.31 34.0 -1.0 1.09547088700836 145.09092798312764 0.061486373360445525 0.019353851293473442 2.5411825123713188 2.0 -1.0 -1.0 -1.0 -1.0 
14.67 61.31 34.0 -1.0 11.41452866824742 290.1818559662553 0.07030475489202759 0.017971433343939622 2.569978556448257 16.0 -1.0 -1.0 -1.0 -1.0 
14.67 61.31 34.0 -1.0 186.219739 386.9091412883404 0.22878942329845037 0.017971433343939622 3.63197076531704 1.0 -1.0 -1.0 -1.0 -1.0 
14.67 61.31 34.0 -1.0 44.742729 0.0 2.5676803296885393 0.013824179495338174 99.5978408998048 8.0 -1.0 -1.0 -1.0 -1.0 
14.67 61.31 34.0 -1.0 2.929660865793 193.4545706441702 1.3552306068905193 0.10091651031596865 14.008669430289402 4.0 14.168571651736228 4.0 2.929785599311193 193.79404190016572 
14.67 61.31 34.0 -1.0 0.006858663496666889 241.81821330521274 1.0160163342901278 0.1354769590543141 1.1602352029291727 8.0 -1.0 -1.0 -1.0 -1.0 
14.67 61.31 34.0 -1.0 0.03772946719586941 338.54549862729783 9.198062783746261 0.05391430003181887 28.736414439047543 16.0 37.527852715612866 32.0 0.03774403012357652 340.53104490551317 
14.67 61.31 34.0 -1.0 0.9901324118402847 435.2727839493829 3.68770927554967 0.011059343596270537 497.39280815973666 32.0 497.7691787845667 32.0 0.990136565330128 435.2523102937926 
16.37 64.51 34.0 -1.0 0.11367691234295636 0.0 0.1669637776112178 0.015206597444871992 0.10536096159689744 1.0 -1.0 -1.0 -1.0 -1.0 
16.37 64.51 34.0 -1.0 5.4966921263 54.88223581955878 0.6556644971410935 0.026265941041142528 27.75230526927606 16.0 28.075556590639323 16.0 5.496682812614988 54.84927974406779 
16.37 64.51 34.0 -1.0 0.4777510029497 109.76447163911756 0.27513380503451645 0.024883523091608708 2.8099639218082695 16.0 -1.0 -1.0 -1.0 -1.0 
16.37 64.51 34.0 -1.0 44.485070760068666 164.64670745867633 0.02281580642803688 0.03732528463741307 1.8810447102036902 1.0 -1.0 -1.0 -1.0 -1.0 
16.37 64.51 34.0 -1.0 1.76341893386 219.52894327823512 0.1222668520805993 0.017971433343939622 1.9418596723711403 8.0 -1.0 -1.0 -1.0 -1.0 
16.37 64.51 34.0 -1.0 0.013602334338438445 274.4111790977939 0.023085343105725825 0.1354769590543141 1.207533065514193 4.0 -1.0 -1.0 -1.0 -1.0 
16.37 64.51 34.0 -1.0 0.2956639123189926 439.05788655647024 0.6097875004346693 0.013824179495338174 41.08396195430096 32.0 41.18456711695862 32.0 0.29567672754637897 439.09783175186374 
16.37 64.51 34.0 -1.0 1.065984 493.940122376029 0.6938796143074506 0.02073626924300726 50.65572962625555 16.0 51.346852118707574 32.0 1.0659884234579902 493.54231976350303 
16.37 64.51 34.0 -1.0 1.1738600935 329.29341491735266 3.338507492441885 0.024883523091608708 230.32070309509314 32.0 231.03896639472975 32.0 1.1738544950882595 329.29807433062103 
16.37 64.51 34.0 -1.0 0.5836822286821135 384.17565073691145 2.974728571317075 0.013824179495338172 414.6069956368545 32.0 414.8614844343184 32.0 0.5836833831078063 384.0461561415817 
16.62 66.12 34.0 -1.0 1.336096688653 57.92238137307648 0.11000290147540624 0.035942866687879244 2.9707363292927074 1.0 -1.0 -1.0 -1.0 -1.0 
16.62 66.12 34.0 -1.0 2.2837880647 115.84476274615297 0.24245908610075242 0.03317803078881161 1.950005929572071 8.0 -1.0 -1.0 -1.0 -1.0 
16.62 66.12 34.0 -1.0 1.26225015937 173.76714411922944 0.1418453755649639 0.02073626924300726 3.7510554498904645 8.0 -1.0 -1.0 -1.0 -1.0 
16.62 66.12 34.0 -1.0 233.32170321379 231.68952549230593 0.11363328206185334 0.019353851293473442 1.1086065092876107 1.0 -1.0 -1.0 -1.0 -1.0 
16.62 66.12 34.0 -1.0 0.5255 289.6119068653824 0.08442919515616988 0.02350110514207489 2.3346142226965636 2.0 -1.0 -1.0 -1.0 -1.0 
16.62 66.12 34.0 -1.0 0.012580122611253566 347.5342882384589 0.25412096979365767 0.03732528463741307 2.7445209680448777 4.0 -1.0 -1.0 -1.0 -1.0 
16.62 66.12 34.0 -1.0 1.603391 405.4566696115354 0.027098377862687817 0.04423737438508215 1.6455028291183829 1.0 -1.0 -1.0 -1.0 -1.0 
16.62 66.12 34.0 -1.0 168.634064 521.3014323576883 0.025482417336644785 0.03317803078881161 0.5687678660095198 1.0 -1.0 -1.0 -1.0 -1.0 
16.62 66.12 34.0 -1.0 0.006199146970031603 0.0 1.1068898637285398 0.02764835899067634 2.5633345165125254 8.0 -1.0 -1.0 -1.0 -1.0 
16.62 66.12 34.0 -1.0 0.5038612089543385 463.37905098461187 9.351840469571144 0.03041319488974398 436.64128388347086 32.0 437.5586477295569 32.0 0.5038600647822022 463.4865336306836 
17.41 66.12 34.0 -1.0 150.34910263393007 0.0 0.6838856615578884 0.022118687192541075 11.331549692353494 1.0 -1.0 -1.0 -1.0 -1.0 
17.41 66.12 34.0 -1.0 2.001221096605 57.17948307805617 0.14461589230674415 0.011059343596270537 2.9007841929352205 32.0 7.589456368728205 32.0 2.0012218252910925 57.27803013863906 
17.41 66.12 34.0 -1.0 0.002904191233120469 114.35896615611234 0.4581061230619874 0.017971433343939622 6.304632276313191 1.0 -1.0 -1.0 -1.0 -1.0 
17.41 66.12 34.0 -1.0 2.0371997464197475 228.7179323122247 0.07863023234283902 0.02350110514207489 3.275647540572788 8.0 -1.0 -1.0 -1.0 -1.0 
17.41 66.12 34.0 -1.0 267.03957629533625 285.89741539028086 0.4791461984531407 0.019353851293473442 7.003463290555377 1.0 -1.0 -1.0 -1.0 -1.0 
17.41 66.12 34.0 -1.0 0.42423 400.2563815463932 0.08501448911019828 0.03456044873834543 0.9766601547954987 2.0 -1.0 -1.0 -1.0 -1.0 
17.41 66.12 34.0 -1.0 2.862213 457.4358646244494 0.40175417261727275 0.016589015394405805 16.0290783094897 16.0 16.659739091137975 32.0 2.8622101429694644 457.5158555773626 
17.41 66.12 34.0 -1.0 0.0013921866951902594 514.6153477025056 0.4732248113273929 0.012441761545804352 13.71971793165426 2.0 -1.0 -1.0 -1.0 -1.0 
17.41 66.12 34.0 -1.0 0.1013391625248739 171.53844923416852 1.302001429772467 0.017971433343939622 29.487923583065832 16.0 -1.0 -1.0 -1.0 -1.0 
17.41 66.12 34.0 -1.0 0.1611955102003513 343.07689846833705 2.0641035137348442 0.009676925646736721 234.1752751602384 32.0 -1.0 -1.0 -1.0 -1.0 
20.11 62.51 34.0 -1.0 0.429668 0.0 0.0338028170801927 0.0483846282336836 1.5633370965461664 1.0 -1.0 -1.0 -1.0 -1.0 
20.11 62.51 34.0 -1.0 106.11873496995 99.71434956640397 0.9084391234800805 0.017971433343939622 27.49458309047518 2.0 27.494583514214682 2.0 106.11887167518339 99.6799641105291 
20.11 62.51 34.0 -1.0 25.560636549613 199.42869913280794 0.17463215463497664 0.06359122567855559 1.1292172013689528 8.0 -1.0 -1.0 -1.0 -1.0 
20.11 62.51 34.0 -1.0 3.4084978564217754 249.2858739160099 0.8812406242494819 0.022118687192541075 48.609508793524064 16.0 49.70589244972959 16.0 3.4084829773443444 249.25050924287635 
20.11 62.51 34.0 -1.0 0.215973948926 299.14304869921193 0.0627306442740827 0.04423737438508215 1.8493282626860021 16.0 -1.0 -1.0 -1.0 -1.0 
20.11 62.51 34.0 -1.0 1.325432997714 349.0002234824139 0.06810567762203223 0.012441761545804354 1.4609521607060747 2.0 -1.0 -1.0 -1.0 -1.0 
20.11 62.51 34.0 -1.0 2.316946290122627 398.85739826561587 0.08519086722719438 0.031795612839277794 1.0754464406696833 16.0 -1.0 -1.0 -1.0 -1.0 
20.11 62.51 34.0 -1.0 2.012072 448.71457304881784 0.020231617380748475 0.02350110514207489 -0.37409218319739074 32.0 -1.0 -1.0 -1.0 -1.0 
20.11 62.51 34.0 -1.0 1.6386490568062 49.857174783201984 1.3002037106569442 0.0027648358990676344 379.0114734133566 32.0 379.0903370315814 32.0 1.638636604184285 49.89058102181812 
20.11 62.51 34.0 -1.0 0.007908775426189802 149.57152434960597 6.277399637476766 0.022118687192541075 7.754853856274492 16.0 -1.0 -1.0 -1.0 -1.0 
