236.28 88.38 39.0 -1.0 0.053255632400813185 14.427108945277572 9.700601850717248 0.031795612839277794 182.93343466328727 32.0 -1.0 -1.0 -1.0 -1.0 
236.28 88.38 39.0 -1.0 0.761961052649868 104.42031295246504 2.0343742169503294 0.011059343596270537 697.7785766843522 32.0 698.2676685249147 32.0 0.7619595029003298 104.33506903345737 
236.28 88.38 39.0 -1.0 0.053255632400813185 14.427108945277572 9.700601850717248 0.031795612839277794 182.93343466328727 32.0 -1.0 -1.0 -1.0 -1.0 
236.28 88.38 39.0 -1.0 0.761961052649868 104.42031295246504 2.0343742169503294 0.011059343596270537 697.7785766843522 32.0 698.2676685249147 32.0 0.7619595029003298 104.33506903345737 
236.28 88.38 39.0 -1.0 0.053255632400813185 14.427108945277572 9.700601850717248 0.031795612839277794 182.93343466328727 32.0 -1.0 -1.0 -1.0 -1.0 
236.28 88.38 39.0 -1.0 0.761961052649868 104.42031295246504 2.0343742169503294 0.011059343596270537 697.7785766843522 32.0 698.2676685249147 32.0 0.7619595029003298 104.33506903345737 
236.28 88.38 39.0 -1.0 0.053255632400813185 14.427108945277572 9.700601850717248 0.031795612839277794 182.93343466328727 32.0 -1.0 -1.0 -1.0 -1.0 
236.28 88.38 39.0 -1.0 0.761961052649868 104.42031295246504 2.0343742169503294 0.011059343596270537 697.7785766843522 32.0 698.2676685249147 32.0 0.7619595029003298 104.33506903345737 
236.28 88.38 39.0 -1.0 0.053255632400813185 14.427108945277572 9.700601850717248 0.031795612839277794 182.93343466328727 32.0 -1.0 -1.0 -1.0 -1.0 
236.28 88.38 39.0 -1.0 0.761961052649868 104.42031295246504 2.0343742169503294 0.011059343596270537 697.7785766843522 32.0 698.2676685249147 32.0 0.7619595029003298 104.33506903345737 
236.28 88.38 39.0 -1.0 0.053255632400813185 14.427108945277572 9.700601850717248 0.031795612839277794 182.93343466328727 32.0 -1.0 -1.0 -1.0 -1.0 
236.28 88.38 39.0 -1.0 0.761961052649868 104.42031295246504 2.0343742169503294 0.011059343596270537 697.7785766843522 32.0 698.2676685249147 32.0 0.7619595029003298 104.33506903345737 
236.28 88.38 39.0 -1.0 0.053255632400813185 14.427108945277572 9.700601850717248 0.031795612839277794 182.93343466328727 32.0 -1.0 -1.0 -1.0 -1.0 
236.28 88.38 39.0 -1.0 0.761961052649868 104.42031295246504 2.0343742169503294 0.011059343596270537 697.7785766843522 32.0 698.2676685249147 32.0 0.7619595029003298 104.33506903345737 
236.28 88.38 39.0 -1.0 0.053255632400813185 14.427108945277572 9.700601850717248 0.031795612839277794 182.93343466328727 32.0 -1.0 -1.0 -1.0 -1.0 
236.28 88.38 39.0 -1.0 0.761961052649868 104.42031295246504 2.0343742169503294 0.011059343596270537 697.7785766843522 32.0 698.2676685249147 32.0 0.7619595029003298 104.33506903345737 
236.28 88.38 39.0 -1.0 0.053255632400813185 14.427108945277572 9.700601850717248 0.031795612839277794 182.93343466328727 32.0 -1.0 -1.0 -1.0 -1.0 
236.28 88.38 39.0 -1.0 0.761961052649868 104.42031295246504 2.0343742169503294 0.011059343596270537 697.7785766843522 32.0 698.2676685249147 32.0 0.7619595029003298 104.33506903345737 
236.28 88.38 39.0 -1.0 0.053255632400813185 14.427108945277572 9.700601850717248 0.031795612839277794 182.93343466328727 32.0 -1.0 -1.0 -1.0 -1.0 
236.28 88.38 39.0 -1.0 0.761961052649868 104.42031295246504 2.0343742169503294 0.011059343596270537 697.7785766843522 32.0 698.2676685249147 32.0 0.7619595029003298 104.33506903345737 
236.28 88.38 39.0 -1.0 0.053255632400813185 14.427108945277572 9.700601850717248 0.031795612839277794 182.93343466328727 32.0 -1.0 -1.0 -1.0 -1.0 
236.28 88.38 39.0 -1.0 0.761961052649868 104.42031295246504 2.0343742169503294 0.011059343596270537 697.7785766843522 32.0 698.2676685249147 32.0 0.7619595029003298 104.33506903345737 
236.28 88.38 39.0 -1.0 0.053255632400813185 14.427108945277572 9.700601850717248 0.031795612839277794 182.93343466328727 32.0 -1.0 -1.0 -1.0 -1.0 
236.28 88.38 39.0 -1.0 0.761961052649868 104.42031295246504 2.0343742169503294 0.011059343596270537 697.7785766843522 32.0 698.2676685249147 32.0 0.7619595029003298 104.33506903345737 
236.28 88.38 39.0 -1.0 0.053255632400813185 14.427108945277572 9.700601850717248 0.031795612839277794 182.93343466328727 32.0 -1.0 -1.0 -1.0 -1.0 
236.28 88.38 39.0 -1.0 0.761961052649868 104.42031295246504 2.0343742169503294 0.011059343596270537 697.7785766843522 32.0 698.2676685249147 32.0 0.7619595029003298 104.33506903345737 
236.28 88.38 39.0 -1.0 0.053255632400813185 14.427108945277572 9.700601850717248 0.031795612839277794 182.93343466328727 32.0 -1.0 -1.0 -1.0 -1.0 
236.28 88.38 39.0 -1.0 0.761961052649868 104.42031295246504 2.0343742169503294 0.011059343596270537 697.7785766843522 32.0 698.2676685249147 32.0 0.7619595029003298 104.33506903345737 
236.28 88.38 39.0 -1.0 0.053255632400813185 14.427108945277572 9.700601850717248 0.031795612839277794 182.93343466328727 32.0 -1.0 -1.0 -1.0 -1.0 
236.28 88.38 39.0 -1.0 0.761961052649868 104.42031295246504 2.0343742169503294 0.011059343596270537 697.7785766843522 32.0 698.2676685249147 32.0 0.7619595029003298 104.33506903345737 
236.28 88.38 39.0 -1.0 0.053255632400813185 14.427108945277572 9.700601850717248 0.031795612839277794 182.93343466328727 32.0 -1.0 -1.0 -1.0 -1.0 
236.28 88.38 39.0 -1.0 0.761961052649868 104.42031295246504 2.0343742169503294 0.011059343596270537 697.7785766843522 32.0 698.2676685249147 32.0 0.7619595029003298 104.33506903345737 
236.28 88.38 39.0 -1.0 0.053255632400813185 14.427108945277572 9.700601850717248 0.031795612839277794 182.93343466328727 32.0 -1.0 -1.0 -1.0 -1.0 
236.28 88.38 39.0 -1.0 0.761961052649868 104.42031295246504 2.0343742169503294 0.011059343596270537 697.7785766843522 32.0 698.2676685249147 32.0 0.7619595029003298 104.33506903345737 
236.28 88.38 39.0 -1.0 0.053255632400813185 14.427108945277572 9.700601850717248 0.031795612839277794 182.93343466328727 32.0 -1.0 -1.0 -1.0 -1.0 
236.28 88.38 39.0 -1.0 0.761961052649868 104.42031295246504 2.0343742169503294 0.011059343596270537 697.7785766843522 32.0 698.2676685249147 32.0 0.7619595029003298 104.33506903345737 
236.28 88.38 39.0 -1.0 0.053255632400813185 14.427108945277572 9.700601850717248 0.031795612839277794 182.93343466328727 32.0 -1.0 -1.0 -1.0 -1.0 
236.28 88.38 39.0 -1.0 0.761961052649868 104.42031295246504 2.0343742169503294 0.011059343596270537 697.7785766843522 32.0 698.2676685249147 32.0 0.7619595029003298 104.33506903345737 
236.28 88.38 39.0 -1.0 0.053255632400813185 14.427108945277572 9.700601850717248 0.031795612839277794 182.93343466328727 32.0 -1.0 -1.0 -1.0 -1.0 
236.28 88.38 39.0 -1.0 0.761961052649868 104.42031295246504 2.0343742169503294 0.011059343596270537 697.7785766843522 32.0 698.2676685249147 32.0 0.7619595029003298 104.33506903345737 
236.28 88.38 39.0 -1.0 0.053255632400813185 14.427108945277572 9.700601850717248 0.031795612839277794 182.93343466328727 32.0 -1.0 -1.0 -1.0 -1.0 
236.28 88.38 39.0 -1.0 0.761961052649868 104.42031295246504 2.0343742169503294 0.011059343596270537 697.7785766843522 32.0 698.2676685249147 32.0 0.7619595029003298 104.33506903345737 
236.28 88.38 39.0 -1.0 0.053255632400813185 14.427108945277572 9.700601850717248 0.031795612839277794 182.93343466328727 32.0 -1.0 -1.0 -1.0 -1.0 
236.28 88.38 39.0 -1.0 0.761961052649868 104.42031295246504 2.0343742169503294 0.011059343596270537 697.7785766843522 32.0 698.2676685249147 32.0 0.7619595029003298 104.33506903345737 
236.28 88.38 39.0 -1.0 0.053255632400813185 14.427108945277572 9.700601850717248 0.031795612839277794 182.93343466328727 32.0 -1.0 -1.0 -1.0 -1.0 
236.28 88.38 39.0 -1.0 0.761961052649868 104.42031295246504 2.0343742169503294 0.011059343596270537 697.7785766843522 32.0 698.2676685249147 32.0 0.7619595029003298 104.33506903345737 
236.28 88.38 39.0 -1.0 0.053255632400813185 14.427108945277572 9.700601850717248 0.031795612839277794 182.93343466328727 32.0 -1.0 -1.0 -1.0 -1.0 
236.28 88.38 39.0 -1.0 0.761961052649868 104.42031295246504 2.0343742169503294 0.011059343596270537 697.7785766843522 32.0 698.2676685249147 32.0 0.7619595029003298 104.33506903345737 
236.28 88.38 39.0 -1.0 0.053255632400813185 14.427108945277572 9.700601850717248 0.031795612839277794 182.93343466328727 32.0 -1.0 -1.0 -1.0 -1.0 
236.28 88.38 39.0 -1.0 0.761961052649868 104.42031295246504 2.0343742169503294 0.011059343596270537 697.7785766843522 32.0 698.2676685249147 32.0 0.7619595029003298 104.33506903345737 
236.28 88.38 39.0 -1.0 0.053255632400813185 14.427108945277572 9.700601850717248 0.031795612839277794 182.93343466328727 32.0 -1.0 -1.0 -1.0 -1.0 
236.28 88.38 39.0 -1.0 0.761961052649868 104.42031295246504 2.0343742169503294 0.011059343596270537 697.7785766843522 32.0 698.2676685249147 32.0 0.7619595029003298 104.33506903345737 
236.28 88.38 39.0 -1.0 0.053255632400813185 14.427108945277572 9.700601850717248 0.031795612839277794 182.93343466328727 32.0 -1.0 -1.0 -1.0 -1.0 
236.28 88.38 39.0 -1.0 0.761961052649868 104.42031295246504 2.0343742169503294 0.011059343596270537 697.7785766843522 32.0 698.2676685249147 32.0 0.7619595029003298 104.33506903345737 
236.28 88.38 39.0 -1.0 0.053255632400813185 14.427108945277572 9.700601850717248 0.031795612839277794 182.93343466328727 32.0 -1.0 -1.0 -1.0 -1.0 
236.28 88.38 39.0 -1.0 0.761961052649868 104.42031295246504 2.0343742169503294 0.011059343596270537 697.7785766843522 32.0 698.2676685249147 32.0 0.7619595029003298 104.33506903345737 
