202.73 88.42 40.0 -1.0 2.4822647836094 104.41173882825025 1.2371126305091658 0.06497364362808941 115.10910275790079 16.0 115.47707629308897 16.0 2.4822687313038236 104.4362669665645 
202.73 88.42 40.0 -1.0 1.390499284334 156.61760824237538 9.534500147295624 0.019353851293473442 3361.292632087184 32.0 3361.700305654061 32.0 1.390496133050571 156.4520045836325 
202.73 88.42 40.0 -1.0 2.4822647836094 104.41173882825025 1.2371126305091658 0.06497364362808941 115.10910275790079 16.0 115.47707629308897 16.0 2.4822687313038236 104.4362669665645 
202.73 88.42 40.0 -1.0 1.390499284334 156.61760824237538 9.534500147295624 0.019353851293473442 3361.292632087184 32.0 3361.700305654061 32.0 1.390496133050571 156.4520045836325 
229.34 88.89 40.0 -1.0 0.007484446078415906 41.76700413483652 3.1415915126584513 0.011059343596270537 31.535131208655653 32.0 -1.0 -1.0 -1.0 -1.0 
229.34 88.89 40.0 -1.0 1.44393577539 36.62669161993568 7.03533413340765 0.038707702586946884 1004.1801077031142 16.0 1090.8816330025686 32.0 1.4439365259022452 36.63365178478329 
229.34 88.89 40.0 -1.0 3.24303 52.393460587659064 9.198062783746261 0.07741540517389377 752.9741183728773 8.0 784.2779798110881 16.0 3.2430307328468193 52.42052934949653 
229.34 88.89 40.0 -1.0 1.0772101343087 104.78692117531813 9.63381672181643 0.013824179495338172 3497.045744964284 32.0 3497.176805788084 32.0 1.0772131039023711 104.73986076588592 
229.34 88.89 40.0 -1.0 0.007484446078415906 41.76700413483652 3.1415915126584513 0.011059343596270537 31.535131208655653 32.0 -1.0 -1.0 -1.0 -1.0 
229.34 88.89 40.0 -1.0 1.44393577539 36.62669161993568 7.03533413340765 0.038707702586946884 1004.1801077031142 16.0 1090.8816330025686 32.0 1.4439365259022452 36.63365178478329 
229.34 88.89 40.0 -1.0 3.24303 52.393460587659064 9.198062783746261 0.07741540517389377 752.9741183728773 8.0 784.2779798110881 16.0 3.2430307328468193 52.42052934949653 
229.34 88.89 40.0 -1.0 1.0772101343087 104.78692117531813 9.63381672181643 0.013824179495338172 3497.045744964284 32.0 3497.176805788084 32.0 1.0772131039023711 104.73986076588592 
247.23 88.36 40.0 -1.0 0.5730510034055938 82.09712650131839 1.343113799811736 0.011059343596270537 703.4490339185242 32.0 704.3529522487929 32.0 0.5730498742195778 81.97032581678029 
247.23 88.36 40.0 -1.0 0.019556066824271988 0.0 1.1877019533873836 0.06082638977948797 0.6685617927064486 4.0 -1.0 -1.0 -1.0 -1.0 
247.23 88.36 40.0 -1.0 1.569859 104.41889816023439 3.14593521593293 0.03732528463741307 539.1103913528414 16.0 541.3975991052736 32.0 1.569863646485222 104.4362669665645 
247.23 88.36 40.0 -1.0 0.01833750883669998 156.6283472403516 1.7779723078722471 0.029030776940210157 14.344585528824162 32.0 14.800462232099497 32.0 0.01833389736323928 156.2496087174182 
247.23 88.36 40.0 -1.0 0.5730510034055938 82.09712650131839 1.343113799811736 0.011059343596270537 703.4490339185242 32.0 704.3529522487929 32.0 0.5730498742195778 81.97032581678029 
247.23 88.36 40.0 -1.0 0.019556066824271988 0.0 1.1877019533873836 0.06082638977948797 0.6685617927064486 4.0 -1.0 -1.0 -1.0 -1.0 
247.23 88.36 40.0 -1.0 1.569859 104.41889816023439 3.14593521593293 0.03732528463741307 539.1103913528414 16.0 541.3975991052736 32.0 1.569863646485222 104.4362669665645 
247.23 88.36 40.0 -1.0 0.01833750883669998 156.6283472403516 1.7779723078722471 0.029030776940210157 14.344585528824162 32.0 14.800462232099497 32.0 0.01833389736323928 156.2496087174182 
202.73 88.42 40.0 -1.0 2.4822647836094 104.41173882825025 1.2371126305091658 0.06497364362808941 115.10910275790079 16.0 115.47707629308897 16.0 2.4822687313038236 104.4362669665645 
202.73 88.42 40.0 -1.0 1.390499284334 156.61760824237538 9.534500147295624 0.019353851293473442 3361.292632087184 32.0 3361.700305654061 32.0 1.390496133050571 156.4520045836325 
202.73 88.42 40.0 -1.0 2.4822647836094 104.41173882825025 1.2371126305091658 0.06497364362808941 115.10910275790079 16.0 115.47707629308897 16.0 2.4822687313038236 104.4362669665645 
202.73 88.42 40.0 -1.0 1.390499284334 156.61760824237538 9.534500147295624 0.019353851293473442 3361.292632087184 32.0 3361.700305654061 32.0 1.390496133050571 156.4520045836325 
229.34 88.89 40.0 -1.0 0.007484446078415906 41.76700413483652 3.1415915126584513 0.011059343596270537 31.535131208655653 32.0 -1.0 -1.0 -1.0 -1.0 
229.34 88.89 40.0 -1.0 1.44393577539 36.62669161993568 7.03533413340765 0.038707702586946884 1004.1801077031142 16.0 1090.8816330025686 32.0 1.4439365259022452 36.63365178478329 
229.34 88.89 40.0 -1.0 3.24303 52.393460587659064 9.198062783746261 0.07741540517389377 752.9741183728773 8.0 784.2779798110881 16.0 3.2430307328468193 52.42052934949653 
229.34 88.89 40.0 -1.0 1.0772101343087 104.78692117531813 9.63381672181643 0.013824179495338172 3497.045744964284 32.0 3497.176805788084 32.0 1.0772131039023711 104.73986076588592 
229.34 88.89 40.0 -1.0 0.007484446078415906 41.76700413483652 3.1415915126584513 0.011059343596270537 31.535131208655653 32.0 -1.0 -1.0 -1.0 -1.0 
229.34 88.89 40.0 -1.0 1.44393577539 36.62669161993568 7.03533413340765 0.038707702586946884 1004.1801077031142 16.0 1090.8816330025686 32.0 1.4439365259022452 36.63365178478329 
229.34 88.89 40.0 -1.0 3.24303 52.393460587659064 9.198062783746261 0.07741540517389377 752.9741183728773 8.0 784.2779798110881 16.0 3.2430307328468193 52.42052934949653 
229.34 88.89 40.0 -1.0 1.0772101343087 104.78692117531813 9.63381672181643 0.013824179495338172 3497.045744964284 32.0 3497.176805788084 32.0 1.0772131039023711 104.73986076588592 
247.23 88.36 40.0 -1.0 0.5730510034055938 82.09712650131839 1.343113799811736 0.011059343596270537 703.4490339185242 32.0 704.3529522487929 32.0 0.5730498742195778 81.97032581678029 
247.23 88.36 40.0 -1.0 0.019556066824271988 0.0 1.1877019533873836 0.06082638977948797 0.6685617927064486 4.0 -1.0 -1.0 -1.0 -1.0 
247.23 88.36 40.0 -1.0 1.569859 104.41889816023439 3.14593521593293 0.03732528463741307 539.1103913528414 16.0 541.3975991052736 32.0 1.569863646485222 104.4362669665645 
247.23 88.36 40.0 -1.0 0.01833750883669998 156.6283472403516 1.7779723078722471 0.029030776940210157 14.344585528824162 32.0 14.800462232099497 32.0 0.01833389736323928 156.2496087174182 
247.23 88.36 40.0 -1.0 0.5730510034055938 82.09712650131839 1.343113799811736 0.011059343596270537 703.4490339185242 32.0 704.3529522487929 32.0 0.5730498742195778 81.97032581678029 
247.23 88.36 40.0 -1.0 0.019556066824271988 0.0 1.1877019533873836 0.06082638977948797 0.6685617927064486 4.0 -1.0 -1.0 -1.0 -1.0 
247.23 88.36 40.0 -1.0 1.569859 104.41889816023439 3.14593521593293 0.03732528463741307 539.1103913528414 16.0 541.3975991052736 32.0 1.569863646485222 104.4362669665645 
247.23 88.36 40.0 -1.0 0.01833750883669998 156.6283472403516 1.7779723078722471 0.029030776940210157 14.344585528824162 32.0 14.800462232099497 32.0 0.01833389736323928 156.2496087174182 
202.73 88.42 40.0 -1.0 2.4822647836094 104.41173882825025 1.2371126305091658 0.06497364362808941 115.10910275790079 16.0 115.47707629308897 16.0 2.4822687313038236 104.4362669665645 
202.73 88.42 40.0 -1.0 1.390499284334 156.61760824237538 9.534500147295624 0.019353851293473442 3361.292632087184 32.0 3361.700305654061 32.0 1.390496133050571 156.4520045836325 
202.73 88.42 40.0 -1.0 2.4822647836094 104.41173882825025 1.2371126305091658 0.06497364362808941 115.10910275790079 16.0 115.47707629308897 16.0 2.4822687313038236 104.4362669665645 
202.73 88.42 40.0 -1.0 1.390499284334 156.61760824237538 9.534500147295624 0.019353851293473442 3361.292632087184 32.0 3361.700305654061 32.0 1.390496133050571 156.4520045836325 
202.73 88.42 40.0 -1.0 2.4822647836094 104.41173882825025 1.2371126305091658 0.06497364362808941 115.10910275790079 16.0 115.47707629308897 16.0 2.4822687313038236 104.4362669665645 
202.73 88.42 40.0 -1.0 1.390499284334 156.61760824237538 9.534500147295624 0.019353851293473442 3361.292632087184 32.0 3361.700305654061 32.0 1.390496133050571 156.4520045836325 
229.34 88.89 40.0 -1.0 0.007484446078415906 41.76700413483652 3.1415915126584513 0.011059343596270537 31.535131208655653 32.0 -1.0 -1.0 -1.0 -1.0 
229.34 88.89 40.0 -1.0 1.44393577539 36.62669161993568 7.03533413340765 0.038707702586946884 1004.1801077031142 16.0 1090.8816330025686 32.0 1.4439365259022452 36.63365178478329 
229.34 88.89 40.0 -1.0 3.24303 52.393460587659064 9.198062783746261 0.07741540517389377 752.9741183728773 8.0 784.2779798110881 16.0 3.2430307328468193 52.42052934949653 
229.34 88.89 40.0 -1.0 1.0772101343087 104.78692117531813 9.63381672181643 0.013824179495338172 3497.045744964284 32.0 3497.176805788084 32.0 1.0772131039023711 104.73986076588592 
229.34 88.89 40.0 -1.0 0.007484446078415906 41.76700413483652 3.1415915126584513 0.011059343596270537 31.535131208655653 32.0 -1.0 -1.0 -1.0 -1.0 
229.34 88.89 40.0 -1.0 1.44393577539 36.62669161993568 7.03533413340765 0.038707702586946884 1004.1801077031142 16.0 1090.8816330025686 32.0 1.4439365259022452 36.63365178478329 
229.34 88.89 40.0 -1.0 3.24303 52.393460587659064 9.198062783746261 0.07741540517389377 752.9741183728773 8.0 784.2779798110881 16.0 3.2430307328468193 52.42052934949653 
229.34 88.89 40.0 -1.0 1.0772101343087 104.78692117531813 9.63381672181643 0.013824179495338172 3497.045744964284 32.0 3497.176805788084 32.0 1.0772131039023711 104.73986076588592 
229.34 88.89 40.0 -1.0 0.007484446078415906 41.76700413483652 3.1415915126584513 0.011059343596270537 31.535131208655653 32.0 -1.0 -1.0 -1.0 -1.0 
229.34 88.89 40.0 -1.0 1.44393577539 36.62669161993568 7.03533413340765 0.038707702586946884 1004.1801077031142 16.0 1090.8816330025686 32.0 1.4439365259022452 36.63365178478329 
229.34 88.89 40.0 -1.0 3.24303 52.393460587659064 9.198062783746261 0.07741540517389377 752.9741183728773 8.0 784.2779798110881 16.0 3.2430307328468193 52.42052934949653 
229.34 88.89 40.0 -1.0 1.0772101343087 104.78692117531813 9.63381672181643 0.013824179495338172 3497.045744964284 32.0 3497.176805788084 32.0 1.0772131039023711 104.73986076588592 
247.23 88.36 40.0 -1.0 0.5730510034055938 82.09712650131839 1.343113799811736 0.011059343596270537 703.4490339185242 32.0 704.3529522487929 32.0 0.5730498742195778 81.97032581678029 
247.23 88.36 40.0 -1.0 0.019556066824271988 0.0 1.1877019533873836 0.06082638977948797 0.6685617927064486 4.0 -1.0 -1.0 -1.0 -1.0 
247.23 88.36 40.0 -1.0 1.569859 104.41889816023439 3.14593521593293 0.03732528463741307 539.1103913528414 16.0 541.3975991052736 32.0 1.569863646485222 104.4362669665645 
247.23 88.36 40.0 -1.0 0.01833750883669998 156.6283472403516 1.7779723078722471 0.029030776940210157 14.344585528824162 32.0 14.800462232099497 32.0 0.01833389736323928 156.2496087174182 
247.23 88.36 40.0 -1.0 0.5730510034055938 82.09712650131839 1.343113799811736 0.011059343596270537 703.4490339185242 32.0 704.3529522487929 32.0 0.5730498742195778 81.97032581678029 
247.23 88.36 40.0 -1.0 0.019556066824271988 0.0 1.1877019533873836 0.06082638977948797 0.6685617927064486 4.0 -1.0 -1.0 -1.0 -1.0 
247.23 88.36 40.0 -1.0 1.569859 104.41889816023439 3.14593521593293 0.03732528463741307 539.1103913528414 16.0 541.3975991052736 32.0 1.569863646485222 104.4362669665645 
247.23 88.36 40.0 -1.0 0.01833750883669998 156.6283472403516 1.7779723078722471 0.029030776940210157 14.344585528824162 32.0 14.800462232099497 32.0 0.01833389736323928 156.2496087174182 
247.23 88.36 40.0 -1.0 0.5730510034055938 82.09712650131839 1.343113799811736 0.011059343596270537 703.4490339185242 32.0 704.3529522487929 32.0 0.5730498742195778 81.97032581678029 
247.23 88.36 40.0 -1.0 0.019556066824271988 0.0 1.1877019533873836 0.06082638977948797 0.6685617927064486 4.0 -1.0 -1.0 -1.0 -1.0 
247.23 88.36 40.0 -1.0 1.569859 104.41889816023439 3.14593521593293 0.03732528463741307 539.1103913528414 16.0 541.3975991052736 32.0 1.569863646485222 104.4362669665645 
247.23 88.36 40.0 -1.0 0.01833750883669998 156.6283472403516 1.7779723078722471 0.029030776940210157 14.344585528824162 32.0 14.800462232099497 32.0 0.01833389736323928 156.2496087174182 
202.73 88.42 40.0 -1.0 2.4822647836094 104.41173882825025 1.2371126305091658 0.06497364362808941 115.10910275790079 16.0 115.47707629308897 16.0 2.4822687313038236 104.4362669665645 
202.73 88.42 40.0 -1.0 1.390499284334 156.61760824237538 9.534500147295624 0.019353851293473442 3361.292632087184 32.0 3361.700305654061 32.0 1.390496133050571 156.4520045836325 
202.73 88.42 40.0 -1.0 2.4822647836094 104.41173882825025 1.2371126305091658 0.06497364362808941 115.10910275790079 16.0 115.47707629308897 16.0 2.4822687313038236 104.4362669665645 
202.73 88.42 40.0 -1.0 1.390499284334 156.61760824237538 9.534500147295624 0.019353851293473442 3361.292632087184 32.0 3361.700305654061 32.0 1.390496133050571 156.4520045836325 
202.73 88.42 40.0 -1.0 2.4822647836094 104.41173882825025 1.2371126305091658 0.06497364362808941 115.10910275790079 16.0 115.47707629308897 16.0 2.4822687313038236 104.4362669665645 
202.73 88.42 40.0 -1.0 1.390499284334 156.61760824237538 9.534500147295624 0.019353851293473442 3361.292632087184 32.0 3361.700305654061 32.0 1.390496133050571 156.4520045836325 
229.34 88.89 40.0 -1.0 0.007484446078415906 41.76700413483652 3.1415915126584513 0.011059343596270537 31.535131208655653 32.0 -1.0 -1.0 -1.0 -1.0 
229.34 88.89 40.0 -1.0 1.44393577539 36.62669161993568 7.03533413340765 0.038707702586946884 1004.1801077031142 16.0 1090.8816330025686 32.0 1.4439365259022452 36.63365178478329 
229.34 88.89 40.0 -1.0 3.24303 52.393460587659064 9.198062783746261 0.07741540517389377 752.9741183728773 8.0 784.2779798110881 16.0 3.2430307328468193 52.42052934949653 
229.34 88.89 40.0 -1.0 1.0772101343087 104.78692117531813 9.63381672181643 0.013824179495338172 3497.045744964284 32.0 3497.176805788084 32.0 1.0772131039023711 104.73986076588592 
229.34 88.89 40.0 -1.0 0.007484446078415906 41.76700413483652 3.1415915126584513 0.011059343596270537 31.535131208655653 32.0 -1.0 -1.0 -1.0 -1.0 
229.34 88.89 40.0 -1.0 1.44393577539 36.62669161993568 7.03533413340765 0.038707702586946884 1004.1801077031142 16.0 1090.8816330025686 32.0 1.4439365259022452 36.63365178478329 
229.34 88.89 40.0 -1.0 3.24303 52.393460587659064 9.198062783746261 0.07741540517389377 752.9741183728773 8.0 784.2779798110881 16.0 3.2430307328468193 52.42052934949653 
229.34 88.89 40.0 -1.0 1.0772101343087 104.78692117531813 9.63381672181643 0.013824179495338172 3497.045744964284 32.0 3497.176805788084 32.0 1.0772131039023711 104.73986076588592 
229.34 88.89 40.0 -1.0 0.007484446078415906 41.76700413483652 3.1415915126584513 0.011059343596270537 31.535131208655653 32.0 -1.0 -1.0 -1.0 -1.0 
229.34 88.89 40.0 -1.0 1.44393577539 36.62669161993568 7.03533413340765 0.038707702586946884 1004.1801077031142 16.0 1090.8816330025686 32.0 1.4439365259022452 36.63365178478329 
229.34 88.89 40.0 -1.0 3.24303 52.393460587659064 9.198062783746261 0.07741540517389377 752.9741183728773 8.0 784.2779798110881 16.0 3.2430307328468193 52.42052934949653 
229.34 88.89 40.0 -1.0 1.0772101343087 104.78692117531813 9.63381672181643 0.013824179495338172 3497.045744964284 32.0 3497.176805788084 32.0 1.0772131039023711 104.73986076588592 
247.23 88.36 40.0 -1.0 0.5730510034055938 82.09712650131839 1.343113799811736 0.011059343596270537 703.4490339185242 32.0 704.3529522487929 32.0 0.5730498742195778 81.97032581678029 
247.23 88.36 40.0 -1.0 0.019556066824271988 0.0 1.1877019533873836 0.06082638977948797 0.6685617927064486 4.0 -1.0 -1.0 -1.0 -1.0 
247.23 88.36 40.0 -1.0 1.569859 104.41889816023439 3.14593521593293 0.03732528463741307 539.1103913528414 16.0 541.3975991052736 32.0 1.569863646485222 104.4362669665645 
247.23 88.36 40.0 -1.0 0.01833750883669998 156.6283472403516 1.7779723078722471 0.029030776940210157 14.344585528824162 32.0 14.800462232099497 32.0 0.01833389736323928 156.2496087174182 
247.23 88.36 40.0 -1.0 0.5730510034055938 82.09712650131839 1.343113799811736 0.011059343596270537 703.4490339185242 32.0 704.3529522487929 32.0 0.5730498742195778 81.97032581678029 
247.23 88.36 40.0 -1.0 0.019556066824271988 0.0 1.1877019533873836 0.06082638977948797 0.6685617927064486 4.0 -1.0 -1.0 -1.0 -1.0 
247.23 88.36 40.0 -1.0 1.569859 104.41889816023439 3.14593521593293 0.03732528463741307 539.1103913528414 16.0 541.3975991052736 32.0 1.569863646485222 104.4362669665645 
247.23 88.36 40.0 -1.0 0.01833750883669998 156.6283472403516 1.7779723078722471 0.029030776940210157 14.344585528824162 32.0 14.800462232099497 32.0 0.01833389736323928 156.2496087174182 
247.23 88.36 40.0 -1.0 0.5730510034055938 82.09712650131839 1.343113799811736 0.011059343596270537 703.4490339185242 32.0 704.3529522487929 32.0 0.5730498742195778 81.97032581678029 
247.23 88.36 40.0 -1.0 0.019556066824271988 0.0 1.1877019533873836 0.06082638977948797 0.6685617927064486 4.0 -1.0 -1.0 -1.0 -1.0 
247.23 88.36 40.0 -1.0 1.569859 104.41889816023439 3.14593521593293 0.03732528463741307 539.1103913528414 16.0 541.3975991052736 32.0 1.569863646485222 104.4362669665645 
247.23 88.36 40.0 -1.0 0.01833750883669998 156.6283472403516 1.7779723078722471 0.029030776940210157 14.344585528824162 32.0 14.800462232099497 32.0 0.01833389736323928 156.2496087174182 
202.73 88.42 40.0 -1.0 2.4822647836094 104.41173882825025 1.2371126305091658 0.06497364362808941 115.10910275790079 16.0 115.47707629308897 16.0 2.4822687313038236 104.4362669665645 
202.73 88.42 40.0 -1.0 1.390499284334 156.61760824237538 9.534500147295624 0.019353851293473442 3361.292632087184 32.0 3361.700305654061 32.0 1.390496133050571 156.4520045836325 
202.73 88.42 40.0 -1.0 2.4822647836094 104.41173882825025 1.2371126305091658 0.06497364362808941 115.10910275790079 16.0 115.47707629308897 16.0 2.4822687313038236 104.4362669665645 
202.73 88.42 40.0 -1.0 1.390499284334 156.61760824237538 9.534500147295624 0.019353851293473442 3361.292632087184 32.0 3361.700305654061 32.0 1.390496133050571 156.4520045836325 
202.73 88.42 40.0 -1.0 2.4822647836094 104.41173882825025 1.2371126305091658 0.06497364362808941 115.10910275790079 16.0 115.47707629308897 16.0 2.4822687313038236 104.4362669665645 
202.73 88.42 40.0 -1.0 1.390499284334 156.61760824237538 9.534500147295624 0.019353851293473442 3361.292632087184 32.0 3361.700305654061 32.0 1.390496133050571 156.4520045836325 
229.34 88.89 40.0 -1.0 0.007484446078415906 41.76700413483652 3.1415915126584513 0.011059343596270537 31.535131208655653 32.0 -1.0 -1.0 -1.0 -1.0 
229.34 88.89 40.0 -1.0 1.44393577539 36.62669161993568 7.03533413340765 0.038707702586946884 1004.1801077031142 16.0 1090.8816330025686 32.0 1.4439365259022452 36.63365178478329 
229.34 88.89 40.0 -1.0 3.24303 52.393460587659064 9.198062783746261 0.07741540517389377 752.9741183728773 8.0 784.2779798110881 16.0 3.2430307328468193 52.42052934949653 
229.34 88.89 40.0 -1.0 1.0772101343087 104.78692117531813 9.63381672181643 0.013824179495338172 3497.045744964284 32.0 3497.176805788084 32.0 1.0772131039023711 104.73986076588592 
229.34 88.89 40.0 -1.0 0.007484446078415906 41.76700413483652 3.1415915126584513 0.011059343596270537 31.535131208655653 32.0 -1.0 -1.0 -1.0 -1.0 
229.34 88.89 40.0 -1.0 1.44393577539 36.62669161993568 7.03533413340765 0.038707702586946884 1004.1801077031142 16.0 1090.8816330025686 32.0 1.4439365259022452 36.63365178478329 
229.34 88.89 40.0 -1.0 3.24303 52.393460587659064 9.198062783746261 0.07741540517389377 752.9741183728773 8.0 784.2779798110881 16.0 3.2430307328468193 52.42052934949653 
229.34 88.89 40.0 -1.0 1.0772101343087 104.78692117531813 9.63381672181643 0.013824179495338172 3497.045744964284 32.0 3497.176805788084 32.0 1.0772131039023711 104.73986076588592 
229.34 88.89 40.0 -1.0 0.007484446078415906 41.76700413483652 3.1415915126584513 0.011059343596270537 31.535131208655653 32.0 -1.0 -1.0 -1.0 -1.0 
229.34 88.89 40.0 -1.0 1.44393577539 36.62669161993568 7.03533413340765 0.038707702586946884 1004.1801077031142 16.0 1090.8816330025686 32.0 1.4439365259022452 36.63365178478329 
229.34 88.89 40.0 -1.0 3.24303 52.393460587659064 9.198062783746261 0.07741540517389377 752.9741183728773 8.0 784.2779798110881 16.0 3.2430307328468193 52.42052934949653 
229.34 88.89 40.0 -1.0 1.0772101343087 104.78692117531813 9.63381672181643 0.013824179495338172 3497.045744964284 32.0 3497.176805788084 32.0 1.0772131039023711 104.73986076588592 
247.23 88.36 40.0 -1.0 0.5730510034055938 82.09712650131839 1.343113799811736 0.011059343596270537 703.4490339185242 32.0 704.3529522487929 32.0 0.5730498742195778 81.97032581678029 
247.23 88.36 40.0 -1.0 0.019556066824271988 0.0 1.1877019533873836 0.06082638977948797 0.6685617927064486 4.0 -1.0 -1.0 -1.0 -1.0 
247.23 88.36 40.0 -1.0 1.569859 104.41889816023439 3.14593521593293 0.03732528463741307 539.1103913528414 16.0 541.3975991052736 32.0 1.569863646485222 104.4362669665645 
247.23 88.36 40.0 -1.0 0.01833750883669998 156.6283472403516 1.7779723078722471 0.029030776940210157 14.344585528824162 32.0 14.800462232099497 32.0 0.01833389736323928 156.2496087174182 
247.23 88.36 40.0 -1.0 0.5730510034055938 82.09712650131839 1.343113799811736 0.011059343596270537 703.4490339185242 32.0 704.3529522487929 32.0 0.5730498742195778 81.97032581678029 
247.23 88.36 40.0 -1.0 0.019556066824271988 0.0 1.1877019533873836 0.06082638977948797 0.6685617927064486 4.0 -1.0 -1.0 -1.0 -1.0 
247.23 88.36 40.0 -1.0 1.569859 104.41889816023439 3.14593521593293 0.03732528463741307 539.1103913528414 16.0 541.3975991052736 32.0 1.569863646485222 104.4362669665645 
247.23 88.36 40.0 -1.0 0.01833750883669998 156.6283472403516 1.7779723078722471 0.029030776940210157 14.344585528824162 32.0 14.800462232099497 32.0 0.01833389736323928 156.2496087174182 
247.23 88.36 40.0 -1.0 0.5730510034055938 82.09712650131839 1.343113799811736 0.011059343596270537 703.4490339185242 32.0 704.3529522487929 32.0 0.5730498742195778 81.97032581678029 
247.23 88.36 40.0 -1.0 0.019556066824271988 0.0 1.1877019533873836 0.06082638977948797 0.6685617927064486 4.0 -1.0 -1.0 -1.0 -1.0 
247.23 88.36 40.0 -1.0 1.569859 104.41889816023439 3.14593521593293 0.03732528463741307 539.1103913528414 16.0 541.3975991052736 32.0 1.569863646485222 104.4362669665645 
247.23 88.36 40.0 -1.0 0.01833750883669998 156.6283472403516 1.7779723078722471 0.029030776940210157 14.344585528824162 32.0 14.800462232099497 32.0 0.01833389736323928 156.2496087174182 
202.73 88.42 40.0 -1.0 2.4822647836094 104.41173882825025 1.2371126305091658 0.06497364362808941 115.10910275790079 16.0 115.47707629308897 16.0 2.4822687313038236 104.4362669665645 
202.73 88.42 40.0 -1.0 1.390499284334 156.61760824237538 9.534500147295624 0.019353851293473442 3361.292632087184 32.0 3361.700305654061 32.0 1.390496133050571 156.4520045836325 
202.73 88.42 40.0 -1.0 2.4822647836094 104.41173882825025 1.2371126305091658 0.06497364362808941 115.10910275790079 16.0 115.47707629308897 16.0 2.4822687313038236 104.4362669665645 
202.73 88.42 40.0 -1.0 1.390499284334 156.61760824237538 9.534500147295624 0.019353851293473442 3361.292632087184 32.0 3361.700305654061 32.0 1.390496133050571 156.4520045836325 
202.73 88.42 40.0 -1.0 2.4822647836094 104.41173882825025 1.2371126305091658 0.06497364362808941 115.10910275790079 16.0 115.47707629308897 16.0 2.4822687313038236 104.4362669665645 
202.73 88.42 40.0 -1.0 1.390499284334 156.61760824237538 9.534500147295624 0.019353851293473442 3361.292632087184 32.0 3361.700305654061 32.0 1.390496133050571 156.4520045836325 
229.34 88.89 40.0 -1.0 0.007484446078415906 41.76700413483652 3.1415915126584513 0.011059343596270537 31.535131208655653 32.0 -1.0 -1.0 -1.0 -1.0 
229.34 88.89 40.0 -1.0 1.44393577539 36.62669161993568 7.03533413340765 0.038707702586946884 1004.1801077031142 16.0 1090.8816330025686 32.0 1.4439365259022452 36.63365178478329 
229.34 88.89 40.0 -1.0 3.24303 52.393460587659064 9.198062783746261 0.07741540517389377 752.9741183728773 8.0 784.2779798110881 16.0 3.2430307328468193 52.42052934949653 
229.34 88.89 40.0 -1.0 1.0772101343087 104.78692117531813 9.63381672181643 0.013824179495338172 3497.045744964284 32.0 3497.176805788084 32.0 1.0772131039023711 104.73986076588592 
229.34 88.89 40.0 -1.0 0.007484446078415906 41.76700413483652 3.1415915126584513 0.011059343596270537 31.535131208655653 32.0 -1.0 -1.0 -1.0 -1.0 
229.34 88.89 40.0 -1.0 1.44393577539 36.62669161993568 7.03533413340765 0.038707702586946884 1004.1801077031142 16.0 1090.8816330025686 32.0 1.4439365259022452 36.63365178478329 
229.34 88.89 40.0 -1.0 3.24303 52.393460587659064 9.198062783746261 0.07741540517389377 752.9741183728773 8.0 784.2779798110881 16.0 3.2430307328468193 52.42052934949653 
229.34 88.89 40.0 -1.0 1.0772101343087 104.78692117531813 9.63381672181643 0.013824179495338172 3497.045744964284 32.0 3497.176805788084 32.0 1.0772131039023711 104.73986076588592 
229.34 88.89 40.0 -1.0 0.007484446078415906 41.76700413483652 3.1415915126584513 0.011059343596270537 31.535131208655653 32.0 -1.0 -1.0 -1.0 -1.0 
229.34 88.89 40.0 -1.0 1.44393577539 36.62669161993568 7.03533413340765 0.038707702586946884 1004.1801077031142 16.0 1090.8816330025686 32.0 1.4439365259022452 36.63365178478329 
229.34 88.89 40.0 -1.0 3.24303 52.393460587659064 9.198062783746261 0.07741540517389377 752.9741183728773 8.0 784.2779798110881 16.0 3.2430307328468193 52.42052934949653 
229.34 88.89 40.0 -1.0 1.0772101343087 104.78692117531813 9.63381672181643 0.013824179495338172 3497.045744964284 32.0 3497.176805788084 32.0 1.0772131039023711 104.73986076588592 
247.23 88.36 40.0 -1.0 0.5730510034055938 82.09712650131839 1.343113799811736 0.011059343596270537 703.4490339185242 32.0 704.3529522487929 32.0 0.5730498742195778 81.97032581678029 
247.23 88.36 40.0 -1.0 0.019556066824271988 0.0 1.1877019533873836 0.06082638977948797 0.6685617927064486 4.0 -1.0 -1.0 -1.0 -1.0 
247.23 88.36 40.0 -1.0 1.569859 104.41889816023439 3.14593521593293 0.03732528463741307 539.1103913528414 16.0 541.3975991052736 32.0 1.569863646485222 104.4362669665645 
247.23 88.36 40.0 -1.0 0.01833750883669998 156.6283472403516 1.7779723078722471 0.029030776940210157 14.344585528824162 32.0 14.800462232099497 32.0 0.01833389736323928 156.2496087174182 
247.23 88.36 40.0 -1.0 0.5730510034055938 82.09712650131839 1.343113799811736 0.011059343596270537 703.4490339185242 32.0 704.3529522487929 32.0 0.5730498742195778 81.97032581678029 
247.23 88.36 40.0 -1.0 0.019556066824271988 0.0 1.1877019533873836 0.06082638977948797 0.6685617927064486 4.0 -1.0 -1.0 -1.0 -1.0 
247.23 88.36 40.0 -1.0 1.569859 104.41889816023439 3.14593521593293 0.03732528463741307 539.1103913528414 16.0 541.3975991052736 32.0 1.569863646485222 104.4362669665645 
247.23 88.36 40.0 -1.0 0.01833750883669998 156.6283472403516 1.7779723078722471 0.029030776940210157 14.344585528824162 32.0 14.800462232099497 32.0 0.01833389736323928 156.2496087174182 
247.23 88.36 40.0 -1.0 0.5730510034055938 82.09712650131839 1.343113799811736 0.011059343596270537 703.4490339185242 32.0 704.3529522487929 32.0 0.5730498742195778 81.97032581678029 
247.23 88.36 40.0 -1.0 0.019556066824271988 0.0 1.1877019533873836 0.06082638977948797 0.6685617927064486 4.0 -1.0 -1.0 -1.0 -1.0 
247.23 88.36 40.0 -1.0 1.569859 104.41889816023439 3.14593521593293 0.03732528463741307 539.1103913528414 16.0 541.3975991052736 32.0 1.569863646485222 104.4362669665645 
247.23 88.36 40.0 -1.0 0.01833750883669998 156.6283472403516 1.7779723078722471 0.029030776940210157 14.344585528824162 32.0 14.800462232099497 32.0 0.01833389736323928 156.2496087174182 
202.73 88.42 40.0 -1.0 2.4822647836094 104.41173882825025 1.2371126305091658 0.06497364362808941 115.10910275790079 16.0 115.47707629308897 16.0 2.4822687313038236 104.4362669665645 
202.73 88.42 40.0 -1.0 1.390499284334 156.61760824237538 9.534500147295624 0.019353851293473442 3361.292632087184 32.0 3361.700305654061 32.0 1.390496133050571 156.4520045836325 
202.73 88.42 40.0 -1.0 2.4822647836094 104.41173882825025 1.2371126305091658 0.06497364362808941 115.10910275790079 16.0 115.47707629308897 16.0 2.4822687313038236 104.4362669665645 
202.73 88.42 40.0 -1.0 1.390499284334 156.61760824237538 9.534500147295624 0.019353851293473442 3361.292632087184 32.0 3361.700305654061 32.0 1.390496133050571 156.4520045836325 
202.73 88.42 40.0 -1.0 2.4822647836094 104.41173882825025 1.2371126305091658 0.06497364362808941 115.10910275790079 16.0 115.47707629308897 16.0 2.4822687313038236 104.4362669665645 
202.73 88.42 40.0 -1.0 1.390499284334 156.61760824237538 9.534500147295624 0.019353851293473442 3361.292632087184 32.0 3361.700305654061 32.0 1.390496133050571 156.4520045836325 
229.34 88.89 40.0 -1.0 0.007484446078415906 41.76700413483652 3.1415915126584513 0.011059343596270537 31.535131208655653 32.0 -1.0 -1.0 -1.0 -1.0 
229.34 88.89 40.0 -1.0 1.44393577539 36.62669161993568 7.03533413340765 0.038707702586946884 1004.1801077031142 16.0 1090.8816330025686 32.0 1.4439365259022452 36.63365178478329 
229.34 88.89 40.0 -1.0 3.24303 52.393460587659064 9.198062783746261 0.07741540517389377 752.9741183728773 8.0 784.2779798110881 16.0 3.2430307328468193 52.42052934949653 
229.34 88.89 40.0 -1.0 1.0772101343087 104.78692117531813 9.63381672181643 0.013824179495338172 3497.045744964284 32.0 3497.176805788084 32.0 1.0772131039023711 104.73986076588592 
229.34 88.89 40.0 -1.0 0.007484446078415906 41.76700413483652 3.1415915126584513 0.011059343596270537 31.535131208655653 32.0 -1.0 -1.0 -1.0 -1.0 
229.34 88.89 40.0 -1.0 1.44393577539 36.62669161993568 7.03533413340765 0.038707702586946884 1004.1801077031142 16.0 1090.8816330025686 32.0 1.4439365259022452 36.63365178478329 
229.34 88.89 40.0 -1.0 3.24303 52.393460587659064 9.198062783746261 0.07741540517389377 752.9741183728773 8.0 784.2779798110881 16.0 3.2430307328468193 52.42052934949653 
229.34 88.89 40.0 -1.0 1.0772101343087 104.78692117531813 9.63381672181643 0.013824179495338172 3497.045744964284 32.0 3497.176805788084 32.0 1.0772131039023711 104.73986076588592 
229.34 88.89 40.0 -1.0 0.007484446078415906 41.76700413483652 3.1415915126584513 0.011059343596270537 31.535131208655653 32.0 -1.0 -1.0 -1.0 -1.0 
229.34 88.89 40.0 -1.0 1.44393577539 36.62669161993568 7.03533413340765 0.038707702586946884 1004.1801077031142 16.0 1090.8816330025686 32.0 1.4439365259022452 36.63365178478329 
229.34 88.89 40.0 -1.0 3.24303 52.393460587659064 9.198062783746261 0.07741540517389377 752.9741183728773 8.0 784.2779798110881 16.0 3.2430307328468193 52.42052934949653 
229.34 88.89 40.0 -1.0 1.0772101343087 104.78692117531813 9.63381672181643 0.013824179495338172 3497.045744964284 32.0 3497.176805788084 32.0 1.0772131039023711 104.73986076588592 
247.23 88.36 40.0 -1.0 0.5730510034055938 82.09712650131839 1.343113799811736 0.011059343596270537 703.4490339185242 32.0 704.3529522487929 32.0 0.5730498742195778 81.97032581678029 
247.23 88.36 40.0 -1.0 0.019556066824271988 0.0 1.1877019533873836 0.06082638977948797 0.6685617927064486 4.0 -1.0 -1.0 -1.0 -1.0 
247.23 88.36 40.0 -1.0 1.569859 104.41889816023439 3.14593521593293 0.03732528463741307 539.1103913528414 16.0 541.3975991052736 32.0 1.569863646485222 104.4362669665645 
247.23 88.36 40.0 -1.0 0.01833750883669998 156.6283472403516 1.7779723078722471 0.029030776940210157 14.344585528824162 32.0 14.800462232099497 32.0 0.01833389736323928 156.2496087174182 
247.23 88.36 40.0 -1.0 0.5730510034055938 82.09712650131839 1.343113799811736 0.011059343596270537 703.4490339185242 32.0 704.3529522487929 32.0 0.5730498742195778 81.97032581678029 
247.23 88.36 40.0 -1.0 0.019556066824271988 0.0 1.1877019533873836 0.06082638977948797 0.6685617927064486 4.0 -1.0 -1.0 -1.0 -1.0 
247.23 88.36 40.0 -1.0 1.569859 104.41889816023439 3.14593521593293 0.03732528463741307 539.1103913528414 16.0 541.3975991052736 32.0 1.569863646485222 104.4362669665645 
247.23 88.36 40.0 -1.0 0.01833750883669998 156.6283472403516 1.7779723078722471 0.029030776940210157 14.344585528824162 32.0 14.800462232099497 32.0 0.01833389736323928 156.2496087174182 
247.23 88.36 40.0 -1.0 0.5730510034055938 82.09712650131839 1.343113799811736 0.011059343596270537 703.4490339185242 32.0 704.3529522487929 32.0 0.5730498742195778 81.97032581678029 
247.23 88.36 40.0 -1.0 0.019556066824271988 0.0 1.1877019533873836 0.06082638977948797 0.6685617927064486 4.0 -1.0 -1.0 -1.0 -1.0 
247.23 88.36 40.0 -1.0 1.569859 104.41889816023439 3.14593521593293 0.03732528463741307 539.1103913528414 16.0 541.3975991052736 32.0 1.569863646485222 104.4362669665645 
247.23 88.36 40.0 -1.0 0.01833750883669998 156.6283472403516 1.7779723078722471 0.029030776940210157 14.344585528824162 32.0 14.800462232099497 32.0 0.01833389736323928 156.2496087174182 
202.73 88.42 40.0 -1.0 2.4822647836094 104.41173882825025 1.2371126305091658 0.06497364362808941 115.10910275790079 16.0 115.47707629308897 16.0 2.4822687313038236 104.4362669665645 
202.73 88.42 40.0 -1.0 1.390499284334 156.61760824237538 9.534500147295624 0.019353851293473442 3361.292632087184 32.0 3361.700305654061 32.0 1.390496133050571 156.4520045836325 
202.73 88.42 40.0 -1.0 2.4822647836094 104.41173882825025 1.2371126305091658 0.06497364362808941 115.10910275790079 16.0 115.47707629308897 16.0 2.4822687313038236 104.4362669665645 
202.73 88.42 40.0 -1.0 1.390499284334 156.61760824237538 9.534500147295624 0.019353851293473442 3361.292632087184 32.0 3361.700305654061 32.0 1.390496133050571 156.4520045836325 
202.73 88.42 40.0 -1.0 2.4822647836094 104.41173882825025 1.2371126305091658 0.06497364362808941 115.10910275790079 16.0 115.47707629308897 16.0 2.4822687313038236 104.4362669665645 
202.73 88.42 40.0 -1.0 1.390499284334 156.61760824237538 9.534500147295624 0.019353851293473442 3361.292632087184 32.0 3361.700305654061 32.0 1.390496133050571 156.4520045836325 
229.34 88.89 40.0 -1.0 0.007484446078415906 41.76700413483652 3.1415915126584513 0.011059343596270537 31.535131208655653 32.0 -1.0 -1.0 -1.0 -1.0 
229.34 88.89 40.0 -1.0 1.44393577539 36.62669161993568 7.03533413340765 0.038707702586946884 1004.1801077031142 16.0 1090.8816330025686 32.0 1.4439365259022452 36.63365178478329 
229.34 88.89 40.0 -1.0 3.24303 52.393460587659064 9.198062783746261 0.07741540517389377 752.9741183728773 8.0 784.2779798110881 16.0 3.2430307328468193 52.42052934949653 
229.34 88.89 40.0 -1.0 1.0772101343087 104.78692117531813 9.63381672181643 0.013824179495338172 3497.045744964284 32.0 3497.176805788084 32.0 1.0772131039023711 104.73986076588592 
229.34 88.89 40.0 -1.0 0.007484446078415906 41.76700413483652 3.1415915126584513 0.011059343596270537 31.535131208655653 32.0 -1.0 -1.0 -1.0 -1.0 
229.34 88.89 40.0 -1.0 1.44393577539 36.62669161993568 7.03533413340765 0.038707702586946884 1004.1801077031142 16.0 1090.8816330025686 32.0 1.4439365259022452 36.63365178478329 
229.34 88.89 40.0 -1.0 3.24303 52.393460587659064 9.198062783746261 0.07741540517389377 752.9741183728773 8.0 784.2779798110881 16.0 3.2430307328468193 52.42052934949653 
229.34 88.89 40.0 -1.0 1.0772101343087 104.78692117531813 9.63381672181643 0.013824179495338172 3497.045744964284 32.0 3497.176805788084 32.0 1.0772131039023711 104.73986076588592 
229.34 88.89 40.0 -1.0 0.007484446078415906 41.76700413483652 3.1415915126584513 0.011059343596270537 31.535131208655653 32.0 -1.0 -1.0 -1.0 -1.0 
229.34 88.89 40.0 -1.0 1.44393577539 36.62669161993568 7.03533413340765 0.038707702586946884 1004.1801077031142 16.0 1090.8816330025686 32.0 1.4439365259022452 36.63365178478329 
229.34 88.89 40.0 -1.0 3.24303 52.393460587659064 9.198062783746261 0.07741540517389377 752.9741183728773 8.0 784.2779798110881 16.0 3.2430307328468193 52.42052934949653 
229.34 88.89 40.0 -1.0 1.0772101343087 104.78692117531813 9.63381672181643 0.013824179495338172 3497.045744964284 32.0 3497.176805788084 32.0 1.0772131039023711 104.73986076588592 
247.23 88.36 40.0 -1.0 0.5730510034055938 82.09712650131839 1.343113799811736 0.011059343596270537 703.4490339185242 32.0 704.3529522487929 32.0 0.5730498742195778 81.97032581678029 
247.23 88.36 40.0 -1.0 0.019556066824271988 0.0 1.1877019533873836 0.06082638977948797 0.6685617927064486 4.0 -1.0 -1.0 -1.0 -1.0 
247.23 88.36 40.0 -1.0 1.569859 104.41889816023439 3.14593521593293 0.03732528463741307 539.1103913528414 16.0 541.3975991052736 32.0 1.569863646485222 104.4362669665645 
247.23 88.36 40.0 -1.0 0.01833750883669998 156.6283472403516 1.7779723078722471 0.029030776940210157 14.344585528824162 32.0 14.800462232099497 32.0 0.01833389736323928 156.2496087174182 
247.23 88.36 40.0 -1.0 0.5730510034055938 82.09712650131839 1.343113799811736 0.011059343596270537 703.4490339185242 32.0 704.3529522487929 32.0 0.5730498742195778 81.97032581678029 
247.23 88.36 40.0 -1.0 0.019556066824271988 0.0 1.1877019533873836 0.06082638977948797 0.6685617927064486 4.0 -1.0 -1.0 -1.0 -1.0 
247.23 88.36 40.0 -1.0 1.569859 104.41889816023439 3.14593521593293 0.03732528463741307 539.1103913528414 16.0 541.3975991052736 32.0 1.569863646485222 104.4362669665645 
247.23 88.36 40.0 -1.0 0.01833750883669998 156.6283472403516 1.7779723078722471 0.029030776940210157 14.344585528824162 32.0 14.800462232099497 32.0 0.01833389736323928 156.2496087174182 
247.23 88.36 40.0 -1.0 0.5730510034055938 82.09712650131839 1.343113799811736 0.011059343596270537 703.4490339185242 32.0 704.3529522487929 32.0 0.5730498742195778 81.97032581678029 
247.23 88.36 40.0 -1.0 0.019556066824271988 0.0 1.1877019533873836 0.06082638977948797 0.6685617927064486 4.0 -1.0 -1.0 -1.0 -1.0 
247.23 88.36 40.0 -1.0 1.569859 104.41889816023439 3.14593521593293 0.03732528463741307 539.1103913528414 16.0 541.3975991052736 32.0 1.569863646485222 104.4362669665645 
247.23 88.36 40.0 -1.0 0.01833750883669998 156.6283472403516 1.7779723078722471 0.029030776940210157 14.344585528824162 32.0 14.800462232099497 32.0 0.01833389736323928 156.2496087174182 
202.73 88.42 40.0 -1.0 2.4822647836094 104.41173882825025 1.2371126305091658 0.06497364362808941 115.10910275790079 16.0 115.47707629308897 16.0 2.4822687313038236 104.4362669665645 
202.73 88.42 40.0 -1.0 1.390499284334 156.61760824237538 9.534500147295624 0.019353851293473442 3361.292632087184 32.0 3361.700305654061 32.0 1.390496133050571 156.4520045836325 
202.73 88.42 40.0 -1.0 2.4822647836094 104.41173882825025 1.2371126305091658 0.06497364362808941 115.10910275790079 16.0 115.47707629308897 16.0 2.4822687313038236 104.4362669665645 
202.73 88.42 40.0 -1.0 1.390499284334 156.61760824237538 9.534500147295624 0.019353851293473442 3361.292632087184 32.0 3361.700305654061 32.0 1.390496133050571 156.4520045836325 
202.73 88.42 40.0 -1.0 2.4822647836094 104.41173882825025 1.2371126305091658 0.06497364362808941 115.10910275790079 16.0 115.47707629308897 16.0 2.4822687313038236 104.4362669665645 
202.73 88.42 40.0 -1.0 1.390499284334 156.61760824237538 9.534500147295624 0.019353851293473442 3361.292632087184 32.0 3361.700305654061 32.0 1.390496133050571 156.4520045836325 
229.34 88.89 40.0 -1.0 0.007484446078415906 41.76700413483652 3.1415915126584513 0.011059343596270537 31.535131208655653 32.0 -1.0 -1.0 -1.0 -1.0 
229.34 88.89 40.0 -1.0 1.44393577539 36.62669161993568 7.03533413340765 0.038707702586946884 1004.1801077031142 16.0 1090.8816330025686 32.0 1.4439365259022452 36.63365178478329 
229.34 88.89 40.0 -1.0 3.24303 52.393460587659064 9.198062783746261 0.07741540517389377 752.9741183728773 8.0 784.2779798110881 16.0 3.2430307328468193 52.42052934949653 
229.34 88.89 40.0 -1.0 1.0772101343087 104.78692117531813 9.63381672181643 0.013824179495338172 3497.045744964284 32.0 3497.176805788084 32.0 1.0772131039023711 104.73986076588592 
229.34 88.89 40.0 -1.0 0.007484446078415906 41.76700413483652 3.1415915126584513 0.011059343596270537 31.535131208655653 32.0 -1.0 -1.0 -1.0 -1.0 
229.34 88.89 40.0 -1.0 1.44393577539 36.62669161993568 7.03533413340765 0.038707702586946884 1004.1801077031142 16.0 1090.8816330025686 32.0 1.4439365259022452 36.63365178478329 
229.34 88.89 40.0 -1.0 3.24303 52.393460587659064 9.198062783746261 0.07741540517389377 752.9741183728773 8.0 784.2779798110881 16.0 3.2430307328468193 52.42052934949653 
229.34 88.89 40.0 -1.0 1.0772101343087 104.78692117531813 9.63381672181643 0.013824179495338172 3497.045744964284 32.0 3497.176805788084 32.0 1.0772131039023711 104.73986076588592 
229.34 88.89 40.0 -1.0 0.007484446078415906 41.76700413483652 3.1415915126584513 0.011059343596270537 31.535131208655653 32.0 -1.0 -1.0 -1.0 -1.0 
229.34 88.89 40.0 -1.0 1.44393577539 36.62669161993568 7.03533413340765 0.038707702586946884 1004.1801077031142 16.0 1090.8816330025686 32.0 1.4439365259022452 36.63365178478329 
229.34 88.89 40.0 -1.0 3.24303 52.393460587659064 9.198062783746261 0.07741540517389377 752.9741183728773 8.0 784.2779798110881 16.0 3.2430307328468193 52.42052934949653 
229.34 88.89 40.0 -1.0 1.0772101343087 104.78692117531813 9.63381672181643 0.013824179495338172 3497.045744964284 32.0 3497.176805788084 32.0 1.0772131039023711 104.73986076588592 
247.23 88.36 40.0 -1.0 0.5730510034055938 82.09712650131839 1.343113799811736 0.011059343596270537 703.4490339185242 32.0 704.3529522487929 32.0 0.5730498742195778 81.97032581678029 
247.23 88.36 40.0 -1.0 0.019556066824271988 0.0 1.1877019533873836 0.06082638977948797 0.6685617927064486 4.0 -1.0 -1.0 -1.0 -1.0 
247.23 88.36 40.0 -1.0 1.569859 104.41889816023439 3.14593521593293 0.03732528463741307 539.1103913528414 16.0 541.3975991052736 32.0 1.569863646485222 104.4362669665645 
247.23 88.36 40.0 -1.0 0.01833750883669998 156.6283472403516 1.7779723078722471 0.029030776940210157 14.344585528824162 32.0 14.800462232099497 32.0 0.01833389736323928 156.2496087174182 
247.23 88.36 40.0 -1.0 0.5730510034055938 82.09712650131839 1.343113799811736 0.011059343596270537 703.4490339185242 32.0 704.3529522487929 32.0 0.5730498742195778 81.97032581678029 
247.23 88.36 40.0 -1.0 0.019556066824271988 0.0 1.1877019533873836 0.06082638977948797 0.6685617927064486 4.0 -1.0 -1.0 -1.0 -1.0 
247.23 88.36 40.0 -1.0 1.569859 104.41889816023439 3.14593521593293 0.03732528463741307 539.1103913528414 16.0 541.3975991052736 32.0 1.569863646485222 104.4362669665645 
247.23 88.36 40.0 -1.0 0.01833750883669998 156.6283472403516 1.7779723078722471 0.029030776940210157 14.344585528824162 32.0 14.800462232099497 32.0 0.01833389736323928 156.2496087174182 
247.23 88.36 40.0 -1.0 0.5730510034055938 82.09712650131839 1.343113799811736 0.011059343596270537 703.4490339185242 32.0 704.3529522487929 32.0 0.5730498742195778 81.97032581678029 
247.23 88.36 40.0 -1.0 0.019556066824271988 0.0 1.1877019533873836 0.06082638977948797 0.6685617927064486 4.0 -1.0 -1.0 -1.0 -1.0 
247.23 88.36 40.0 -1.0 1.569859 104.41889816023439 3.14593521593293 0.03732528463741307 539.1103913528414 16.0 541.3975991052736 32.0 1.569863646485222 104.4362669665645 
247.23 88.36 40.0 -1.0 0.01833750883669998 156.6283472403516 1.7779723078722471 0.029030776940210157 14.344585528824162 32.0 14.800462232099497 32.0 0.01833389736323928 156.2496087174182 
202.73 88.42 40.0 -1.0 2.4822647836094 104.41173882825025 1.2371126305091658 0.06497364362808941 115.10910275790079 16.0 115.47707629308897 16.0 2.4822687313038236 104.4362669665645 
202.73 88.42 40.0 -1.0 1.390499284334 156.61760824237538 9.534500147295624 0.019353851293473442 3361.292632087184 32.0 3361.700305654061 32.0 1.390496133050571 156.4520045836325 
202.73 88.42 40.0 -1.0 2.4822647836094 104.41173882825025 1.2371126305091658 0.06497364362808941 115.10910275790079 16.0 115.47707629308897 16.0 2.4822687313038236 104.4362669665645 
202.73 88.42 40.0 -1.0 1.390499284334 156.61760824237538 9.534500147295624 0.019353851293473442 3361.292632087184 32.0 3361.700305654061 32.0 1.390496133050571 156.4520045836325 
202.73 88.42 40.0 -1.0 2.4822647836094 104.41173882825025 1.2371126305091658 0.06497364362808941 115.10910275790079 16.0 115.47707629308897 16.0 2.4822687313038236 104.4362669665645 
202.73 88.42 40.0 -1.0 1.390499284334 156.61760824237538 9.534500147295624 0.019353851293473442 3361.292632087184 32.0 3361.700305654061 32.0 1.390496133050571 156.4520045836325 
229.34 88.89 40.0 -1.0 0.007484446078415906 41.76700413483652 3.1415915126584513 0.011059343596270537 31.535131208655653 32.0 -1.0 -1.0 -1.0 -1.0 
229.34 88.89 40.0 -1.0 1.44393577539 36.62669161993568 7.03533413340765 0.038707702586946884 1004.1801077031142 16.0 1090.8816330025686 32.0 1.4439365259022452 36.63365178478329 
229.34 88.89 40.0 -1.0 3.24303 52.393460587659064 9.198062783746261 0.07741540517389377 752.9741183728773 8.0 784.2779798110881 16.0 3.2430307328468193 52.42052934949653 
229.34 88.89 40.0 -1.0 1.0772101343087 104.78692117531813 9.63381672181643 0.013824179495338172 3497.045744964284 32.0 3497.176805788084 32.0 1.0772131039023711 104.73986076588592 
229.34 88.89 40.0 -1.0 0.007484446078415906 41.76700413483652 3.1415915126584513 0.011059343596270537 31.535131208655653 32.0 -1.0 -1.0 -1.0 -1.0 
229.34 88.89 40.0 -1.0 1.44393577539 36.62669161993568 7.03533413340765 0.038707702586946884 1004.1801077031142 16.0 1090.8816330025686 32.0 1.4439365259022452 36.63365178478329 
229.34 88.89 40.0 -1.0 3.24303 52.393460587659064 9.198062783746261 0.07741540517389377 752.9741183728773 8.0 784.2779798110881 16.0 3.2430307328468193 52.42052934949653 
229.34 88.89 40.0 -1.0 1.0772101343087 104.78692117531813 9.63381672181643 0.013824179495338172 3497.045744964284 32.0 3497.176805788084 32.0 1.0772131039023711 104.73986076588592 
229.34 88.89 40.0 -1.0 0.007484446078415906 41.76700413483652 3.1415915126584513 0.011059343596270537 31.535131208655653 32.0 -1.0 -1.0 -1.0 -1.0 
229.34 88.89 40.0 -1.0 1.44393577539 36.62669161993568 7.03533413340765 0.038707702586946884 1004.1801077031142 16.0 1090.8816330025686 32.0 1.4439365259022452 36.63365178478329 
229.34 88.89 40.0 -1.0 3.24303 52.393460587659064 9.198062783746261 0.07741540517389377 752.9741183728773 8.0 784.2779798110881 16.0 3.2430307328468193 52.42052934949653 
229.34 88.89 40.0 -1.0 1.0772101343087 104.78692117531813 9.63381672181643 0.013824179495338172 3497.045744964284 32.0 3497.176805788084 32.0 1.0772131039023711 104.73986076588592 
247.23 88.36 40.0 -1.0 0.5730510034055938 82.09712650131839 1.343113799811736 0.011059343596270537 703.4490339185242 32.0 704.3529522487929 32.0 0.5730498742195778 81.97032581678029 
247.23 88.36 40.0 -1.0 0.019556066824271988 0.0 1.1877019533873836 0.06082638977948797 0.6685617927064486 4.0 -1.0 -1.0 -1.0 -1.0 
247.23 88.36 40.0 -1.0 1.569859 104.41889816023439 3.14593521593293 0.03732528463741307 539.1103913528414 16.0 541.3975991052736 32.0 1.569863646485222 104.4362669665645 
247.23 88.36 40.0 -1.0 0.01833750883669998 156.6283472403516 1.7779723078722471 0.029030776940210157 14.344585528824162 32.0 14.800462232099497 32.0 0.01833389736323928 156.2496087174182 
247.23 88.36 40.0 -1.0 0.5730510034055938 82.09712650131839 1.343113799811736 0.011059343596270537 703.4490339185242 32.0 704.3529522487929 32.0 0.5730498742195778 81.97032581678029 
247.23 88.36 40.0 -1.0 0.019556066824271988 0.0 1.1877019533873836 0.06082638977948797 0.6685617927064486 4.0 -1.0 -1.0 -1.0 -1.0 
247.23 88.36 40.0 -1.0 1.569859 104.41889816023439 3.14593521593293 0.03732528463741307 539.1103913528414 16.0 541.3975991052736 32.0 1.569863646485222 104.4362669665645 
247.23 88.36 40.0 -1.0 0.01833750883669998 156.6283472403516 1.7779723078722471 0.029030776940210157 14.344585528824162 32.0 14.800462232099497 32.0 0.01833389736323928 156.2496087174182 
247.23 88.36 40.0 -1.0 0.5730510034055938 82.09712650131839 1.343113799811736 0.011059343596270537 703.4490339185242 32.0 704.3529522487929 32.0 0.5730498742195778 81.97032581678029 
247.23 88.36 40.0 -1.0 0.019556066824271988 0.0 1.1877019533873836 0.06082638977948797 0.6685617927064486 4.0 -1.0 -1.0 -1.0 -1.0 
247.23 88.36 40.0 -1.0 1.569859 104.41889816023439 3.14593521593293 0.03732528463741307 539.1103913528414 16.0 541.3975991052736 32.0 1.569863646485222 104.4362669665645 
247.23 88.36 40.0 -1.0 0.01833750883669998 156.6283472403516 1.7779723078722471 0.029030776940210157 14.344585528824162 32.0 14.800462232099497 32.0 0.01833389736323928 156.2496087174182 
