283.16 13.23 20260402.0 741.0 1.4499216603224474 139.93741320381895 0.05358866120566024 0.1 0.3411581235439513 1.0 -1.0 -1.0 -1.0 -1.0 
283.16 13.23 20260402.0 493.0 296.81031620473095 219.3377989374144 0.02689322988764996 0.1 0.3429975225664548 1.0 -1.0 -1.0 -1.0 -1.0 
283.16 13.23 20260402.0 599.0 0.039142364678518046 66.2267904246645 0.019898937272332506 0.1 0.3374783802688519 1.0 -1.0 -1.0 -1.0 -1.0 
283.16 13.23 20260402.0 982.0 0.765609 170.84666601037677 0.03639620525988885 0.1 0.341090201774758 1.0 -1.0 -1.0 -1.0 -1.0 
283.16 13.23 20260402.0 877.0 12.359917476 512.5399980311303 0.08922674486302233 0.1 2.517296835495168 32.0 -1.0 -1.0 -1.0 -1.0 
282.84 13.23 20260402.0 294.0 3.386501 53.214932501414026 0.4042599017082545 0.1 2.5271982472335934 32.0 -1.0 -1.0 -1.0 -1.0 
282.84 13.23 20260402.0 264.0 0.571574196782 4.513990504361227 0.5702635424403566 0.1 2.256051734553375 32.0 -1.0 -1.0 -1.0 -1.0 
282.84 13.23 20260402.0 826.0 1.9411179295 92.53680533940516 0.029726742058157247 0.1 0.341439028098952 1.0 -1.0 -1.0 -1.0 -1.0 
282.84 13.23 20260402.0 510.0 0.002971694781935529 145.6012714906738 0.25254584867986474 0.1 0.3384351914945335 1.0 -1.0 -1.0 -1.0 -1.0 
282.84 13.23 20260402.0 120.0 0.005920712181085924 0.0 0.09028083341550167 0.1 0.33776200042446924 1.0 -1.0 -1.0 -1.0 -1.0 
282.84 13.23 20260402.0 1052.0 0.378019 334.3362300230216 0.5976922819163438 0.1 3.5624649168655504 32.0 -1.0 -1.0 -1.0 -1.0 
288.2 4.01 20260402.0 889.0 0.555864 116.51249708257264 0.03406067303515039 0.1 0.33803511340032777 1.0 -1.0 -1.0 -1.0 -1.0 
288.2 4.01 20260402.0 1131.0 1.131171 209.2567659525736 0.5299957990657957 0.1 4.023386042717494 32.0 -1.0 -1.0 -1.0 -1.0 
288.2 4.01 20260402.0 135.0 0.9992746586412061 2.890730458285744 0.07317899463156684 0.1 0.338873789282639 1.0 -1.0 -1.0 -1.0 -1.0 
288.2 4.01 20260402.0 501.0 1.752273 0.0 0.7089001340999033 0.1 3.54777565156223 32.0 -1.0 -1.0 -1.0 -1.0 
288.2 4.01 20260402.0 3.0 3.57439188715 267.6334615962885 0.07723048797037538 0.1 3.0442750654617323 32.0 -1.0 -1.0 -1.0 -1.0 
288.2 4.01 20260402.0 650.0 174.16720665567405 535.266923192577 0.09046813752760459 0.1 0.34434567420015316 1.0 -1.0 -1.0 -1.0 -1.0 
288.2 4.01 20260402.0 248.0 1.1510060470512 802.9003847888655 0.3652214325520265 0.1 3.1260757809492667 32.0 -1.0 -1.0 -1.0 -1.0 
283.49 13.23 20260402.0 400.0 7.16816991526 54.623371171273774 0.8049901736525529 0.1 3.046606116901522 32.0 -1.0 -1.0 -1.0 -1.0 
283.49 13.23 20260402.0 108.0 0.28238416279484624 49.21355652642647 0.03329294667906999 0.1 0.33757730194403107 1.0 -1.0 -1.0 -1.0 -1.0 
283.49 13.23 20260402.0 1047.0 0.07943282347242814 104.20458500366074 0.14949183117699152 0.1 0.337666346623688 1.0 -1.0 -1.0 -1.0 -1.0 
283.49 13.23 20260402.0 222.0 0.513208827209361 0.0 0.2094267259147316 0.1 0.3479205719897252 1.0 -1.0 -1.0 -1.0 -1.0 
283.49 13.23 20260402.0 1038.0 0.01919987137799134 525.1722003284293 0.42870960754281573 0.1 0.3504803868649697 1.0 -1.0 -1.0 -1.0 -1.0 
287.88 4.02 20260402.0 82.0 2.185717553667 43.475435525134394 0.17742912160141563 0.1 2.51661868951687 32.0 -1.0 -1.0 -1.0 -1.0 
287.88 4.02 20260402.0 899.0 17.581787439437928 75.1709772140238 0.10034601957653146 0.1 0.36024770294642894 1.0 -1.0 -1.0 -1.0 -1.0 
287.88 4.02 20260402.0 827.0 0.0741417828723554 24.746251799881566 0.029501696080549082 0.1 0.3374793260156623 1.0 -1.0 -1.0 -1.0 -1.0 
287.88 4.02 20260402.0 124.0 34.39137817982709 117.03621142341247 0.10444842371142099 0.1 0.3736920706495416 1.0 -1.0 -1.0 -1.0 -1.0 
287.88 4.02 20260402.0 83.0 1.261341099297 90.67975830778519 0.17152342191960426 0.1 2.5225226915906034 32.0 -1.0 -1.0 -1.0 -1.0 
287.88 4.02 20260402.0 214.0 0.01876373659635573 0.0 0.3501502376491989 0.1 1.8199193630847526 16.0 -1.0 -1.0 -1.0 -1.0 
287.88 4.02 20260402.0 1133.0 1.2649434 564.9264195137347 0.034966677291472716 0.1 0.3421258084836766 1.0 -1.0 -1.0 -1.0 -1.0 
287.88 4.02 20260402.0 781.0 225.01840471114 847.389629270602 0.01645589971998487 0.1 0.3388593632127801 1.0 -1.0 -1.0 -1.0 -1.0 
283.16 13.23 20260402.0 1048.0 0.0011114843736737697 33.9335412237832 2.223999644408111 0.1 1.9537383349541022 1.0 -1.0 -1.0 -1.0 -1.0 
283.49 13.23 20260402.0 703.0 7.146916389768 54.99102847723427 2.7305090755433166 0.1 21.721000357938195 16.0 20.75753786351845 16.0 7.146930632491907 54.95047767717493 
282.84 13.23 20260402.0 788.0 0.945001 9.830468209497784 9.25543083383461 0.1 44.539212670680065 16.0 50.54031314281178 32.0 0.9449953116321316 9.816199511392206 
288.2 4.01 20260402.0 1047.0 0.3275 48.90152358600051 1.5996331735108558 0.1 4.493290747026309 32.0 -1.0 -1.0 -1.0 -1.0 
287.88 4.02 20260402.0 819.0 64.54668603695595 143.9011491650647 3.4486868843098253 0.1 4.051725374940568 2.0 -1.0 -1.0 -1.0 -1.0 
283.16 13.23 20260402.0 640.0 5.446712522089698 94.41930956829103 5.7819749743951 0.1 65.19984394377504 32.0 64.57098288626798 32.0 5.446721236997595 94.41767158895803 
283.49 13.23 20260402.0 1.0 122.285985983522 80.72703989446903 2.3568787118632564 0.1 2.7116008906861513 2.0 -1.0 -1.0 -1.0 -1.0 
282.84 13.23 20260402.0 85.0 0.482589475307 22.0182425712731 1.4421681552054733 0.1 5.260408056237959 32.0 -1.0 -1.0 -1.0 -1.0 
288.2 4.01 20260402.0 1073.0 10.46014765666347 67.53067542828641 5.028866967141122 0.1 62.47627256009599 32.0 62.44825666140657 32.0 10.460159198070567 67.49902138245982 
287.88 4.02 20260402.0 372.0 7.478313 282.46320975686734 1.4273006104727985 0.1 7.921195826836442 16.0 8.633416381511859 16.0 7.478289868837844 282.443431302017 
283.49 13.23 20260402.0 874.0 65.44272043545732 62.55426448556449 1.000691083300461 0.1 5.744579193166157 4.0 -1.0 -1.0 -1.0 -1.0 
282.84 13.23 20260402.0 221.0 1.528397635626 167.1681150115108 2.4012536820103056 0.1 9.189555898762615 16.0 8.788780310934468 16.0 1.5283755298393469 167.17898549298894 
283.16 13.23 20260402.0 36.0 0.727899551124 7.842646234499743 9.67383242068429 0.1 66.64870292503633 32.0 61.9668350100527 32.0 0.3639494631594668 8.601824314106572 
288.2 4.01 20260402.0 830.0 57.27738648331841 221.542370400288 1.9356582498136592 0.1 11.551420868260923 4.0 11.697785880792454 4.0 57.277308466533825 221.52227557152105 
104.57 14.24 20260402.0 110.0 0.3378130872361059 38.426875681858654 0.5112942010191996 0.1 3.548583565981142 32.0 -1.0 -1.0 -1.0 -1.0 
104.57 14.24 20260402.0 826.0 1.48817452033 72.19481881257052 0.1125395386653212 0.1 0.4241585671221221 16.0 -1.0 -1.0 -1.0 -1.0 
104.57 14.24 20260402.0 329.0 2.3707006046372 9.802394087612827 0.05911220609412288 0.1 3.2984492308253057 32.0 -1.0 -1.0 -1.0 -1.0 
104.57 14.24 20260402.0 1149.0 0.8189874162 77.04010866576317 0.3370953604869895 0.1 3.621636445455034 16.0 -1.0 -1.0 -1.0 -1.0 
104.57 14.24 20260402.0 780.0 0.0035063312405363956 46.77568281351368 0.5366275525710392 0.1 0.42727155915230186 1.0 -1.0 -1.0 -1.0 -1.0 
104.57 14.24 20260402.0 938.0 171.22104938954 100.4465858027246 0.3718407956863617 0.1 2.022805045059758 1.0 -1.0 -1.0 -1.0 -1.0 
104.57 14.24 20260402.0 669.0 0.020102788454756687 0.0 0.019477308940258127 0.1 3.5465891705686174 32.0 -1.0 -1.0 -1.0 -1.0 
104.57 14.24 20260402.0 897.0 3.894405558948306 124.22577754377777 0.44377692492996235 0.1 3.1050442272245964 16.0 -1.0 -1.0 -1.0 -1.0 
104.57 14.24 20260402.0 744.0 0.91744 248.45155508755553 0.10509986549258755 0.1 2.192590202875589 16.0 -1.0 -1.0 -1.0 -1.0 
283.49 13.23 20260402.0 438.0 1.3559 175.05740010947645 7.575092471847536 0.1 7.021801989533445 2.0 6.89690259523508 2.0 1.355753435442845 174.87002840913127 
282.84 13.23 20260402.0 8.0 276.59755044807 501.5043450345324 2.3358063980337582 0.1 4.32986098474892 1.0 -1.0 -1.0 -1.0 -1.0 
283.16 13.23 20260402.0 316.0 196.27145538862112 0.0 2.7135845277589143 0.1 6.85135286718915 2.0 -1.0 -1.0 -1.0 -1.0 
104.57 14.24 20260402.0 1121.0 3.89441988715 372.6773326313333 1.5052816303829482 0.1 26.77433005184052 32.0 26.909550358655864 32.0 3.89442599650162 372.6107897004753 
104.9 14.24 20260402.0 566.0 2.28263881746 1.3298708410429771 0.02665278366645541 0.1 2.5165597832732955 32.0 -1.0 -1.0 -1.0 -1.0 
104.9 14.24 20260402.0 347.0 0.005733282760724394 67.38012261284418 0.10394453964744334 0.1 1.3689059376037036 32.0 -1.0 -1.0 -1.0 -1.0 
104.9 14.24 20260402.0 401.0 0.403403 106.38966728343817 0.24498467270948532 0.1 3.0448440048281395 32.0 -1.0 -1.0 -1.0 -1.0 
104.9 14.24 20260402.0 786.0 1.6336314252829 82.93222328170789 0.16040596785870806 0.1 4.026838817602555 32.0 -1.0 -1.0 -1.0 -1.0 
104.9 14.24 20260402.0 165.0 0.971157 68.82081602397407 0.09993093939658365 0.1 3.7893194171386946 32.0 -1.0 -1.0 -1.0 -1.0 
104.9 14.24 20260402.0 957.0 41.71316172593156 40.2655337982457 0.10265997167873735 0.1 0.4501824547367638 1.0 -1.0 -1.0 -1.0 -1.0 
104.9 14.24 20260402.0 200.0 1.15226 0.0 0.6229876651759418 0.1 1.349963136233717 8.0 -1.0 -1.0 -1.0 -1.0 
104.9 14.24 20260402.0 1131.0 1.07069638835 123.1238753665623 0.026597602073066332 0.1 0.34432882070534154 1.0 -1.0 -1.0 -1.0 -1.0 
104.9 14.24 20260402.0 625.0 217.15243613666988 246.2477507331246 0.10626803258762317 0.1 0.45629912732591055 1.0 -1.0 -1.0 -1.0 -1.0 
283.49 13.23 20260402.0 965.0 0.2656936554 350.1148002189529 1.4907929892623273 0.1 30.337747861166015 32.0 29.39083991116129 32.0 0.2656937188779315 350.34724441690537 
283.16 13.23 20260402.0 1141.0 2.4784478211 341.69333202075353 4.127257507209404 0.1 71.28578058723699 32.0 69.80074361966645 32.0 2.4784640118014067 341.64422216969166 
104.9 14.24 20260402.0 641.0 1.864837 369.3716260996869 9.403668908068452 0.1 176.4785824685802 32.0 175.8694452926914 32.0 1.8648279365152123 369.2712579079398 
170.71 62.34 20260402.0 712.0 12.173043099347511 61.01577772714516 0.05608863713741786 0.1 0.40064952796656317 1.0 -1.0 -1.0 -1.0 -1.0 
170.71 62.34 20260402.0 126.0 3.31720316669 65.01975138798622 0.01109186309333635 0.1 0.34119890218661547 1.0 -1.0 -1.0 -1.0 -1.0 
170.71 62.34 20260402.0 678.0 2.12042426647 94.60134783748363 0.025306980126384854 0.1 2.5477337275157694 16.0 -1.0 -1.0 -1.0 -1.0 
170.71 62.34 20260402.0 323.0 0.0021443838166475015 18.597561242593116 0.02853944640091901 0.1 0.3375343358801798 1.0 -1.0 -1.0 -1.0 -1.0 
170.71 62.34 20260402.0 341.0 6.16053837508 0.0 0.11215147261470601 0.1 3.298514636871505 32.0 -1.0 -1.0 -1.0 -1.0 
170.71 62.34 20260402.0 374.0 4.37505274487 39.83654988532317 0.017093196386209177 0.1 0.344061162627682 1.0 -1.0 -1.0 -1.0 -1.0 
170.71 62.34 20260402.0 579.0 2.370826 119.50964965596951 0.2702359815918434 0.1 2.984710721074662 16.0 -1.0 -1.0 -1.0 -1.0 
245.0 62.27 20260402.0 641.0 1.70068 118.72325716790233 0.3310945218811978 0.1 3.898019469027852 16.0 -1.0 -1.0 -1.0 -1.0 
245.0 62.27 20260402.0 11.0 0.017116042703208576 95.37325368058636 0.1271775461173582 0.1 2.242058437533789 32.0 -1.0 -1.0 -1.0 -1.0 
245.0 62.27 20260402.0 127.0 0.1893240918829196 37.44095900458032 0.10804467322518921 0.1 1.0743858977332528 32.0 -1.0 -1.0 -1.0 -1.0 
245.0 62.27 20260402.0 765.0 429.838515818049 42.159025798062906 0.07528139683571039 0.1 0.35968293802475176 1.0 -1.0 -1.0 -1.0 -1.0 
245.0 62.27 20260402.0 1074.0 1.81119402046 84.31805159612581 0.10864346302698646 0.1 0.5011246705797263 32.0 -1.0 -1.0 -1.0 -1.0 
245.0 62.27 20260402.0 167.0 0.12123093239942118 126.47707739418873 0.11000290147540624 0.1 2.547453850735327 16.0 -1.0 -1.0 -1.0 -1.0 
96.46 62.24 20260402.0 14.0 327.405572743031 202.1028644791971 0.0124139328239447 0.1 0.33867317025211074 1.0 -1.0 -1.0 -1.0 -1.0 
96.46 62.24 20260402.0 721.0 3.058385 73.6797125344233 0.05008065115563314 0.1 0.3480747973373314 1.0 -1.0 -1.0 -1.0 -1.0 
96.46 62.24 20260402.0 297.0 0.872147648765 81.11508039714764 0.02553528527519724 0.1 0.3384536492374997 1.0 -1.0 -1.0 -1.0 -1.0 
96.46 62.24 20260402.0 219.0 0.017353646892825852 70.78818058780828 0.012560585988318855 0.1 0.33749130644341907 1.0 -1.0 -1.0 -1.0 -1.0 
96.46 62.24 20260402.0 1074.0 208.428863 89.9418621289198 0.01593016308902639 0.1 0.3394389239888422 1.0 -1.0 -1.0 -1.0 -1.0 
96.46 62.24 20260402.0 439.0 109.99844724197537 144.92445079801288 0.11489629662788922 0.1 0.46022798361624573 1.0 -1.0 -1.0 -1.0 -1.0 
170.71 62.34 20260402.0 864.0 0.71602537668 117.50168674545819 2.8816814083529803 0.1 28.258615581678733 16.0 28.204551368677343 16.0 0.7160148622157674 117.18720653806366 
96.46 62.24 20260402.0 845.0 2.185604502 47.2863307059223 1.4521657905065417 0.1 13.641209236697446 32.0 13.212628568277575 32.0 2.185606717830524 47.25943476103258 
325.84 62.12 20260402.0 781.0 133.41666610200812 99.7775985856576 0.7172747925877021 0.1 4.772445893884473 2.0 -1.0 -1.0 -1.0 -1.0 
325.84 62.12 20260402.0 1098.0 1.35421422194 68.92531481246084 0.012752947183557435 0.1 0.33765702438972134 1.0 -1.0 -1.0 -1.0 -1.0 
325.84 62.12 20260402.0 669.0 0.98840874179 0.0 0.01985773875891723 0.1 3.5467477905418914 32.0 -1.0 -1.0 -1.0 -1.0 
325.84 62.12 20260402.0 960.0 4.25081644951 168.29895550910769 0.01418453755649639 0.1 0.33842859799902486 1.0 -1.0 -1.0 -1.0 -1.0 
325.84 62.12 20260402.0 451.0 0.655623504347 504.896866527323 0.8513203390023171 0.1 21.589322838503136 32.0 21.191751356493633 32.0 0.6556244140180449 504.8764882715022 
170.71 62.34 20260402.0 253.0 0.692049 64.03967425309378 1.1649482428952809 0.1 3.9792889092542856 8.0 -1.0 -1.0 -1.0 -1.0 
245.0 62.27 20260402.0 373.0 0.7479 58.09673132028291 9.22988988163968 0.1 323.8907013309905 32.0 174.69019294485105 32.0 0.4986153120019784 58.08761360349616 
170.71 62.34 20260402.0 383.0 0.14908171143636184 79.67309977064635 3.3500593819297015 0.1 2.8050237651686216 8.0 -1.0 -1.0 -1.0 -1.0 
96.46 62.24 20260402.0 367.0 0.824545 0.0 2.770411328532606 0.1 2.5661287850461227 16.0 -1.0 -1.0 -1.0 -1.0 
245.0 62.27 20260402.0 353.0 1.776199 12.99049489787297 3.905342843907336 0.1 37.72424121558085 16.0 37.856527699649554 16.0 1.7761825195824108 13.054533370820563 
287.88 4.02 20260402.0 82.0 2.185717553667 43.475435525134394 0.17742912160141563 0.1 2.51661868951687 32.0 -1.0 -1.0 -1.0 -1.0 
287.88 4.02 20260402.0 899.0 17.581787439437928 75.1709772140238 0.10034601957653146 0.1 0.36024770294642894 1.0 -1.0 -1.0 -1.0 -1.0 
287.88 4.02 20260402.0 827.0 0.0741417828723554 24.746251799881566 0.029501696080549082 0.1 0.3374793260156623 1.0 -1.0 -1.0 -1.0 -1.0 
287.88 4.02 20260402.0 124.0 34.39137817982709 117.03621142341247 0.10444842371142099 0.1 0.3736920706495416 1.0 -1.0 -1.0 -1.0 -1.0 
287.88 4.02 20260402.0 83.0 1.261341099297 90.67975830778519 0.17152342191960426 0.1 2.5225226915906034 32.0 -1.0 -1.0 -1.0 -1.0 
287.88 4.02 20260402.0 214.0 0.01876373659635573 0.0 0.3501502376491989 0.1 1.8199193630847526 16.0 -1.0 -1.0 -1.0 -1.0 
287.88 4.02 20260402.0 1133.0 1.2649434 564.9264195137347 0.034966677291472716 0.1 0.3421258084836766 1.0 -1.0 -1.0 -1.0 -1.0 
287.88 4.02 20260402.0 781.0 225.01840471114 847.389629270602 0.01645589971998487 0.1 0.3388593632127801 1.0 -1.0 -1.0 -1.0 -1.0 
171.39 62.34 20260402.0 514.0 1.6226634697651 104.69495520407591 0.07118446715675184 0.1 0.4591237823078768 32.0 -1.0 -1.0 -1.0 -1.0 
171.39 62.34 20260402.0 868.0 3.771122049424196 20.119867645856285 0.08407995474119216 0.1 0.4186863179441243 1.0 -1.0 -1.0 -1.0 -1.0 
171.39 62.34 20260402.0 900.0 1.5564067924676 50.616094332809965 0.331323335776144 0.1 2.6598640471045303 16.0 -1.0 -1.0 -1.0 -1.0 
171.39 62.34 20260402.0 67.0 8.48877991026 0.0 0.16387830076108614 0.1 0.4459868458684875 1.0 -1.0 -1.0 -1.0 -1.0 
171.39 62.34 20260402.0 35.0 19.230769 39.79793404370267 0.033201072667495064 0.1 0.34679017384229244 1.0 -1.0 -1.0 -1.0 -1.0 
171.39 62.34 20260402.0 726.0 12.608085313 79.59586808740534 0.1481552588851499 0.1 3.0454447401540485 32.0 -1.0 -1.0 -1.0 -1.0 
171.39 62.34 20260402.0 903.0 2.5269713831 119.393802131108 0.19157032358907672 0.1 2.887031936143421 16.0 -1.0 -1.0 -1.0 -1.0 
96.46 62.24 20260402.0 824.0 0.1011112983493 72.46222539900644 2.4787882220953037 0.1 2.6433370156922082 16.0 -1.0 -1.0 -1.0 -1.0 
325.84 62.12 20260402.0 941.0 0.0010762985944082135 59.93725178197144 1.1481694855213498 0.1 0.6316231032391397 4.0 -1.0 -1.0 -1.0 -1.0 
245.0 62.27 20260402.0 802.0 0.014506232098234265 68.7598152530063 8.00553460268238 0.1 4.544416511344249 2.0 -1.0 -1.0 -1.0 -1.0 
171.39 62.34 20260402.0 113.0 23.70226863374437 91.29763087253244 1.0939661911164156 0.1 9.240978710582917 4.0 9.439952013546591 4.0 23.702159523963928 91.28053566263681 
245.0 62.27 20260402.0 963.0 1.72539706537 0.0 4.38292638550424 0.1 115.10264096768404 32.0 -1.0 -1.0 -1.0 -1.0 
171.39 62.34 20260402.0 1092.0 27.838309386354652 112.3846850343023 2.6432741830971556 0.1 27.191924545566856 8.0 25.990677935660006 8.0 27.83842016166697 112.5321016151354 
287.88 4.02 20260402.0 819.0 64.54668603695595 143.9011491650647 3.4486868843098253 0.1 4.051725374940568 2.0 -1.0 -1.0 -1.0 -1.0 
96.46 62.24 20260402.0 515.0 1.1312834366320195 217.38667619701934 3.6045884399314216 0.1 86.98774565365736 32.0 87.13958614564629 32.0 1.1312901430452864 217.2719623810213 
245.69 62.27 20260402.0 802.0 0.04835637997368688 93.88582986665602 0.012371126305091651 0.1 1.8197304357799962 16.0 -1.0 -1.0 -1.0 -1.0 
245.69 62.27 20260402.0 239.0 1.84699098534 40.04831305080842 0.02104419479756245 0.1 0.4585069003338624 8.0 -1.0 -1.0 -1.0 -1.0 
245.69 62.27 20260402.0 603.0 2.912037613413 45.80755730961963 0.020442360985995726 0.1 0.3411995422307825 1.0 -1.0 -1.0 -1.0 -1.0 
245.69 62.27 20260402.0 1123.0 0.1703344611648925 53.342779974231675 0.11984167233780622 0.1 0.9471452352082032 32.0 -1.0 -1.0 -1.0 -1.0 
245.69 62.27 20260402.0 289.0 1.26385141176 84.56194323620174 0.09236268504401966 0.1 0.3385936460744679 1.0 -1.0 -1.0 -1.0 -1.0 
245.69 62.27 20260402.0 379.0 6.2435670953068 126.8429148543026 0.013608597880788035 0.1 0.34375876943088235 1.0 -1.0 -1.0 -1.0 -1.0 
171.39 62.34 20260402.0 107.0 0.046825583003315005 49.26680944023919 1.3684017514024303 0.1 3.5774134001840006 32.0 -1.0 -1.0 -1.0 -1.0 
325.84 62.12 20260402.0 499.0 0.0012017992614106908 0.1514842083790348 5.547207448246047 0.1 3.6959590025691558 1.0 -1.0 -1.0 -1.0 -1.0 
97.15 62.24 20260402.0 421.0 16.2084738041 61.79396052561868 0.3518476344085462 0.1 2.8866013277973037 16.0 -1.0 -1.0 -1.0 -1.0 
97.15 62.24 20260402.0 236.0 0.11902282447787144 17.572858188961877 0.0878201873844514 0.1 0.7198170508268934 32.0 -1.0 -1.0 -1.0 -1.0 
97.15 62.24 20260402.0 378.0 0.49214049533 183.6695446035102 0.19544704242172933 0.1 1.39407218950886 16.0 -1.0 -1.0 -1.0 -1.0 
97.15 62.24 20260402.0 714.0 3.250099739409 89.1699478869856 0.434974548894717 0.1 3.0456415324330726 32.0 -1.0 -1.0 -1.0 -1.0 
97.15 62.24 20260402.0 581.0 1.9546609131310237 25.34258720551871 0.3154640648174145 0.1 2.422374857051901 16.0 -1.0 -1.0 -1.0 -1.0 
97.15 62.24 20260402.0 999.0 1.577139 0.0 0.11868817192515867 0.1 0.3432046215961315 1.0 -1.0 -1.0 -1.0 -1.0 
97.15 62.24 20260402.0 1005.0 2.4822647836094 71.34023915202184 0.35039222063109066 0.1 1.970172158083385 16.0 -1.0 -1.0 -1.0 -1.0 
97.15 62.24 20260402.0 737.0 243.902439 214.0207174560655 0.47257141320523277 0.1 0.9770995418920472 1.0 -1.0 -1.0 -1.0 -1.0 
245.69 62.27 20260402.0 997.0 24.009604 68.85721990490595 4.854769522709867 0.1 53.75381176871913 8.0 52.63078475934841 8.0 24.00956873316318 68.81459451285258 
172.08 62.34 20260402.0 678.0 1.155259714038 24.323205346552903 0.013459003352058994 0.1 2.5475185513918563 16.0 -1.0 -1.0 -1.0 -1.0 
172.08 62.34 20260402.0 1140.0 56.23413251903491 61.43428520585946 0.607265121306145 0.1 4.378062190740757 2.0 -1.0 -1.0 -1.0 -1.0 
172.08 62.34 20260402.0 376.0 4.408874443345368 87.7257734764836 0.07015919679774664 0.1 0.3805990327698253 1.0 -1.0 -1.0 -1.0 -1.0 
172.08 62.34 20260402.0 745.0 0.049253486105605454 23.04680369276126 0.2207162879276 0.1 3.2984946874747303 32.0 -1.0 -1.0 -1.0 -1.0 
172.08 62.34 20260402.0 999.0 5.830224 102.10020331591284 0.01970740596350545 0.1 0.45847301631581105 8.0 -1.0 -1.0 -1.0 -1.0 
172.08 62.34 20260402.0 610.0 1.675604720772 0.0 0.08733616532612773 0.1 0.3426380808172893 1.0 -1.0 -1.0 -1.0 -1.0 
172.08 62.34 20260402.0 758.0 15.818294755980364 39.759315066238756 0.0952791556396117 0.1 0.5144507257236979 32.0 -1.0 -1.0 -1.0 -1.0 
172.08 62.34 20260402.0 1066.0 0.466127 79.51863013247751 0.4959861472667842 0.1 9.337759520710273 32.0 8.943394171672711 32.0 0.4661160346586258 79.54157542220902 
287.88 4.02 20260402.0 372.0 7.478313 282.46320975686734 1.4273006104727985 0.1 7.921195826836442 16.0 8.633416381511859 16.0 7.478289868837844 282.443431302017 
245.69 62.27 20260402.0 534.0 0.78939674447 36.02699051767371 6.360340234416483 0.1 25.573137132201435 8.0 27.084644674470624 16.0 0.7893807681587836 36.02646418614047 
172.08 62.34 20260402.0 624.0 1.3475 54.31267971694721 1.8303167436074295 0.1 56.20165613556243 32.0 55.889787348737535 32.0 1.3475073501467705 54.343290078532114 
97.15 62.24 20260402.0 150.0 1.5105891872725 105.69399967977313 6.191261931146327 0.1 85.64521348518284 32.0 71.07910038393987 32.0 0.5035265833915522 105.85303803006441 
325.84 62.12 20260402.0 205.0 0.0010713638166643758 61.048135976751034 1.4764438042523005 0.1 0.7218720291406895 4.0 -1.0 -1.0 -1.0 -1.0 
245.69 62.27 20260402.0 1121.0 0.07448328518400348 0.0 1.259534364311018 0.1 15.63725635286416 32.0 -1.0 -1.0 -1.0 -1.0 
172.08 62.34 20260402.0 853.0 328.38745250415786 119.27794519871627 4.499510986058557 0.1 22.66115477192825 1.0 -1.0 -1.0 -1.0 -1.0 
97.15 62.24 20260402.0 277.0 54.95674577910229 142.68047830404367 4.635180028843619 0.1 18.379392722764038 4.0 18.335395817553533 4.0 54.95676305145026 142.68908568106198 
288.2 4.01 20260402.0 889.0 0.555864 116.51249708257264 0.03406067303515039 0.1 0.33803511340032777 1.0 -1.0 -1.0 -1.0 -1.0 
288.2 4.01 20260402.0 1131.0 1.131171 209.2567659525736 0.5299957990657957 0.1 4.023386042717494 32.0 -1.0 -1.0 -1.0 -1.0 
288.2 4.01 20260402.0 135.0 0.9992746586412061 2.890730458285744 0.07317899463156684 0.1 0.338873789282639 1.0 -1.0 -1.0 -1.0 -1.0 
288.2 4.01 20260402.0 501.0 1.752273 0.0 0.7089001340999033 0.1 3.54777565156223 32.0 -1.0 -1.0 -1.0 -1.0 
288.2 4.01 20260402.0 3.0 3.57439188715 267.6334615962885 0.07723048797037538 0.1 3.0442750654617323 32.0 -1.0 -1.0 -1.0 -1.0 
288.2 4.01 20260402.0 650.0 174.16720665567405 535.266923192577 0.09046813752760459 0.1 0.34434567420015316 1.0 -1.0 -1.0 -1.0 -1.0 
288.2 4.01 20260402.0 248.0 1.1510060470512 802.9003847888655 0.3652214325520265 0.1 3.1260757809492667 32.0 -1.0 -1.0 -1.0 -1.0 
172.77 62.34 20260402.0 724.0 18.750126482156855 83.07619282625936 0.01897264203540806 0.1 0.33867787698212026 1.0 -1.0 -1.0 -1.0 -1.0 
172.77 62.34 20260402.0 162.0 0.460680611 27.827128137902108 0.05554877262434196 0.1 1.3439088732712516 8.0 -1.0 -1.0 -1.0 -1.0 
172.77 62.34 20260402.0 866.0 0.021242512493659646 104.14615537350173 0.03455841816429399 0.1 0.3375147406323097 1.0 -1.0 -1.0 -1.0 -1.0 
172.77 62.34 20260402.0 398.0 130.38603910501416 79.44138593886743 0.2537700960429789 0.1 1.6053234710832602 1.0 -1.0 -1.0 -1.0 -1.0 
245.69 62.27 20260402.0 817.0 4.288969335171292 42.28097161810087 2.9974205107100906 0.1 70.40621723302417 32.0 69.7529318947386 32.0 4.288964798130716 42.300736038782915 
97.83 62.24 20260402.0 37.0 0.5108557892033546 180.65853171333046 0.022942252941326926 0.1 0.337928516023504 1.0 -1.0 -1.0 -1.0 -1.0 
97.83 62.24 20260402.0 737.0 57.80624908500715 108.88862937612949 0.2650588651678506 0.1 0.7853397127792103 1.0 -1.0 -1.0 -1.0 -1.0 
97.83 62.24 20260402.0 253.0 0.323807374468 84.21311196956906 0.23634006668682334 0.1 3.2989954035572113 32.0 -1.0 -1.0 -1.0 -1.0 
97.83 62.24 20260402.0 492.0 0.006580779070296953 18.538273333646682 0.053997448301046636 0.1 0.33908661994208095 1.0 -1.0 -1.0 -1.0 -1.0 
97.83 62.24 20260402.0 377.0 3.09703753311 0.0 0.40565872010823184 0.1 4.10176649166298 32.0 -1.0 -1.0 -1.0 -1.0 
97.83 62.24 20260402.0 715.0 1.20442744835 70.29358932997087 0.345107021422409 0.1 2.1382149017767436 8.0 -1.0 -1.0 -1.0 -1.0 
97.83 62.24 20260402.0 328.0 2.44468374341 210.8807679899126 0.12647660548539622 0.1 0.4506211735538522 1.0 -1.0 -1.0 -1.0 -1.0 
172.77 62.34 20260402.0 913.0 13.06483380156 87.50946548891443 6.0978750043466965 0.1 121.03718655754952 16.0 121.02879467291348 16.0 13.064830757987997 87.53621213767278 
246.38 62.27 20260402.0 520.0 370.397553 32.95035706827888 0.023101297000831605 0.1 0.34388405100574515 1.0 -1.0 -1.0 -1.0 -1.0 
246.38 62.27 20260402.0 1127.0 0.22441424462533485 21.34776029365713 0.9917441330617631 0.1 2.793017688654703 32.0 -1.0 -1.0 -1.0 -1.0 
246.38 62.27 20260402.0 737.0 1.5391817877438576 30.151485039313112 0.028757152108352054 0.1 3.044367175249453 32.0 -1.0 -1.0 -1.0 -1.0 
246.38 62.27 20260402.0 250.0 6.109834011889509 10.737490874759606 0.010634147265031731 0.1 0.3424897577539401 1.0 -1.0 -1.0 -1.0 -1.0 
246.38 62.27 20260402.0 759.0 0.04993722094168147 0.0 0.8685481096141667 0.1 3.7043173036016777 32.0 -1.0 -1.0 -1.0 -1.0 
246.38 62.27 20260402.0 188.0 5.3890932493 127.20873371649442 0.09210780431878308 0.1 3.548577373557494 32.0 -1.0 -1.0 -1.0 -1.0 
325.84 62.12 20260402.0 213.0 0.0033953328315766236 45.84922040272121 2.421243143225896 0.1 0.47130310681401694 2.0 -1.0 -1.0 -1.0 -1.0 
172.77 62.34 20260402.0 1124.0 200.658805294298 68.73956107041515 2.453233993455733 0.1 22.72060080227269 1.0 22.693036799379254 1.0 200.65926946699622 68.71339657974546 
246.38 62.27 20260402.0 373.0 0.00380870477961134 43.789625107728156 3.8784559734588844 0.1 11.110618191761073 32.0 -1.0 -1.0 -1.0 -1.0 
97.83 62.24 20260402.0 273.0 219.298246 144.02487894820612 1.5230644166683824 0.1 7.873872833312123 1.0 -1.0 -1.0 -1.0 -1.0 
288.2 4.01 20260402.0 1047.0 0.3275 48.90152358600051 1.5996331735108558 0.1 4.493290747026309 32.0 -1.0 -1.0 -1.0 -1.0 
172.77 62.34 20260402.0 17.0 2.936603821673 74.90085667953522 6.7636794708491355 0.1 172.616663849629 32.0 172.7209668403361 32.0 2.93660680957449 74.98766843238788 
97.83 62.24 20260402.0 1003.0 94.08695464729132 210.66986613173688 5.608863713741786 0.1 57.62425020260807 2.0 57.629615066945775 2.0 94.08686310052872 210.6940967290575 
325.84 62.12 20260402.0 255.0 5.81382 336.59791101821537 1.0209415996414983 0.1 12.981613780497055 32.0 12.734171835681607 32.0 5.813823615123208 336.68552344744205 
172.77 62.34 20260402.0 1160.0 0.7515283672579778 0.0 1.0118135941650404 0.1 6.840750780235146 32.0 -1.0 -1.0 -1.0 -1.0 
288.2 4.01 20260402.0 1073.0 10.46014765666347 67.53067542828641 5.028866967141122 0.1 62.47627256009599 32.0 62.44825666140657 32.0 10.460159198070567 67.49902138245982 
97.83 62.24 20260402.0 531.0 0.00820494416964135 140.58717865994174 7.6592883338116815 0.1 1.876980477387315 8.0 -1.0 -1.0 -1.0 -1.0 
246.38 62.27 20260402.0 920.0 0.173547943 90.4162886811807 8.195800136894427 0.1 268.817079776903 32.0 140.44728414190863 32.0 0.23140576862109205 90.77454599710113 
172.77 62.34 20260402.0 297.0 6.71616448537 39.72069296943371 5.008065115563315 0.1 44.83822639539667 16.0 45.19652993170488 32.0 6.7161636252421895 39.66958977799737 
246.38 62.27 20260402.0 1086.0 0.013232401061537778 42.40291123883147 9.2044194113327 0.1 6.9402210632836 16.0 -1.0 -1.0 -1.0 -1.0 
98.52 62.24 20260402.0 329.0 4.279869765973 43.837667577429755 0.048313489586663455 0.1 3.2984220508540627 32.0 -1.0 -1.0 -1.0 -1.0 
98.52 62.24 20260402.0 933.0 3.0949330625564375 12.548792045861408 0.29016582742063785 0.1 4.28533853799726 32.0 -1.0 -1.0 -1.0 -1.0 
98.52 62.24 20260402.0 1147.0 7.726184 69.24689385572198 0.034037150528824646 0.1 0.3873468692388076 1.0 -1.0 -1.0 -1.0 -1.0 
98.52 62.24 20260402.0 817.0 1.089112170924 138.49378771144396 0.02020368287586113 0.1 0.3399727237200569 1.0 -1.0 -1.0 -1.0 -1.0 
98.52 62.24 20260402.0 117.0 1.721551635017 207.74068156716595 0.38838184981041013 0.1 3.841164218243709 16.0 -1.0 -1.0 -1.0 -1.0 
288.2 4.01 20260402.0 830.0 57.27738648331841 221.542370400288 1.9356582498136592 0.1 11.551420868260923 4.0 11.697785880792454 4.0 57.277308466533825 221.52227557152105 
172.77 62.34 20260402.0 1091.0 1.179053775902218 119.16207890830114 5.702635424403569 0.1 128.61540098917686 32.0 128.78768708670117 32.0 1.1790386148883651 119.0087693339921 
246.38 62.27 20260402.0 1089.0 29.946923 84.80582247766294 1.3731366893478814 0.1 14.911800479293657 4.0 14.97332782567218 4.0 29.946871412297092 84.80386794378009 
98.52 62.24 20260402.0 174.0 241.545894 85.70160130658661 5.263469700238246 0.1 22.573366522108316 1.0 22.610872946097 1.0 241.5462707479795 85.71464934174433 
326.52 62.12 20260402.0 99.0 1.2140327894 73.98230436319551 0.24753656721131798 0.1 0.7987402573018082 8.0 -1.0 -1.0 -1.0 -1.0 
326.52 62.12 20260402.0 823.0 167.15383952386 33.5627039306204 0.021117011831285427 0.1 0.3384277852781168 1.0 -1.0 -1.0 -1.0 -1.0 
326.52 62.12 20260402.0 294.0 64.25074255867916 48.04983112647959 0.4322784408305817 0.1 0.9912698367029021 2.0 -1.0 -1.0 -1.0 -1.0 
326.52 62.12 20260402.0 342.0 24.38440141106 42.58493617003448 0.46160066588526383 0.1 1.12261464666958 4.0 -1.0 -1.0 -1.0 -1.0 
326.52 62.12 20260402.0 1024.0 1.372129046511402 0.0 0.011418413350785181 0.1 3.298397919707375 32.0 -1.0 -1.0 -1.0 -1.0 
326.52 62.12 20260402.0 714.0 1.729894 171.83485745124085 0.01452165790506541 0.1 3.0442699687724444 32.0 -1.0 -1.0 -1.0 -1.0 
326.52 62.12 20260402.0 833.0 0.23932694474989316 343.6697149024817 0.042959904408602125 0.1 3.546637363387167 32.0 -1.0 -1.0 -1.0 -1.0 
173.46 62.34 20260402.0 959.0 13.10182917749833 56.436074762179864 0.016928670902708085 0.1 0.3546744000288502 1.0 -1.0 -1.0 -1.0 -1.0 
173.46 62.34 20260402.0 957.0 3.09182036197 0.0 0.015657393701560413 0.1 0.3380186697727238 1.0 -1.0 -1.0 -1.0 -1.0 
173.46 62.34 20260402.0 607.0 3.0666178824950348 39.6754771529942 0.288765998383944 0.1 4.531264786848088 32.0 -1.0 -1.0 -1.0 -1.0 
173.46 62.34 20260402.0 574.0 164.1397912192 119.02643145898259 0.14491592444291002 0.1 0.4020611640795282 1.0 -1.0 -1.0 -1.0 -1.0 
247.06 62.27 20260402.0 197.0 0.98597987402 85.96831782821538 0.161517960493532 0.1 2.9681275499712885 32.0 -1.0 -1.0 -1.0 -1.0 
247.06 62.27 20260402.0 70.0 94.08695464729132 84.7945147352804 0.4755188273662868 0.1 2.40114045974231 1.0 -1.0 -1.0 -1.0 -1.0 
247.06 62.27 20260402.0 718.0 0.7886 122.47104227263867 0.283821508860516 0.1 0.41479895820727103 1.0 -1.0 -1.0 -1.0 -1.0 
247.06 62.27 20260402.0 630.0 0.1298824344332248 90.72732384631041 0.06498023507433717 0.1 3.546650977160571 32.0 -1.0 -1.0 -1.0 -1.0 
247.06 62.27 20260402.0 449.0 0.7654706993131225 75.14891540638001 0.3632085100703893 0.1 3.0452638751737577 32.0 -1.0 -1.0 -1.0 -1.0 
247.06 62.27 20260402.0 427.0 98.05993400760246 45.26797145362246 0.02298985084394086 0.1 0.34369347911841513 1.0 -1.0 -1.0 -1.0 -1.0 
247.06 62.27 20260402.0 497.0 2.88260068591 0.0 0.1471352636091612 0.1 2.626520508251291 32.0 -1.0 -1.0 -1.0 -1.0 
247.06 62.27 20260402.0 942.0 0.04155204828721927 42.524844660350524 0.9534500147295625 0.1 3.172333673728679 32.0 -1.0 -1.0 -1.0 -1.0 
173.46 62.34 20260402.0 44.0 355.07093686939163 69.58981081200243 1.5679042306102804 0.1 6.3013690392792245 1.0 -1.0 -1.0 -1.0 -1.0 
247.06 62.27 20260402.0 645.0 8.8799529 85.04968932070105 3.3362018990225044 0.1 26.286722964705262 16.0 26.24903316917603 16.0 8.879942470230162 85.00626380999437 
282.84 13.23 20260402.0 294.0 3.386501 53.214932501414026 0.4042599017082545 0.1 2.5271677083552846 32.0 -1.0 -1.0 -1.0 -1.0 
282.84 13.23 20260402.0 264.0 0.571574196782 4.513990504361227 0.5702635424403566 0.1 2.2546113847633507 32.0 -1.0 -1.0 -1.0 -1.0 
282.84 13.23 20260402.0 826.0 1.9411179295 92.53680533940516 0.029726742058157247 0.1 0.3414315252960117 1.0 -1.0 -1.0 -1.0 -1.0 
282.84 13.23 20260402.0 510.0 0.002971694781935529 145.6012714906738 0.25254584867986474 0.1 0.3384348603337664 1.0 -1.0 -1.0 -1.0 -1.0 
282.84 13.23 20260402.0 120.0 0.005920712181085924 0.0 0.09028083341550167 0.1 0.33776371237411573 1.0 -1.0 -1.0 -1.0 -1.0 
282.84 13.23 20260402.0 1052.0 0.378019 334.3362300230216 0.5976922819163438 0.1 3.5439565116293594 32.0 -1.0 -1.0 -1.0 -1.0 
173.46 62.34 20260402.0 813.0 135.26875068606108 76.92257226602115 4.667312786258836 0.1 43.590271917254235 2.0 43.58317003610532 2.0 135.2687831968069 76.91042916142347 
247.06 62.27 20260402.0 1111.0 0.010043631180800433 127.57453398105157 2.9583333176866105 0.1 12.688268329695381 32.0 7.286278483029489 16.0 0.020069516419122618 126.69981225013447 
98.52 62.24 20260402.0 232.0 0.3268497668 147.55218726772802 5.202015203780415 0.1 124.9530393947714 32.0 68.52538436773197 32.0 0.24513913861786327 147.74898233641878 
326.52 62.12 20260402.0 93.0 3.52370931957 57.7938419450468 1.3092171966844401 0.1 20.285751105359072 32.0 20.24951472503561 32.0 3.5237159560589744 57.78401980417475 
173.46 62.34 20260402.0 196.0 253.628279 80.94606799890805 1.6765729010368617 0.1 9.93380188317398 1.0 -1.0 -1.0 -1.0 -1.0 
247.75 62.27 20260402.0 1106.0 0.1936 32.99910731422458 0.9281042462954986 0.1 13.987934274389298 32.0 14.366110757709142 32.0 0.19360110551739734 34.30609932331915 
247.75 62.27 20260402.0 827.0 0.007181207552978975 88.40280435594326 0.05948088720445762 0.1 0.33890792504765693 1.0 -1.0 -1.0 -1.0 -1.0 
247.75 62.27 20260402.0 247.0 2.40492755379 70.89881877786678 0.20784126316275736 0.1 5.782350549188456 16.0 6.805686583487094 16.0 2.4049465234080953 70.83855317499531 
247.75 62.27 20260402.0 249.0 51.532336252286136 59.92044185828372 0.03148109319224993 0.1 0.4616735107769068 8.0 -1.0 -1.0 -1.0 -1.0 
247.75 62.27 20260402.0 77.0 0.72282 0.0 0.05814019012713383 0.1 3.044319483520483 32.0 -1.0 -1.0 -1.0 -1.0 
247.75 62.27 20260402.0 467.0 0.998004 127.94031563975635 0.3530650961031626 0.1 5.023161099638652 32.0 -1.0 -1.0 -1.0 -1.0 
282.84 13.23 20260402.0 788.0 0.945001 9.830468209497784 9.25543083383461 0.1 44.539212670680065 16.0 50.54031314281178 32.0 0.9449953116321316 9.816199511392206 
98.52 62.24 20260402.0 814.0 1.000756 16.267722138922984 6.369134321932862 0.1 8.959528705116583 8.0 6.5493208779282535 16.0 1.0007473368508122 16.191669297141782 
173.46 62.34 20260402.0 675.0 2.548086 73.12524937019002 1.7547870569073294 0.1 23.947680786578733 16.0 24.174920562922257 16.0 2.5481009894671542 73.0649077033523 
247.75 62.27 20260402.0 750.0 3.8174542497 90.21973853144534 1.6940370024467943 0.1 33.77293954493371 32.0 33.27797861977172 32.0 3.817452428241571 90.26855633156545 
173.46 62.34 20260402.0 838.0 0.01634727536139659 105.6108110715165 7.113530673419467 0.1 2.8582354010842073 32.0 -1.0 -1.0 -1.0 -1.0 
98.52 62.24 20260402.0 96.0 0.0809064588655551 126.29819014369454 1.5262242925517453 0.1 7.079810999703292 32.0 6.327775251948649 32.0 0.08091471196773152 128.82496884538432 
326.52 62.12 20260402.0 368.0 117.8481780116 56.092506722757285 1.1803402058496175 0.1 12.934027878291364 4.0 13.035660936901243 4.0 117.84820041308801 56.06365494135343 
282.84 13.23 20260402.0 85.0 0.482589475307 22.0182425712731 1.4421681552054733 0.1 5.260408056237959 32.0 -1.0 -1.0 -1.0 -1.0 
247.75 62.27 20260402.0 1133.0 4.511352085937126 85.19118127107689 5.137727631521565 0.1 98.23308289596366 32.0 98.2493517873807 32.0 4.511366569204256 85.20865967620864 
173.46 62.34 20260402.0 874.0 0.002174152063187772 79.3509543059884 2.236325178527656 0.1 6.372408100180491 2.0 -1.0 -1.0 -1.0 -1.0 
98.52 62.24 20260402.0 65.0 400.13439317157656 0.0 3.470196244114123 0.1 9.453645717247293 1.0 -1.0 -1.0 -1.0 -1.0 
247.75 62.27 20260402.0 1123.0 364.963504 42.64677187991878 2.306940022847628 0.1 8.171919067275132 1.0 -1.0 -1.0 -1.0 -1.0 
282.84 13.23 20260402.0 221.0 1.528397635626 167.1681150115108 2.4012536820103056 0.1 9.189555898762615 16.0 8.788780310934468 16.0 1.5283755298393469 167.17898549298894 
174.15 62.34 20260402.0 25.0 73.74831480102506 58.27161659357464 0.06085250039418514 0.1 0.3686343896601117 1.0 -1.0 -1.0 -1.0 -1.0 
174.15 62.34 20260402.0 920.0 336.700337 22.94251734508345 0.04953013217684496 0.1 0.4143043813359539 1.0 -1.0 -1.0 -1.0 -1.0 
174.15 62.34 20260402.0 540.0 110.50510789343974 40.00081392031389 0.3981621803925187 0.1 2.577279630436436 1.0 -1.0 -1.0 -1.0 -1.0 
174.15 62.34 20260402.0 286.0 0.032870531214419525 0.0 0.1056823350003259 0.1 0.33812021870428977 1.0 -1.0 -1.0 -1.0 -1.0 
174.15 62.34 20260402.0 1034.0 0.08549343625325015 39.62041985034359 0.4076252011294515 0.1 2.583921931913058 32.0 -1.0 -1.0 -1.0 -1.0 
174.15 62.34 20260402.0 289.0 236.96536502357824 118.86125955103077 0.29501696080549084 0.1 0.35942339609178814 1.0 -1.0 -1.0 -1.0 -1.0 
99.21 62.24 20260402.0 1115.0 22.10004678013 43.392061307795615 0.5960429119114492 0.1 2.02768094059592 16.0 -1.0 -1.0 -1.0 -1.0 
99.21 62.24 20260402.0 631.0 0.1110946838287312 72.69499432102423 0.3669918888002356 0.1 1.3702987195576937 32.0 -1.0 -1.0 -1.0 -1.0 
99.21 62.24 20260402.0 332.0 0.76941220286 89.1766160995743 0.11371181212546284 0.1 1.0424449856855993 32.0 -1.0 -1.0 -1.0 -1.0 
99.21 62.24 20260402.0 196.0 3.205 136.31078260026652 0.14273006104727987 0.1 0.6045505994572336 32.0 -1.0 -1.0 -1.0 -1.0 
247.75 62.27 20260402.0 262.0 1.716827 85.29354375983756 1.5897181476553903 0.1 4.037809636852861 4.0 -1.0 -1.0 -1.0 -1.0 
326.52 62.12 20260402.0 630.0 9.85349875132 515.5045723537226 2.4062355222506673 0.1 14.024574851319509 8.0 13.805298054729114 8.0 9.853465599007905 515.5022712477515 
174.15 62.34 20260402.0 949.0 87.412587 38.51489958449242 6.014200712968409 0.1 47.14378739722788 4.0 47.14599999622047 4.0 87.41262718103826 38.55641251381887 
282.84 13.23 20260402.0 8.0 276.59755044807 501.5043450345324 2.3358063980337582 0.1 4.32986098474892 1.0 -1.0 -1.0 -1.0 -1.0 
248.44 62.26 20260402.0 187.0 0.618723247886 22.750942847742266 0.1666180978727655 0.1 3.789838383256752 32.0 -1.0 -1.0 -1.0 -1.0 
248.44 62.26 20260402.0 589.0 0.6131785651 113.96002449565655 0.0969390255654412 0.1 2.8866972612958675 16.0 -1.0 -1.0 -1.0 -1.0 
248.44 62.26 20260402.0 841.0 2.331328 90.8754524803783 0.28618420759827207 0.1 3.5123044361838334 16.0 -1.0 -1.0 -1.0 -1.0 
248.44 62.26 20260402.0 668.0 4.855561908974691 62.54263702193785 0.014067431901849526 0.1 2.783803491825396 32.0 -1.0 -1.0 -1.0 -1.0 
248.44 62.26 20260402.0 15.0 2.0654800681757703 43.102322067437264 0.04254640661191802 0.1 0.3622364420464108 1.0 -1.0 -1.0 -1.0 -1.0 
248.44 62.26 20260402.0 831.0 0.16723197844396526 4.362842960085939 0.9109529563125788 0.1 4.987855257322702 32.0 -1.0 -1.0 -1.0 -1.0 
248.44 62.26 20260402.0 917.0 0.9249294629 0.0 0.021248718019961817 0.1 2.1925596236518303 16.0 -1.0 -1.0 -1.0 -1.0 
248.44 62.26 20260402.0 295.0 4.545455 42.76869289990128 0.015787735142150133 0.1 0.3385359357838925 1.0 -1.0 -1.0 -1.0 -1.0 
248.44 62.26 20260402.0 1031.0 288.758695112907 85.53738579980256 0.012448284660085037 0.1 0.34354844782148114 1.0 -1.0 -1.0 -1.0 -1.0 
248.44 62.26 20260402.0 1120.0 21.032900128894585 128.30607869970385 0.028996543714931294 0.1 0.34067336850142316 1.0 -1.0 -1.0 -1.0 -1.0 
99.21 62.24 20260402.0 955.0 1.965177 32.55427031197485 1.7989765511541298 0.1 24.26826801251965 32.0 24.15931428012947 32.0 1.9651755186108253 32.48453652739071 
174.15 62.34 20260402.0 91.0 0.368673333691 43.99495165500199 2.1708692319540637 0.1 37.77387926084064 32.0 38.210605313783724 32.0 0.36867883560868603 43.91990296849709 
249.12 62.26 20260402.0 918.0 1.060198 41.09497655214304 0.11084202985753976 0.1 2.1926239414854845 16.0 -1.0 -1.0 -1.0 -1.0 
249.12 62.26 20260402.0 583.0 106.11873496995 119.69410646255254 0.01568987783040777 0.1 0.34005129445100246 1.0 -1.0 -1.0 -1.0 -1.0 
249.12 62.26 20260402.0 285.0 1.10742 45.81838914050398 0.5870523997342639 0.1 7.9393092041463404 32.0 7.609028235427941 32.0 1.1074310653687767 46.34865336306836 
249.12 62.26 20260402.0 1029.0 1.777566936351 82.78198846958472 0.0681998435419825 0.1 0.37861726045666744 1.0 -1.0 -1.0 -1.0 -1.0 
249.12 62.26 20260402.0 186.0 140.9807004094361 25.99807473702754 0.013855243458219334 0.1 0.34224648564064764 1.0 -1.0 -1.0 -1.0 -1.0 
249.12 62.26 20260402.0 1157.0 0.873469 0.0 0.04834687823250379 0.1 2.19257599726341 16.0 -1.0 -1.0 -1.0 -1.0 
99.21 62.24 20260402.0 424.0 4.6803 111.95642585305418 2.8012039783474996 0.1 92.99124862464939 32.0 87.77490567073112 32.0 4.680290051813548 111.9249140164926 
174.15 62.34 20260402.0 864.0 0.5251375930305515 98.09412079358995 1.157727529959429 0.1 9.498171603823915 16.0 8.346484829089999 16.0 0.5251422408036888 97.65600544838638 
283.16 13.23 20260402.0 741.0 1.4499216603224474 139.93741320381895 0.05358866120566024 0.1 0.34115836727921595 1.0 -1.0 -1.0 -1.0 -1.0 
283.16 13.23 20260402.0 493.0 296.81031620473095 219.3377989374144 0.02689322988764996 0.1 0.3429983279820636 1.0 -1.0 -1.0 -1.0 -1.0 
283.16 13.23 20260402.0 599.0 0.039142364678518046 66.2267904246645 0.019898937272332506 0.1 0.3374783802688519 1.0 -1.0 -1.0 -1.0 -1.0 
283.16 13.23 20260402.0 982.0 0.765609 170.84666601037677 0.03639620525988885 0.1 0.34108984346768445 1.0 -1.0 -1.0 -1.0 -1.0 
283.16 13.23 20260402.0 877.0 12.359917476 512.5399980311303 0.08922674486302233 0.1 2.5172967535007533 32.0 -1.0 -1.0 -1.0 -1.0 
327.21 62.12 20260402.0 323.0 18.90166 94.9602314453188 0.05702635424403563 0.1 0.35353047493888745 1.0 -1.0 -1.0 -1.0 -1.0 
327.21 62.12 20260402.0 108.0 0.33054565343 137.11228553630332 0.039351337310415006 0.1 0.33794243741169083 1.0 -1.0 -1.0 -1.0 -1.0 
327.21 62.12 20260402.0 976.0 0.748503 349.91979149502214 0.3098482980024649 0.1 0.5871520691947067 16.0 -1.0 -1.0 -1.0 -1.0 
249.12 62.26 20260402.0 1039.0 0.053255632400813185 13.719776074094732 9.700601850717248 0.1 19.398690816496366 32.0 6.249028642866943 2.0 0.2929785599311193 21.35276388560573 
174.15 62.34 20260402.0 82.0 1.2196177773098 79.24083970068718 1.0344308644015945 0.1 4.682504744298527 16.0 -1.0 -1.0 -1.0 -1.0 
99.21 62.24 20260402.0 1100.0 1.56996372132 33.59715208704439 1.5115340740583927 0.1 51.63177617634037 32.0 49.02902812377918 32.0 1.569969754200429 33.597713791569205 
249.12 62.26 20260402.0 183.0 502.368668 42.89682331609544 2.689322988764996 0.1 12.270566534196174 1.0 -1.0 -1.0 -1.0 -1.0 
174.84 62.34 20260402.0 407.0 6.173602 8.971028772171179 0.713321523620373 0.1 1.0479805368476591 2.0 -1.0 -1.0 -1.0 -1.0 
174.84 62.34 20260402.0 335.0 0.0924402996373342 27.1385486798353 0.2736174016357826 0.1 0.3391129535616797 1.0 -1.0 -1.0 -1.0 -1.0 
174.84 62.34 20260402.0 814.0 1.03894930369083 77.4878543416373 0.01410635930080207 0.1 1.8197601095700027 16.0 -1.0 -1.0 -1.0 -1.0 
174.84 62.34 20260402.0 498.0 22.351083818 27.898000851024392 0.051626334042284505 0.1 0.5373587612183546 16.0 -1.0 -1.0 -1.0 -1.0 
174.84 62.34 20260402.0 1052.0 0.647082 72.85994267345374 0.5303620703118446 0.1 7.677131224791969 16.0 7.582131472622141 32.0 0.6470751638213794 73.46969943578085 
174.84 62.34 20260402.0 432.0 0.003843871913492291 39.550845102707065 0.13283494223444614 0.1 0.3618408863317245 1.0 -1.0 -1.0 -1.0 -1.0 
174.84 62.34 20260402.0 177.0 196.582994 79.10169020541413 0.12083930556546363 0.1 0.5708181791394367 1.0 -1.0 -1.0 -1.0 -1.0 
174.84 62.34 20260402.0 1122.0 59.422316724576454 118.65253530812119 0.5310953723506969 0.1 2.5641869635713688 1.0 -1.0 -1.0 -1.0 -1.0 
283.16 13.23 20260402.0 1048.0 0.0011114843736737697 33.9335412237832 2.223999644408111 0.1 1.9537383349541022 1.0 -1.0 -1.0 -1.0 -1.0 
99.21 62.24 20260402.0 880.0 1.78926509015 0.0 1.3941658208736356 0.1 7.451398937219149 16.0 -1.0 -1.0 -1.0 -1.0 
249.12 62.26 20260402.0 909.0 0.761961052649868 85.79364663219089 2.0343742169503294 0.1 37.738408847402454 32.0 37.82433804847016 32.0 0.7619443446553003 85.81584727485146 
174.84 62.34 20260402.0 842.0 40.766408 59.16607071170039 1.3580422808185835 0.1 17.261215421571645 8.0 17.217323582119985 8.0 40.766341650548085 59.20079086767465 
327.21 62.12 20260402.0 729.0 1.3671236672 177.3220905595837 1.1450010385340765 0.1 11.611065652051346 32.0 11.43118945764074 32.0 1.3671221192150067 177.29877880370253 
99.21 62.24 20260402.0 1023.0 0.0017598805570259 68.15539130013326 5.931674589932816 0.1 4.221027435429773 8.0 -1.0 -1.0 -1.0 -1.0 
283.16 13.23 20260402.0 640.0 5.446712522089698 94.41930956829103 5.7819749743951 0.1 65.19984394377504 32.0 64.57098288626798 32.0 5.446721236997595 94.41767158895803 
174.84 62.34 20260402.0 54.0 0.16955348578098683 0.0 1.2431096876126295 0.1 8.312411538401511 32.0 -1.0 -1.0 -1.0 -1.0 
249.12 62.26 20260402.0 1006.0 4.4538744 128.69046994828634 1.915703235890768 0.1 36.853402955511015 16.0 36.77983030239443 16.0 4.453856187562148 128.62257297917006 
175.52 62.34 20260402.0 429.0 1.22352355821 105.94262771755865 0.05505212374559751 0.1 0.3713726281572184 16.0 -1.0 -1.0 -1.0 -1.0 
175.52 62.34 20260402.0 119.0 1.797862293773 47.67655149409365 0.030814056524267587 0.1 0.34139535631418194 1.0 -1.0 -1.0 -1.0 -1.0 
175.52 62.34 20260402.0 715.0 17.26282301 36.23417913551118 0.12517273770624457 0.1 0.586755297612685 8.0 -1.0 -1.0 -1.0 -1.0 
175.52 62.34 20260402.0 304.0 2.257058359945 0.0 0.4686699264989958 0.1 2.550121903503207 32.0 -1.0 -1.0 -1.0 -1.0 
175.52 62.34 20260402.0 566.0 0.003213163116512112 78.95947633779583 0.4596912599290711 0.1 0.3621143097019502 1.0 -1.0 -1.0 -1.0 -1.0 
175.52 62.34 20260402.0 911.0 1.868565 118.43921450669376 0.011649482428952803 0.1 0.33848918816988766 1.0 -1.0 -1.0 -1.0 -1.0 
249.81 62.26 20260402.0 417.0 2.3276183091028506 58.15182537411814 0.17093196386209183 0.1 2.8871834589015766 32.0 -1.0 -1.0 -1.0 -1.0 
249.81 62.26 20260402.0 1085.0 3.05756410294 111.06172332774517 0.3281342814423538 0.1 7.18957679651235 16.0 8.086624872546263 16.0 3.0575392884202306 110.71053881920696 
327.21 62.12 20260402.0 84.0 1.111099643 60.157227880782386 2.578345627340411 0.1 1.8693994377134482 8.0 -1.0 -1.0 -1.0 -1.0 
175.52 62.34 20260402.0 460.0 7.794831341300506 49.571768447896126 7.429970658615064 0.1 44.947472539142126 8.0 38.073791450917184 32.0 7.794824341544882 49.58698722249672 
99.21 62.24 20260402.0 309.0 0.014439721715634837 204.46617390039978 6.53855149107702 0.1 51.60073187779111 32.0 16.512405895589094 16.0 0.033711936945716545 204.41982487641502 
283.16 13.23 20260402.0 36.0 0.727899551124 7.842646234499743 9.67383242068429 0.1 66.64870292503633 32.0 61.9668350100527 32.0 0.3639494631594668 8.601824314106572 
249.81 62.26 20260402.0 77.0 5.17050861803 47.73252628954591 8.425439399560153 0.1 53.62995392795719 16.0 55.50423150290553 32.0 5.170507696069157 47.66422649346113 
175.52 62.34 20260402.0 405.0 0.562778 46.32620941450938 3.7701413734379985 0.1 16.400651452326397 16.0 16.289564632740404 16.0 0.562795321457088 46.24745542996122 
99.89 62.24 20260402.0 206.0 4.295902 67.09662563126494 0.05639948359483268 0.1 0.4025525095688008 1.0 -1.0 -1.0 -1.0 -1.0 
99.89 62.24 20260402.0 522.0 0.971062 66.39267422326306 0.5410947589015077 0.1 7.120130579732803 8.0 8.481965913062963 16.0 0.9710371765928965 66.68943791760272 
99.89 62.24 20260402.0 233.0 0.0030407673490200023 103.1590506183327 0.13932030015451158 0.1 0.338135703612671 1.0 -1.0 -1.0 -1.0 -1.0 
99.89 62.24 20260402.0 558.0 11.483693 26.95128247778628 0.034701962441141196 0.1 3.7892023668952737 32.0 -1.0 -1.0 -1.0 -1.0 
99.89 62.24 20260402.0 958.0 0.1991405323955412 134.072573878301 0.06872008822285519 0.1 0.3379400439293735 1.0 -1.0 -1.0 -1.0 -1.0 
99.89 62.24 20260402.0 842.0 1.5042184955592726 201.1088608174515 0.18609168688485656 0.1 4.902654609657124 32.0 -1.0 -1.0 -1.0 -1.0 
283.16 13.23 20260402.0 316.0 196.27145538862112 0.0 2.7135845277589143 0.1 6.85135286718915 2.0 -1.0 -1.0 -1.0 -1.0 
249.81 62.26 20260402.0 372.0 0.4329617993720772 99.53206523292113 2.893650962974944 0.1 50.485278970743344 32.0 50.89786842824342 32.0 0.432949794533973 99.98355790985052 
175.52 62.34 20260402.0 971.0 1.5677366427738217 42.63053635459455 1.0216471553317565 0.1 20.488135062503556 32.0 18.5239351929973 32.0 1.5677263339360556 42.50313190499718 
327.21 62.12 20260402.0 730.0 195.37156012272126 107.34863090418847 2.672653725205789 0.1 7.926341006471049 1.0 -1.0 -1.0 -1.0 -1.0 
99.89 62.24 20260402.0 765.0 302.114804 155.33190639995777 2.0106215499398554 0.1 5.437994406619556 1.0 -1.0 -1.0 -1.0 -1.0 
249.81 62.26 20260402.0 678.0 0.0034109719754692705 23.47247303067202 6.5929822754694465 0.1 4.042865394215962 4.0 -1.0 -1.0 -1.0 -1.0 
175.52 62.34 20260402.0 401.0 13.21720023548 39.47973816889792 6.9676176148737285 0.1 65.20727419110139 16.0 65.28052832120152 16.0 13.217201437025022 39.467193911783106 
283.16 13.23 20260402.0 1141.0 2.4784478211 341.69333202075353 4.127257507209404 0.1 71.28578058723699 32.0 69.80074361966645 32.0 2.4784640118014067 341.64422216969166 
99.89 62.24 20260402.0 977.0 0.006030553058460687 14.420947415352808 2.8876599838394412 0.1 1.150441046431185 32.0 -1.0 -1.0 -1.0 -1.0 
249.81 62.26 20260402.0 294.0 313.63792463001255 43.91082551007456 1.3292674224474206 0.1 2.471285143275455 1.0 -1.0 -1.0 -1.0 -1.0 
176.21 62.34 20260402.0 461.0 3.951547269235 24.58161928915431 0.11934594860975856 0.1 0.4590261786050231 1.0 -1.0 -1.0 -1.0 -1.0 
176.21 62.34 20260402.0 177.0 411.32080042890203 19.60381182367381 0.17902978599553002 0.1 0.6105669127916336 1.0 -1.0 -1.0 -1.0 -1.0 
176.21 62.34 20260402.0 716.0 8.78410420217902 0.0 0.12260518892579046 0.1 0.5560079410898149 16.0 -1.0 -1.0 -1.0 -1.0 
176.21 62.34 20260402.0 561.0 0.9284362758000647 78.81725549855827 0.38305252179960186 0.1 7.803903216366931 32.0 8.636466597620208 32.0 0.9284425080598643 78.73199195735194 
176.21 62.34 20260402.0 893.0 6.8125205463 118.2258832478374 0.09680517844721673 0.1 0.48160890346299606 1.0 -1.0 -1.0 -1.0 -1.0 
249.81 62.26 20260402.0 1029.0 0.3053295991550577 0.0 2.7437455573669807 0.1 23.90553498723663 32.0 8.50943995999056 4.0 3.358096970866124 4.7563028560354 
176.21 62.34 20260402.0 798.0 1.84699098534 68.92075942110652 1.1137935036185476 0.1 17.692083932172565 32.0 17.459444088853648 32.0 1.8470018403604629 68.91579244595971 
99.89 62.24 20260402.0 272.0 21.12977915899624 0.0 4.028659068035433 0.1 72.7560078650235 16.0 -1.0 -1.0 -1.0 -1.0 
283.49 13.23 20260402.0 400.0 7.16816991526 54.623371171273774 0.8049901736525529 0.1 3.046606116901522 32.0 -1.0 -1.0 -1.0 -1.0 
283.49 13.23 20260402.0 108.0 0.28238416279484624 49.21355652642647 0.03329294667906999 0.1 0.33757730194403107 1.0 -1.0 -1.0 -1.0 -1.0 
283.49 13.23 20260402.0 1047.0 0.07943282347242814 104.20458500366074 0.14949183117699152 0.1 0.337666346623688 1.0 -1.0 -1.0 -1.0 -1.0 
283.49 13.23 20260402.0 222.0 0.513208827209361 0.0 0.2094267259147316 0.1 0.3479205719897252 1.0 -1.0 -1.0 -1.0 -1.0 
283.49 13.23 20260402.0 1038.0 0.01919987137799134 525.1722003284293 0.42870960754281573 0.1 0.3504803868649697 1.0 -1.0 -1.0 -1.0 -1.0 
327.21 62.12 20260402.0 372.0 0.9268222396651 16.902816210830654 7.074324360371825 0.1 102.06555588125222 32.0 101.36584829097629 32.0 0.9268357340867321 16.90005482889174 
249.81 62.26 20260402.0 298.0 17.74412637315076 43.03286722289871 1.2100638333007934 0.1 17.084654871346814 16.0 17.058615217823405 16.0 17.744120365629595 43.00912157053286 
176.21 62.34 20260402.0 667.0 27.838309386354652 84.4808416647463 5.6127399057889145 0.1 38.24991111200931 8.0 33.662836556060185 16.0 27.838359528686855 84.50027414445869 
99.89 62.24 20260402.0 140.0 1.38677 67.0362869391505 8.321316089074987 0.1 63.782737031627434 16.0 66.73755568078977 32.0 1.386767204773302 67.19542758313841 
176.21 62.34 20260402.0 150.0 5.26129961343 97.42787058327634 5.505212374559757 0.1 74.80984004211929 32.0 74.80446493100698 32.0 5.261305583796154 97.35241164906498 
283.49 13.23 20260402.0 703.0 7.146916389768 54.99102847723427 2.7305090755433166 0.1 21.721000357938195 16.0 20.75753786351845 16.0 7.146930632491907 54.95047767717493 
249.81 62.26 20260402.0 526.0 1.5184676315758 86.06573444579742 7.399236668657116 0.1 222.1838579538227 32.0 157.81570459913596 32.0 0.5061641180266937 86.01824314106572 
100.58 62.24 20260402.0 796.0 0.0020575023320702707 42.68825612240788 0.3482203802462814 0.1 0.39162736941088055 1.0 -1.0 -1.0 -1.0 -1.0 
100.58 62.24 20260402.0 613.0 1.91955413102 29.44496922303762 0.0671247510893932 0.1 4.026657540814613 32.0 -1.0 -1.0 -1.0 -1.0 
100.58 62.24 20260402.0 469.0 2.223073294155765 0.0 0.36749930800564984 0.1 2.5560364489445178 16.0 -1.0 -1.0 -1.0 -1.0 
100.58 62.24 20260402.0 451.0 2.09141367214 66.17672449115604 0.42664141032509845 0.1 10.674915139532208 32.0 9.98556196632478 32.0 2.0914133832169077 66.18344825206705 
100.58 62.24 20260402.0 562.0 0.769101 132.35344898231207 0.15220125791918107 0.1 1.8229261665766439 16.0 -1.0 -1.0 -1.0 -1.0 
176.21 62.34 20260402.0 480.0 1.594136028705 20.7861888938592 4.552666382788993 0.1 24.8443246656843 16.0 25.17481959759513 32.0 1.5941319967775296 21.04917008628432 
327.21 62.12 20260402.0 1112.0 3.266053 0.0 8.63164577248031 0.1 79.86684760602489 32.0 -1.0 -1.0 -1.0 -1.0 
249.81 62.26 20260402.0 288.0 208.768267 129.09860166869612 3.229616201708169 0.1 19.808686318135724 1.0 19.777635489090507 1.0 208.7685667599241 129.0273647115986 
283.49 13.23 20260402.0 1.0 122.285985983522 80.72703989446903 2.3568787118632564 0.1 2.7116008906861513 2.0 -1.0 -1.0 -1.0 -1.0 
176.21 62.34 20260402.0 432.0 3.9849251475883576 39.408627749279134 6.268732211262005 0.1 133.3708227864947 32.0 129.5246474134265 32.0 3.9849207193280263 39.36599597867597 
100.58 62.24 20260402.0 1001.0 2.0560099405330052 145.79528591015864 4.450049444805962 0.1 58.833274469101156 32.0 58.20368338084421 32.0 2.0560037228278816 145.72502367427606 
250.5 62.26 20260402.0 901.0 0.011061207030491276 68.04963181264921 0.3107057102433957 0.1 0.40539688841908295 1.0 -1.0 -1.0 -1.0 -1.0 
250.5 62.26 20260402.0 61.0 2.949517979 75.7301479270194 0.35698935448104213 0.1 5.028796799648379 32.0 -1.0 -1.0 -1.0 -1.0 
250.5 62.26 20260402.0 1068.0 1.9546609131310237 38.3896286053849 0.84604358973738 0.1 8.863320537535058 32.0 7.827894198920144 32.0 1.9546556965603183 38.3540166476046 
250.5 62.26 20260402.0 353.0 0.815656977709 97.07498866307687 0.19157032358907672 0.1 2.78427768816397 32.0 -1.0 -1.0 -1.0 -1.0 
250.5 62.26 20260402.0 699.0 1.8497875356873548 0.0 0.04735518490918648 0.1 0.3509340122813586 1.0 -1.0 -1.0 -1.0 -1.0 
250.5 62.26 20260402.0 599.0 0.23822964211790182 43.16890423135893 0.03200740941471538 0.1 0.41235187523253036 32.0 -1.0 -1.0 -1.0 -1.0 
250.5 62.26 20260402.0 661.0 1.47163492631 86.33780846271786 0.22847352570395624 0.1 1.8313039666413558 16.0 -1.0 -1.0 -1.0 -1.0 
250.5 62.26 20260402.0 658.0 0.985527729116 129.50671269407678 0.055128241245029665 0.1 0.5876054470846068 16.0 -1.0 -1.0 -1.0 -1.0 
