
285.68 31.15 21.0 -1.0 2.1626139076978506 78.71934101945247 0.9255430833834606 0.022118687192541075 79.48549763617413 32.0 80.21105444130775 32.0 2.1625965018756688 78.73199195735194 
285.68 31.15 21.0 -1.0 2.154678722 42.640806575631046 0.026615983231691332 0.017971433343939622 1.2604242287525422 4.0 -1.0 -1.0 -1.0 -1.0 
285.68 31.15 21.0 -1.0 0.001526207014931322 70.59329340091374 0.7723048797037538 0.016589015394405805 13.092807193059258 2.0 -1.0 -1.0 -1.0 -1.0 
285.68 31.15 21.0 -1.0 0.10321920367257825 0.0 0.01769394946143882 0.017971433343939622 2.238408614235381 1.0 -1.0 -1.0 -1.0 -1.0 
285.68 31.15 21.0 -1.0 3.402191551 93.07256602264458 0.5263469700238244 0.011059343596270537 68.81862670348045 32.0 -1.0 -1.0 -1.0 -1.0 
285.68 31.15 21.0 -1.0 0.53304377703 186.14513204528916 0.02463423918754208 0.029030776940210157 2.705019520130898 16.0 -1.0 -1.0 -1.0 -1.0 
285.68 31.15 21.0 -1.0 71.7426329025035 279.2176980679337 0.05191245015894178 0.016589015394405805 1.670821194187285 1.0 -1.0 -1.0 -1.0 -1.0 
285.68 31.15 21.0 -1.0 3.277614 42.69665570015708 2.78769030342082 0.01520659744487199 398.65681945733206 32.0 398.7052443120228 32.0 3.27760668975922 42.70552777121146 
285.68 31.15 21.0 -1.0 0.8418094604365 34.45890983256628 2.9016582742063783 0.012441761545804354 338.17173061122367 32.0 338.7975398443764 32.0 0.8417979794709634 34.40729725642629 
285.68 31.15 21.0 -1.0 16.410660100672157 67.60536523877063 8.548564430521743 0.04700221028414978 384.09359771390075 16.0 384.7799480041906 16.0 16.410679866870247 67.60021931556696 
285.68 31.15 21.0 -1.0 2.1626139076978506 78.71934101945247 0.9255430833834606 0.022118687192541075 79.48549763617413 32.0 80.21105444130775 32.0 2.1625965018756688 78.73199195735194 
285.68 31.15 21.0 -1.0 2.154678722 42.640806575631046 0.026615983231691332 0.017971433343939622 1.2604242287525422 4.0 -1.0 -1.0 -1.0 -1.0 
285.68 31.15 21.0 -1.0 0.001526207014931322 70.59329340091374 0.7723048797037538 0.016589015394405805 13.092807193059258 2.0 -1.0 -1.0 -1.0 -1.0 
285.68 31.15 21.0 -1.0 0.10321920367257825 0.0 0.01769394946143882 0.017971433343939622 2.238408614235381 1.0 -1.0 -1.0 -1.0 -1.0 
285.68 31.15 21.0 -1.0 3.402191551 93.07256602264458 0.5263469700238244 0.011059343596270537 68.81862670348045 32.0 -1.0 -1.0 -1.0 -1.0 
285.68 31.15 21.0 -1.0 0.53304377703 186.14513204528916 0.02463423918754208 0.029030776940210157 2.705019520130898 16.0 -1.0 -1.0 -1.0 -1.0 
285.68 31.15 21.0 -1.0 71.7426329025035 279.2176980679337 0.05191245015894178 0.016589015394405805 1.670821194187285 1.0 -1.0 -1.0 -1.0 -1.0 
285.68 31.15 21.0 -1.0 3.277614 42.69665570015708 2.78769030342082 0.01520659744487199 398.65681945733206 32.0 398.7052443120228 32.0 3.27760668975922 42.70552777121146 
285.68 31.15 21.0 -1.0 0.8418094604365 34.45890983256628 2.9016582742063783 0.012441761545804354 338.17173061122367 32.0 338.7975398443764 32.0 0.8417979794709634 34.40729725642629 
285.68 31.15 21.0 -1.0 16.410660100672157 67.60536523877063 8.548564430521743 0.04700221028414978 384.09359771390075 16.0 384.7799480041906 16.0 16.410679866870247 67.60021931556696 
285.68 31.15 21.0 -1.0 2.1626139076978506 78.71934101945247 0.9255430833834606 0.022118687192541075 79.48549763617413 32.0 80.21105444130775 32.0 2.1625965018756688 78.73199195735194 
285.68 31.15 21.0 -1.0 2.154678722 42.640806575631046 0.026615983231691332 0.017971433343939622 1.2604242287525422 4.0 -1.0 -1.0 -1.0 -1.0 
285.68 31.15 21.0 -1.0 0.001526207014931322 70.59329340091374 0.7723048797037538 0.016589015394405805 13.092807193059258 2.0 -1.0 -1.0 -1.0 -1.0 
285.68 31.15 21.0 -1.0 0.10321920367257825 0.0 0.01769394946143882 0.017971433343939622 2.238408614235381 1.0 -1.0 -1.0 -1.0 -1.0 
285.68 31.15 21.0 -1.0 3.402191551 93.07256602264458 0.5263469700238244 0.011059343596270537 68.81862670348045 32.0 -1.0 -1.0 -1.0 -1.0 
285.68 31.15 21.0 -1.0 0.53304377703 186.14513204528916 0.02463423918754208 0.029030776940210157 2.705019520130898 16.0 -1.0 -1.0 -1.0 -1.0 
285.68 31.15 21.0 -1.0 71.7426329025035 279.2176980679337 0.05191245015894178 0.016589015394405805 1.670821194187285 1.0 -1.0 -1.0 -1.0 -1.0 
285.68 31.15 21.0 -1.0 3.277614 42.69665570015708 2.78769030342082 0.01520659744487199 398.65681945733206 32.0 398.7052443120228 32.0 3.27760668975922 42.70552777121146 
285.68 31.15 21.0 -1.0 0.8418094604365 34.45890983256628 2.9016582742063783 0.012441761545804354 338.17173061122367 32.0 338.7975398443764 32.0 0.8417979794709634 34.40729725642629 
285.68 31.15 21.0 -1.0 16.410660100672157 67.60536523877063 8.548564430521743 0.04700221028414978 384.09359771390075 16.0 384.7799480041906 16.0 16.410679866870247 67.60021931556696 
285.68 31.15 21.0 -1.0 2.1626139076978506 78.71934101945247 0.9255430833834606 0.022118687192541075 79.48549763617413 32.0 80.21105444130775 32.0 2.1625965018756688 78.73199195735194 
285.68 31.15 21.0 -1.0 2.154678722 42.640806575631046 0.026615983231691332 0.017971433343939622 1.2604242287525422 4.0 -1.0 -1.0 -1.0 -1.0 
285.68 31.15 21.0 -1.0 0.001526207014931322 70.59329340091374 0.7723048797037538 0.016589015394405805 13.092807193059258 2.0 -1.0 -1.0 -1.0 -1.0 
285.68 31.15 21.0 -1.0 0.10321920367257825 0.0 0.01769394946143882 0.017971433343939622 2.238408614235381 1.0 -1.0 -1.0 -1.0 -1.0 
285.68 31.15 21.0 -1.0 3.402191551 93.07256602264458 0.5263469700238244 0.011059343596270537 68.81862670348045 32.0 -1.0 -1.0 -1.0 -1.0 
285.68 31.15 21.0 -1.0 0.53304377703 186.14513204528916 0.02463423918754208 0.029030776940210157 2.705019520130898 16.0 -1.0 -1.0 -1.0 -1.0 
285.68 31.15 21.0 -1.0 71.7426329025035 279.2176980679337 0.05191245015894178 0.016589015394405805 1.670821194187285 1.0 -1.0 -1.0 -1.0 -1.0 
285.68 31.15 21.0 -1.0 3.277614 42.69665570015708 2.78769030342082 0.01520659744487199 398.65681945733206 32.0 398.7052443120228 32.0 3.27760668975922 42.70552777121146 
285.68 31.15 21.0 -1.0 0.8418094604365 34.45890983256628 2.9016582742063783 0.012441761545804354 338.17173061122367 32.0 338.7975398443764 32.0 0.8417979794709634 34.40729725642629 
285.68 31.15 21.0 -1.0 16.410660100672157 67.60536523877063 8.548564430521743 0.04700221028414978 384.09359771390075 16.0 384.7799480041906 16.0 16.410679866870247 67.60021931556696 
1.21 58.15 21.0 -1.0 3.404255 123.01888248297642 0.041529990922548415 0.04423737438508215 1.1512066781872359 1.0 -1.0 -1.0 -1.0 -1.0 
1.21 58.15 21.0 -1.0 20.840472589324097 53.916409738950435 0.08111308307896872 0.03041319488974398 2.287718507775904 1.0 -1.0 -1.0 -1.0 -1.0 
1.21 58.15 21.0 -1.0 0.04639718122937685 52.896157444035794 0.20798489878887583 0.026265941041142528 1.3635633716697353 16.0 -1.0 -1.0 -1.0 -1.0 
1.21 58.15 21.0 -1.0 2.1385053298 4.355692489827874 0.5826081259236007 0.03732528463741307 4.350503984305787 16.0 -1.0 -1.0 -1.0 -1.0 
1.21 58.15 21.0 -1.0 239.23445 130.7884961134802 0.13384823887183447 0.017971433343939622 2.030323818597375 2.0 -1.0 -1.0 -1.0 -1.0 
1.21 58.15 21.0 -1.0 345.2781364654948 45.91135327115867 1.8177156760105657 0.022118687192541075 38.70443085462723 1.0 38.80103267619953 1.0 345.2781432618698 45.94386163063981 
1.21 58.15 21.0 -1.0 0.006314153361380707 47.91261738810661 6.234182015477381 0.05944397182995414 2.547388140302205 1.0 -1.0 -1.0 -1.0 -1.0 
1.21 58.15 21.0 -1.0 4.4522836855 0.0 1.2336987392357233 0.038707702586946884 19.926769276393042 16.0 -1.0 -1.0 -1.0 -1.0 
1.21 58.15 21.0 -1.0 440.674222620954 261.5769922269604 9.364770737528133 0.016589015394405805 94.92979229490051 1.0 95.22188773182266 1.0 440.6746787329515 261.596657081947 
1.21 58.15 21.0 -1.0 0.0663993557449571 392.3654883404406 7.691102492660465 0.009676925646736721 567.5904787993104 32.0 567.736318591518 32.0 0.06639311322942376 392.34438665636685 
1.24 58.94 21.0 -1.0 247.586036 161.19080297063812 0.01321028207932089 0.05944397182995413 1.9216400262336193 2.0 -1.0 -1.0 -1.0 -1.0 
1.24 58.94 21.0 -1.0 0.10369463864723147 113.19739625302991 0.405939064075385 0.045619792334615966 2.3450534261484135 1.0 -1.0 -1.0 -1.0 -1.0 
1.24 58.94 21.0 -1.0 2.820474141608 29.352015351995476 0.32813428144235374 0.02211868719254108 8.852359403618292 16.0 8.953505558874866 16.0 2.820464336158087 29.34740060106948 
1.24 58.94 21.0 -1.0 2.27252128588 0.0 0.013731366893478805 0.016589015394405805 0.5020293821559298 1.0 -1.0 -1.0 -1.0 -1.0 
1.24 58.94 21.0 -1.0 1.52369521716 136.2538539947088 0.07157897557357115 0.0483846282336836 1.5804427082081387 1.0 -1.0 -1.0 -1.0 -1.0 
1.24 58.94 21.0 -1.0 0.025412185496210434 408.76156198412644 0.02617832132753024 0.016589015394405805 1.093572912463352 2.0 -1.0 -1.0 -1.0 -1.0 
1.24 58.94 21.0 -1.0 1.3235647032 79.63471574608243 1.098510166047577 0.006912089747669086 193.09246064461135 32.0 193.30873482848855 32.0 1.3235573230000834 79.64277335531615 
1.24 58.94 21.0 -1.0 3.522355067817 140.13747719587812 2.281580642803688 0.02073626924300726 150.4164743454233 32.0 150.47711766934034 32.0 3.522351714006315 140.15913735338358 
1.24 58.94 21.0 -1.0 0.07113786719497286 45.21355011045543 2.5605946519140703 0.011059343596270537 52.57363134260335 32.0 55.217505587741805 32.0 0.07112248567864299 51.20615415221089 
1.24 58.94 21.0 -1.0 4.4602792232639 272.5077079894176 1.4662790236233028 0.06773847952715704 19.938806899922593 8.0 20.000449786241603 8.0 4.460283283454677 272.52603385751763 
1.54 51.53 21.0 -1.0 8.25642751376 114.56022837084313 0.07923004251845865 0.019353851293473442 2.465406633348373 32.0 -1.0 -1.0 -1.0 -1.0 
1.54 51.53 21.0 -1.0 235.87889012204596 82.74102776178201 0.05008065115563314 0.017971433343939622 1.521880767955081 2.0 -1.0 -1.0 -1.0 -1.0 
1.54 51.53 21.0 -1.0 0.002038678484241651 213.76616534830862 0.23913209231960003 0.03041319488974398 8.981383752404726 1.0 -1.0 -1.0 -1.0 -1.0 
1.54 51.53 21.0 -1.0 0.004705264412182069 0.0 0.7435105387260144 0.026265941041142528 4.07606129751335 1.0 -1.0 -1.0 -1.0 -1.0 
1.54 51.53 21.0 -1.0 401.97744057270614 92.54223004363068 0.8953548686775016 0.08156265902249521 4.216913989632658 1.0 -1.0 -1.0 -1.0 -1.0 
1.54 51.53 21.0 -1.0 118.39117415362412 277.62669013089203 0.07118446715675182 0.04147253848601452 1.0577459681053611 1.0 -1.0 -1.0 -1.0 -1.0 
1.54 51.53 21.0 -1.0 8.08144403804 67.38673636840434 8.066602730969569 0.04700221028414978 221.66991938902967 32.0 221.72031170111265 32.0 8.08143643856359 67.39782344935269 
1.54 51.53 21.0 -1.0 115.17137129324287 41.03732853419926 1.2100638333007931 0.026265941041142528 24.800472852583077 2.0 24.800472688280795 2.0 115.17113307490946 41.08636084149728 
1.54 51.53 21.0 -1.0 0.7337347034058 39.67682170187466 1.8139522999750333 0.008294507697202903 235.33773884153536 32.0 235.45178225983614 32.0 0.7337196924102803 39.66958977799737 
1.54 51.53 21.0 -1.0 426.51934403983 185.08446008726136 5.874581018442158 0.05529671798135269 61.49082395382279 1.0 61.4908238912951 1.0 426.51954572647816 185.091019652952 
1.74 56.59 21.0 -1.0 0.014047014593541574 57.3857452187436 0.1212574332188648 0.012441761545804354 0.4898329530645259 4.0 -1.0 -1.0 -1.0 -1.0 
1.74 56.59 21.0 -1.0 25.39375298705266 104.04316416698181 0.13759855127211715 0.02350110514207489 0.9640550379977761 2.0 -1.0 -1.0 -1.0 -1.0 
1.74 56.59 21.0 -1.0 5.4192289772 14.004425903444957 0.013674567248957504 0.008294507697202903 2.844747049443665 1.0 -1.0 -1.0 -1.0 -1.0 
1.74 56.59 21.0 -1.0 258.978475098116 89.28271527132003 0.45150801749185004 0.022118687192541075 6.393222927967216 1.0 -1.0 -1.0 -1.0 -1.0 
1.74 56.59 21.0 -1.0 2.98752505056 0.0 0.23748575450926043 0.04147253848601452 1.0296070296693915 1.0 -1.0 -1.0 -1.0 -1.0 
1.74 56.59 21.0 -1.0 0.565204853249695 119.99164919327002 0.23683039741008302 0.02350110514207489 3.892572627116047 32.0 -1.0 -1.0 -1.0 -1.0 
1.74 56.59 21.0 -1.0 0.828909520456 239.98329838654004 0.058908371596184186 0.10921101801317157 0.630516342063724 4.0 -1.0 -1.0 -1.0 -1.0 
1.74 56.59 21.0 -1.0 1.1638841598 359.9749475798101 0.10380101976981074 0.03456044873834543 2.4443181709633155 1.0 -1.0 -1.0 -1.0 -1.0 
1.74 56.59 21.0 -1.0 0.161472523874 135.32811560681128 6.152886556628084 0.01520659744487199 388.7458657313728 32.0 389.0168268852873 32.0 0.16146562605475387 135.30163656424102 
1.74 56.59 21.0 -1.0 40.70837860639 52.20158755782825 6.707839433124917 0.04147253848601452 179.0494992553726 8.0 179.0494933465047 8.0 40.70837652155509 52.21813348328225 
10.03 59.34 21.0 -1.0 0.648211054637 72.59654314985474 0.15453216954363694 0.06773847952715704 -0.43223262185229194 1.0 -1.0 -1.0 -1.0 -1.0 
10.03 59.34 21.0 -1.0 1.47839 113.43712334933005 0.06787083125912105 0.03041319488974398 1.1047806769253392 4.0 -1.0 -1.0 -1.0 -1.0 
10.03 59.34 21.0 -1.0 1.251784 114.7234408359277 0.46640895118853165 0.009676925646736721 26.910619197211144 32.0 29.051631412158347 32.0 1.2517678745401404 114.65725821038525 
10.03 59.34 21.0 -1.0 0.016197716053968813 57.4421152608762 0.19517718182388394 0.058061553880420315 0.9527961547220087 8.0 -1.0 -1.0 -1.0 -1.0 
10.03 59.34 21.0 -1.0 0.440423 133.97800571343623 0.016835368321843132 0.030413194889743984 1.3831689079044842 2.0 -1.0 -1.0 -1.0 -1.0 
10.03 59.34 21.0 -1.0 123.95878503898378 267.95601142687246 0.9293874842458965 0.024883523091608708 15.30575257938616 1.0 15.305752757231907 1.0 123.9590346813202 267.9721268676965 
10.03 59.34 21.0 -1.0 2.0093066356617597 401.9340171403087 0.3791035714069148 0.056679135930886505 3.802618094319415 4.0 -1.0 -1.0 -1.0 -1.0 
10.03 59.34 21.0 -1.0 1.823423 27.13325948291913 5.57795039141309 0.04009012053648069 173.70085944019243 16.0 174.68247980618554 16.0 1.8234156110944848 27.12104607271249 
10.03 59.34 21.0 -1.0 2.837163410289 17.204496383243537 1.0969934144688585 0.02073626924300726 43.32540901554667 32.0 43.47681182499281 32.0 2.8371687221806496 17.203648628213145 
10.03 59.34 21.0 -1.0 1.044 0.0 9.958635112613392 0.02073626924300726 402.9115264396399 32.0 7.0791092807211 2.0 9.394231407592695 7.38744911682094 
10.14 55.42 21.0 -1.0 0.4102676860891 160.01723089626407 0.01025890740828289 0.06635606157762322 1.4321836625907998 4.0 -1.0 -1.0 -1.0 -1.0 
10.14 55.42 21.0 -1.0 1.25740386201245 47.975370901859435 0.023309703733803873 0.008294507697202903 1.7894981341218132 1.0 -1.0 -1.0 -1.0 -1.0 
10.14 55.42 21.0 -1.0 0.10659359079457086 112.53849944473444 0.10901939067768147 0.017971433343939622 1.6504479801565761 1.0 -1.0 -1.0 -1.0 -1.0 
10.14 55.42 21.0 -1.0 0.490158044225849 99.26167147258425 0.5004606515575023 0.07741540517389377 -0.4873407058560823 1.0 -1.0 -1.0 -1.0 -1.0 
10.14 55.42 21.0 -1.0 1.3658379002481085 137.50290914797944 0.3357009693244801 0.009676925646736721 25.711130307220067 32.0 26.544280749691925 32.0 1.3658488266325246 137.52799109259803 
10.14 55.42 21.0 -1.0 1.1629103036586828 0.0 0.10301519527800741 0.011059343596270536 1.9053489563569308 16.0 -1.0 -1.0 -1.0 -1.0 
10.14 55.42 21.0 -1.0 196.5746415079 110.35328586328329 0.7378818002748848 0.019353851293473442 8.675871213484728 2.0 -1.0 -1.0 -1.0 -1.0 
10.14 55.42 21.0 -1.0 0.74287 331.05985758984986 0.7272540837450232 0.02350110514207489 26.47975514060888 16.0 26.528187898612728 16.0 0.7428752724081278 330.7148453941209 
10.14 55.42 21.0 -1.0 37.678975 83.33609976534174 1.876408245646434 0.023501105142074895 52.88103040369745 8.0 53.09676248440773 8.0 37.67903156888982 83.3870968802802 
10.14 55.42 21.0 -1.0 90.74962674671 220.70657172656658 6.1699128249171915 0.006912089747669086 272.9165822558695 1.0 272.9165762766916 1.0 90.74962387482326 220.71269210666395 
10.45 52.31 21.0 -1.0 10.412188378335365 58.615263979651616 0.2704227371659052 0.016589015394405805 10.618188939390496 16.0 11.219115181177651 16.0 10.412198510797074 58.59360326903183 
10.45 52.31 21.0 -1.0 0.258744 2.9693070890812314 0.3018199722206234 0.017971433343939622 0.41075843638222015 1.0 -1.0 -1.0 -1.0 -1.0 
10.45 52.31 21.0 -1.0 0.0333268385552529 30.264091484866395 0.1668484714189128 0.11197585391223919 3.2194849470385933 4.0 -1.0 -1.0 -1.0 -1.0 
10.45 52.31 21.0 -1.0 424.76748052902826 31.86294914821783 0.017427059838365518 0.02073626924300726 -0.42153996942905547 1.0 -1.0 -1.0 -1.0 -1.0 
10.45 52.31 21.0 -1.0 0.537606 285.48174599733875 0.016673324485775992 0.006912089747669086 0.9986622231021932 4.0 -1.0 -1.0 -1.0 -1.0 
10.45 52.31 21.0 -1.0 2.8858089092882 72.34830926665231 1.5733294861894576 0.09400442056829957 10.464688942269685 8.0 10.558418866307061 8.0 2.8857660557453833 72.45772010470948 
10.45 52.31 21.0 -1.0 1.153642 63.326183880597796 3.234081611808159 0.009676925646736721 422.3306917649605 32.0 422.50625561275587 32.0 1.1536333962188414 63.349906125067236 
10.45 52.31 21.0 -1.0 0.565026707 0.0 5.381125083876811 0.01520659744487199 160.7373075012303 32.0 6.089371455999189 2.0 1.6962682517866294 8.90541811342798 
10.45 52.31 21.0 -1.0 0.006314153361380707 95.16058199911292 1.6140641521538939 0.09400442056829957 4.31012612764689 4.0 -1.0 -1.0 -1.0 -1.0 
10.45 52.31 21.0 -1.0 0.2660081592885916 190.32116399822584 1.9343214725462594 0.013824179495338172 168.99721967395888 32.0 169.31044216466898 32.0 0.26599688377852243 190.04971837520168 
10.79 51.53 21.0 -1.0 0.559585564756 66.92895971575938 0.054034765035835014 0.13962421290291552 0.5058232313097195 4.0 -1.0 -1.0 -1.0 -1.0 
10.79 51.53 21.0 -1.0 6.247267 68.61253354778466 0.42930236039390457 0.029030776940210157 -1.9354983958213567 32.0 8.078913729918611 16.0 6.2472584734981265 68.51100071353117 
10.79 51.53 21.0 -1.0 3.39947879385 66.51496615050726 0.010380101976981068 0.022118687192541075 1.6031460501723678 16.0 -1.0 -1.0 -1.0 -1.0 
10.79 51.53 21.0 -1.0 62.79125447023928 217.26382304431252 0.3283610495645673 0.012441761545804354 6.913219324911864 1.0 6.913219324911864 1.0 62.79151421040297 217.2719623810213 
10.79 51.53 21.0 -1.0 0.0017357844695488527 101.5112221998198 0.5144831280817309 0.017971433343939622 10.091534405746545 2.0 -1.0 -1.0 -1.0 -1.0 
10.79 51.53 21.0 -1.0 0.0010762985944082135 0.0 0.12708971653659945 0.03317803078881161 8.212184126207363 4.0 -1.0 -1.0 -1.0 -1.0 
10.79 51.53 21.0 -1.0 0.010229960329589644 91.98937019902104 0.012243590363412011 0.011059343596270537 0.02191246363675912 4.0 -1.0 -1.0 -1.0 -1.0 
10.79 51.53 21.0 -1.0 1.29716868462 183.97874039804208 0.023245379118404377 0.02073626924300726 0.9809894343593845 2.0 -1.0 -1.0 -1.0 -1.0 
10.79 51.53 21.0 -1.0 1.066741330241 90.05740022784448 7.596054268486147 0.029030776940210157 366.193178127523 32.0 366.47395264136554 32.0 1.0667463357094675 90.06616046535117 
10.79 51.53 21.0 -1.0 0.4430253439574548 275.9681105970631 2.578345627340411 0.12856486930664499 6.635447735274059 4.0 6.645493544676556 4.0 0.4428632867832979 275.4607739176246 
100.98 52.45 21.0 -1.0 1.4914562027 99.78146817398772 0.025464819025467014 0.1769494975403286 2.0544084521073853 4.0 -1.0 -1.0 -1.0 -1.0 
100.98 52.45 21.0 -1.0 0.8076699283629 67.3927725602922 0.34060673035150385 0.016589015394405805 21.581173944580485 32.0 22.159750494418255 32.0 0.8076616116644194 67.39782344935269 
100.98 52.45 21.0 -1.0 1.040042 153.58359845081142 0.010553641568759792 0.02073626924300726 0.6295561523948897 2.0 -1.0 -1.0 -1.0 -1.0 
100.98 52.45 21.0 -1.0 5.624773541142281 0.0 0.9869597232407606 0.1451538847010508 8.97970042824186 2.0 -1.0 -1.0 -1.0 -1.0 
100.98 52.45 21.0 -1.0 1.09193730211 77.83094627285305 0.012665147763003318 0.035942866687879244 1.8056065683444833 1.0 -1.0 -1.0 -1.0 -1.0 
100.98 52.45 21.0 -1.0 0.0012994527848856662 233.49283881855916 0.09084391234800805 0.05806155388042031 12.526966196598377 4.0 -1.0 -1.0 -1.0 -1.0 
100.98 52.45 21.0 -1.0 0.846407950019 162.99430092544682 6.726401367068844 0.008294507697202903 1210.9002781761362 32.0 1211.0684489260564 32.0 0.8464060859599462 163.02987023559635 
100.98 52.45 21.0 -1.0 0.769101 14.361245711912579 4.781541800948389 0.013824179495338172 494.28913360775084 32.0 494.93160081352045 32.0 0.7690990363092473 14.47130443432047 
100.98 52.45 21.0 -1.0 1.2175987727243358 63.16612951337159 7.873894997730062 0.011059343596270537 926.3408198702788 32.0 926.354823797308 32.0 1.2176011902435373 63.147510258852954 
100.98 52.45 21.0 -1.0 0.398126805908 155.6618925457061 5.939875985383376 0.011059343596270537 931.8162082579771 32.0 932.5859628745784 32.0 0.3981161474560698 155.84481698498968 
101.13 59.47 21.0 -1.0 0.001885472350448696 86.66203221191132 0.2757046204680018 0.013824179495338172 11.197792147935347 1.0 -1.0 -1.0 -1.0 -1.0 
101.13 59.47 21.0 -1.0 0.67533626251 116.28640277903528 0.07744420018433866 0.026265941041142528 1.620499883057111 16.0 -1.0 -1.0 -1.0 -1.0 
101.13 59.47 21.0 -1.0 0.0014915384512684004 0.0 0.22378706655129366 0.019353851293473442 3.5277905058910948 4.0 -1.0 -1.0 -1.0 -1.0 
101.13 59.47 21.0 -1.0 2.307124 136.4727395994805 0.6255753505687536 0.01105934359627054 66.28528599477862 32.0 67.54965433013471 32.0 2.307115209987387 136.51601176152667 
101.13 59.47 21.0 -1.0 10.364448991012003 204.70910939922075 0.013807466919654225 0.006912089747669086 2.086669540780578 16.0 -1.0 -1.0 -1.0 -1.0 
101.13 59.47 21.0 -1.0 35.1350727145469 74.37825727046393 6.643275117531315 0.12165277955897592 56.3189714017019 4.0 56.43082979993416 4.0 35.13511425505082 74.38048083374507 
101.13 59.47 21.0 -1.0 0.06429738010773332 71.32778649333784 4.3108554087915065 0.04009012053648069 22.195375370827033 16.0 29.691906410757596 32.0 0.06430127541534603 77.92240849249484 
101.13 59.47 21.0 -1.0 1.876261648496 112.31464888130063 4.918913516317409 0.02073626924300726 395.95926576549516 32.0 396.89240843114777 32.0 1.876257253267492 112.32970574892111 
101.13 59.47 21.0 -1.0 0.0012073348340663314 27.638493618256625 9.587340896247092 0.04423737438508215 10.025515423811653 4.0 -1.0 -1.0 -1.0 -1.0 
101.13 59.47 21.0 -1.0 62.29588783082522 68.23636979974025 2.520229808808255 0.07188573337575849 37.65257642714186 2.0 37.65257721338069 2.0 62.295778964956604 68.20740691420977 
101.15 52.06 21.0 -1.0 2.513260850307 46.37090186132754 0.22878942329845034 0.022118687192541075 4.950506934041905 8.0 -1.0 -1.0 -1.0 -1.0 
101.15 52.06 21.0 -1.0 104.57617985701707 116.30196901179421 0.0217537309748786 0.06359122567855559 2.129873758508758 4.0 -1.0 -1.0 -1.0 -1.0 
101.15 52.06 21.0 -1.0 0.87191119 144.4758048396614 0.012439687799583798 0.05114946413275124 2.2841351527938034 2.0 -1.0 -1.0 -1.0 -1.0 
101.15 52.06 21.0 -1.0 0.91545239953 77.82348832585424 0.015679042306102804 0.02073626924300726 1.1361528101070244 16.0 -1.0 -1.0 -1.0 -1.0 
101.15 52.06 21.0 -1.0 0.19372464510150167 0.0 0.027437455573669802 0.013824179495338172 0.7895849253594348 4.0 -1.0 -1.0 -1.0 -1.0 
101.15 52.06 21.0 -1.0 2.9288806894558483 78.05768479990135 0.017463215463497665 0.015206597444871989 0.7771690658338656 4.0 -1.0 -1.0 -1.0 -1.0 
101.15 52.06 21.0 -1.0 225.225225 156.1153695998027 0.3555126720364094 0.009676925646736721 7.910068914910592 1.0 -1.0 -1.0 -1.0 -1.0 
101.15 52.06 21.0 -1.0 0.012015086195580843 234.17305439970406 0.2816728412129555 0.019353851293473442 0.3241582783188504 8.0 -1.0 -1.0 -1.0 -1.0 
101.15 52.06 21.0 -1.0 0.0682556576466749 35.691542644779375 1.5094470458596805 0.06497364362808941 1.1640384714880505 8.0 -1.0 -1.0 -1.0 -1.0 
101.15 52.06 21.0 -1.0 0.9370088601037303 31.686782938573817 4.748622618155897 0.08294507697202903 33.61410981456902 8.0 34.895702873654685 8.0 0.9370220747465889 32.07974479496216 
101.51 52.45 21.0 -1.0 2.49671858339 43.700125837372276 0.07242458054174665 0.04976704618321741 0.8648205177550389 1.0 -1.0 -1.0 -1.0 -1.0 
101.51 52.45 21.0 -1.0 1.46846364391 115.0547763366903 0.15581858706494922 0.006912089747669086 15.140908370546947 32.0 15.660329334353305 32.0 1.46847014548257 115.16324787592094 
101.51 52.45 21.0 -1.0 1.6206459261456 200.4320868890315 0.058908371596184186 0.045619792334615966 2.0853222360601076 16.0 -1.0 -1.0 -1.0 -1.0 
101.51 52.45 21.0 -1.0 212.66079094525 0.0 0.217537309748786 0.031795612839277794 2.939858837965038 1.0 -1.0 -1.0 -1.0 -1.0 
101.51 52.45 21.0 -1.0 1.263379784007 76.61889501102672 0.14592053445088154 0.013824179495338172 4.873547253084349 16.0 -1.0 -1.0 -1.0 -1.0 
101.51 52.45 21.0 -1.0 5.4966921263 153.23779002205345 0.15042420738058893 0.011059343596270537 4.547148170731691 8.0 -1.0 -1.0 -1.0 -1.0 
101.51 52.45 21.0 -1.0 0.9224842692278 11.241116009718592 3.2949724307776487 0.02350110514207489 216.81251883529433 32.0 217.10193826309782 32.0 0.9225004760082812 11.232970574892114 
101.51 52.45 21.0 -1.0 0.2517360295781337 108.73308532917983 3.018199722206234 0.029030776940210154 107.64770919920556 16.0 116.66921439057303 32.0 0.25171781696068746 109.39496568881418 
101.51 52.45 21.0 -1.0 2.09207816446 64.7571038842071 5.797974856117098 0.11197585391223919 62.21159560901025 8.0 62.25545135047022 8.0 2.092080345998208 64.76667718856713 
101.51 52.45 21.0 -1.0 0.199465428208 229.85668503308017 3.762335719406062 0.12165277955897592 11.935229279915628 8.0 12.611557404591691 8.0 0.19948250458886227 229.82050608630618 
101.94 56.34 21.0 -1.0 51.53233625228613 75.46690970985838 0.3932416103941603 0.027648358990676344 8.245900537531295 2.0 8.374361613455633 2.0 51.53221233437459 75.49365809792357 
101.94 56.34 21.0 -1.0 2.822961401283 141.39202623801052 0.08922674486302234 0.05391430003181887 0.300057246267184 4.0 -1.0 -1.0 -1.0 -1.0 
101.94 56.34 21.0 -1.0 23.270554003715503 92.5405839839979 0.7317899463156684 0.009676925646736721 45.45178438774531 4.0 45.451784820389314 4.0 23.27045270552238 92.49491085992244 
101.94 56.34 21.0 -1.0 8.96050624775 89.19778282499662 0.131920421787552 0.01520659744487199 3.69589115081743 32.0 -1.0 -1.0 -1.0 -1.0 
101.94 56.34 21.0 -1.0 292.02 91.54620642404183 0.539601573374205 0.05253188208228506 4.316728027484174 1.0 -1.0 -1.0 -1.0 -1.0 
101.94 56.34 21.0 -1.0 0.01695945003342085 29.06967590169482 0.14581976084928142 0.058061553880420315 0.8233303916085308 2.0 -1.0 -1.0 -1.0 -1.0 
101.94 56.34 21.0 -1.0 1.756384 0.0 0.3550218032003881 0.012441761545804354 17.710067784134 32.0 -1.0 -1.0 -1.0 -1.0 
101.94 56.34 21.0 -1.0 157.728707 141.03235775887748 0.02974728571317075 0.009676925646736721 0.8381486107245149 1.0 -1.0 -1.0 -1.0 -1.0 
101.94 56.34 21.0 -1.0 2.34798414425 211.54853663831622 0.025324469357735295 0.06497364362808941 0.32708061617589723 1.0 -1.0 -1.0 -1.0 -1.0 
101.94 56.34 21.0 -1.0 0.10041202239739296 70.51617887943874 1.1061254389094946 0.03317803078881161 8.041800938084467 16.0 9.110807758981181 16.0 0.10040821507573129 72.86251183713803 
102.56 52.45 21.0 -1.0 0.856971 83.5760518514675 0.22378706655129366 0.012441761545804354 17.5673196259167 32.0 18.86813472254552 32.0 0.8569562245005121 83.48829481338733 
102.56 52.45 21.0 -1.0 0.782711 119.70261778353648 0.47881529719724253 0.022118687192541075 10.40603864854128 32.0 15.531008916421213 32.0 0.7827111403457822 120.02074866506348 
102.56 52.45 21.0 -1.0 3.0525575857019174 0.0 0.010380101976981068 0.03456044873834543 1.624007896422398 4.0 -1.0 -1.0 -1.0 -1.0 
102.56 52.45 21.0 -1.0 0.0031257769421002167 74.1439927657549 0.12569266399539386 0.01382417949533817 2.605781842584064 1.0 -1.0 -1.0 -1.0 -1.0 
102.56 52.45 21.0 -1.0 0.38243974963539146 148.2879855315098 0.020513095556912497 0.016589015394405805 0.9185712679970008 32.0 -1.0 -1.0 -1.0 -1.0 
102.56 52.45 21.0 -1.0 0.28331 222.4319782972647 0.03424943924681999 0.04423737438508215 3.0800107537079238 8.0 -1.0 -1.0 -1.0 -1.0 
102.56 52.45 21.0 -1.0 2.97107636748 37.61700923099056 2.7117105099098313 0.008294507697202903 454.6265293217153 32.0 454.660031713566 32.0 2.971076658771684 37.64563111585465 
102.56 52.45 21.0 -1.0 2.178106798635 28.318422679509744 1.32194114846603 0.016589015394405805 115.27909000036601 32.0 115.43732381918075 32.0 2.178118544785927 28.335421269998122 
102.56 52.45 21.0 -1.0 1.958027198703 80.28372934041687 8.066602730969569 0.022118687192541075 650.4074266570395 32.0 650.4429515616671 32.0 1.9580208269568782 80.24996095395896 
102.56 52.45 21.0 -1.0 455.000455 66.38034035793957 7.879336515072576 0.015206597444871989 174.58779263888147 1.0 174.58779133952837 1.0 455.00055421143776 66.38584411828131 
