0.51 51.53 22.0 -1.0 31.227543005518584 142.1498168533933 0.02497697010159621 0.017971433343939622 1.607489482028996 8.0 -1.0 -1.0 -1.0 -1.0 
0.51 51.53 22.0 -1.0 1.49282164771 61.453775940115264 0.09134737454235402 0.07188573337575849 0.922148363031484 4.0 -1.0 -1.0 -1.0 -1.0 
0.51 51.53 22.0 -1.0 3.696818455398 0.0 0.17427059838365516 0.0027648358990676344 26.47105929750675 32.0 -1.0 -1.0 -1.0 -1.0 
0.51 51.53 22.0 -1.0 1.1829305875744 92.01502030925614 0.2601605991840638 0.058061553880420315 3.1028347198907342 4.0 -1.0 -1.0 -1.0 -1.0 
0.51 51.53 22.0 -1.0 1.1964621075 184.0300406185123 0.9096951715625333 0.045619792334615966 26.83038033488115 16.0 26.95436567468459 16.0 1.1964705966723463 184.38263412120207 
0.51 51.53 22.0 -1.0 11.647056 276.0450609277684 0.06161393809520712 0.045619792334615966 0.2520971316623286 4.0 -1.0 -1.0 -1.0 -1.0 
0.51 51.53 22.0 -1.0 52.00815274976942 112.52721955611402 2.0245599113661648 0.006912089747669087 102.51163295504021 8.0 102.58079096945873 8.0 52.008181228302426 112.5321016151354 
0.51 51.53 22.0 -1.0 1.0641806956 40.002929621395786 4.9667191963512005 0.05529671798135269 128.88082993262353 16.0 128.98517685050584 16.0 1.0641694340544443 40.17557944353305 
0.51 51.53 22.0 -1.0 1.7107765053205546 41.85261649829952 1.369347431001146 0.07188573337575849 18.260143799026995 8.0 18.34089242642572 8.0 1.71069890105476 42.09834017256864 
0.51 51.53 22.0 -1.0 280.91751733 16.067429288925013 2.3245379118404386 0.04423737438508215 24.263079725408826 1.0 24.263079349163778 1.0 280.9179325898489 16.09047136403465 
0.53 53.08 22.0 -1.0 0.018169741116334535 86.50417322496794 0.1867356005517758 0.011059343596270537 1.825480463549028 2.0 -1.0 -1.0 -1.0 -1.0 
0.53 53.08 22.0 -1.0 3.020874 182.41097397438892 0.24566259432007914 0.052531882082285056 1.7010181945941638 8.0 -1.0 -1.0 -1.0 -1.0 
0.53 53.08 22.0 -1.0 1.981742617133 0.0 0.16788910048294114 0.022118687192541075 2.36824416044983 16.0 -1.0 -1.0 -1.0 -1.0 
0.53 53.08 22.0 -1.0 0.11315570911930387 99.48875409206975 0.9319592853843813 0.01520659744487199 16.10203579142746 32.0 16.323724408927887 32.0 0.11317145739061138 99.17397444499343 
0.53 53.08 22.0 -1.0 2.441546665699 298.46626227620925 0.051023562383432024 0.038707702586946884 2.31001930016491 4.0 -1.0 -1.0 -1.0 -1.0 
0.53 53.08 22.0 -1.0 6.964967814769 111.27935051162197 1.1665589518231836 0.08709233082063048 21.727559423916574 4.0 21.727559005655824 4.0 6.965031692137321 111.31772641784977 
0.53 53.08 22.0 -1.0 31.563820566264 56.147118646019564 7.580327491754277 0.011059343596270537 481.28979739507236 16.0 482.1132321994696 16.0 31.563831726089123 56.16485287446056 
0.53 53.08 22.0 -1.0 5.21880961058 48.98321196072201 9.015617949709192 0.016589015394405805 814.8015587063811 32.0 814.9990422834647 32.0 5.218801864733299 48.9797996238539 
0.53 53.08 22.0 -1.0 361.65820239474675 23.282696727217044 1.4312502368635112 0.024883523091608708 18.87431260699076 1.0 18.874312734862016 1.0 361.6577790429195 23.275524614641316 
0.53 53.08 22.0 -1.0 0.569699335665 198.9775081841395 5.1840772815238205 0.019353851293473442 362.24258206922866 32.0 362.57845562650357 32.0 0.5697074811905622 198.85393855552255 
0.59 57.37 22.0 -1.0 0.257347 100.01062297407742 0.15700720842962645 0.016589015394405805 2.7007091074490046 32.0 -1.0 -1.0 -1.0 -1.0 
0.59 57.37 22.0 -1.0 5.28836132017 91.11910102273467 0.07575092471847536 0.02350110514207489 1.3854537896326147 2.0 -1.0 -1.0 -1.0 -1.0 
0.59 57.37 22.0 -1.0 1.6206459261456 133.14484152779912 0.011269514080539549 0.031795612839277794 2.0521086391073178 2.0 -1.0 -1.0 -1.0 -1.0 
0.59 57.37 22.0 -1.0 0.011061207030491276 25.230643485861478 0.02616024242085718 0.08570991287109667 -0.11920557869750721 8.0 -1.0 -1.0 -1.0 -1.0 
0.59 57.37 22.0 -1.0 186.219739 22.038815093071772 0.1123065381975074 0.08294507697202903 2.2955836409901313 2.0 -1.0 -1.0 -1.0 -1.0 
0.59 57.37 22.0 -1.0 0.11751119527 126.64719087104864 0.6068457403490339 0.022118687192541075 8.037138541097093 32.0 8.366373699231337 32.0 0.11750671546906234 128.62257297917006 
0.59 57.37 22.0 -1.0 0.0924402996373342 253.29438174209727 0.12243590363412019 0.029030776940210154 1.1078969235759595 1.0 -1.0 -1.0 -1.0 -1.0 
0.59 57.37 22.0 -1.0 0.18086 379.9415726131459 0.012109000882084785 0.02073626924300726 3.267308733312793 2.0 -1.0 -1.0 -1.0 -1.0 
0.59 57.37 22.0 -1.0 0.0721254000948992 17.7830439026855 7.113530673419466 0.05114946413275124 6.605483120235553 16.0 12.926284337838599 32.0 0.07212292985059321 26.109066741641126 
0.59 57.37 22.0 -1.0 184.0415856584079 0.0 2.520229808808255 0.01520659744487199 44.186590798702504 2.0 -1.0 -1.0 -1.0 -1.0 
0.63 59.73 22.0 -1.0 288.761036 94.74843166836793 0.7108618026212192 0.013824179495338172 9.590430594770208 1.0 -1.0 -1.0 -1.0 -1.0 
0.63 59.73 22.0 -1.0 0.68256060227 25.797197475718264 0.06759008432993412 0.019353851293473442 2.55241332272936 16.0 -1.0 -1.0 -1.0 -1.0 
0.63 59.73 22.0 -1.0 282.779107035 101.54400214435411 0.011529386030693138 0.026265941041142528 -2.561267072635169 1.0 -1.0 -1.0 -1.0 -1.0 
0.63 59.73 22.0 -1.0 0.8092202865133 86.8707639828298 0.2696764883605954 0.05391430003181887 2.118773908866962 8.0 -1.0 -1.0 -1.0 -1.0 
0.63 59.73 22.0 -1.0 8.010414879211 0.0 0.04358769832053653 0.008294507697202903 2.0331491867056983 2.0 -1.0 -1.0 -1.0 -1.0 
0.63 59.73 22.0 -1.0 0.3737524374439566 144.26519997746473 0.0871553456105025 0.049767046183217416 1.3415789332212325 8.0 -1.0 -1.0 -1.0 -1.0 
0.63 59.73 22.0 -1.0 0.0605686507354272 432.79559993239417 0.39053428439073334 0.011059343596270537 7.768443053304971 32.0 8.834173046543503 32.0 0.06057234713807703 431.5079867688286 
0.63 59.73 22.0 -1.0 139.0504084495192 93.53648279366975 5.907138284790159 0.056679135930886505 75.12815342208356 2.0 75.12815374104169 2.0 139.05034090081853 93.5068901909938 
0.63 59.73 22.0 -1.0 131.55003246018 38.82564787872363 5.690828758609346 0.027648358990676344 99.68263021103107 2.0 99.68263225609869 2.0 131.55028379211825 38.86000631314029 
0.63 59.73 22.0 -1.0 0.0051582216507230555 288.53039995492946 1.2788237140267293 0.03041319488974398 3.1025426373437703 1.0 -1.0 -1.0 -1.0 -1.0 
1.03 51.92 22.0 -1.0 3.264527695 48.59661171368329 0.28421393302273995 0.08570991287109667 2.463139622153391 1.0 -1.0 -1.0 -1.0 -1.0 
1.03 51.92 22.0 -1.0 0.12012180479939936 64.20986713889583 0.015974245037904646 0.10921101801317155 0.047814947357109006 1.0 -1.0 -1.0 -1.0 -1.0 
1.03 51.92 22.0 -1.0 2.682763 46.613076541696216 0.031787049998213315 0.019353851293473442 2.0698862964947957 1.0 -1.0 -1.0 -1.0 -1.0 
1.03 51.92 22.0 -1.0 2.095742100981 31.594881668079807 0.5686898637929256 0.019353851293473442 34.431697491107 32.0 34.92992855545074 32.0 2.0957486412953585 31.573755129426477 
1.03 51.92 22.0 -1.0 1.719586 94.44461040332736 0.937771888344508 0.07879782312342758 8.857467770704353 8.0 8.98561402481572 8.0 1.719672582112253 94.01287985652948 
1.03 51.92 22.0 -1.0 1.18134309395 283.33383120998207 0.5710520140181009 0.035942866687879244 9.373488864939416 8.0 9.37348766401798 8.0 1.1813729846229157 283.25301476687406 
1.03 51.92 22.0 -1.0 2.441546665699 54.88725183055658 6.1699128249171915 0.024883523091608708 294.4335886340917 32.0 295.382670300958 32.0 2.441538526909426 54.95047767717493 
1.03 51.92 22.0 -1.0 2.1428284063761587 112.91982371954981 3.569893544810421 0.009676925646736721 625.387227421924 32.0 625.6593014431746 32.0 2.1428301503571374 112.93689334756394 
1.03 51.92 22.0 -1.0 1.93257404609 0.0 1.6987247418078029 0.013824179495338172 137.41842005421614 32.0 -1.0 -1.0 -1.0 -1.0 
1.03 51.92 22.0 -1.0 0.020855600018580035 188.88922080665472 3.0538555088334154 0.027648358990676344 9.54296700513255 32.0 10.876176554293552 16.0 0.04171549032131831 192.78206256909436 
1.14 55.81 22.0 -1.0 1.9636642199637133 73.48271690121126 0.014302618068135337 0.016589015394405805 0.8795871076106145 32.0 -1.0 -1.0 -1.0 -1.0 
1.14 55.81 22.0 -1.0 32.99798303772435 53.318502168604 0.03139421910602931 0.0483846282336836 2.040325699322219 4.0 -1.0 -1.0 -1.0 -1.0 
1.14 55.81 22.0 -1.0 348.18864014054 50.497601661969824 2.993281866906677 0.06635606157762322 29.417576235547706 1.0 29.417575519724018 1.0 348.18852630754316 50.497768620460945 
1.14 55.81 22.0 -1.0 0.7084996307 27.1642271009217 1.0 0.03317803078881161 13.163394556689186 32.0 13.449651837093219 32.0 0.7084963726811111 27.525837805141034 
1.14 55.81 22.0 -1.0 1.22896880609 50.39312386542782 3.2904229465847132 0.1354769590543141 16.468574409233575 4.0 16.494629039738104 4.0 1.2289092410355806 51.00375828599662 
1.14 55.81 22.0 -1.0 1.339445927984 90.12951248357098 2.4481548481623454 0.15483081034778753 42.83830184121128 4.0 44.804054834779265 8.0 1.3393825308109324 90.57215013088685 
1.14 55.81 22.0 -1.0 0.002761031926804169 0.0 2.020368287586113 0.05529671798135268 11.29502703078121 1.0 -1.0 -1.0 -1.0 -1.0 
1.14 55.81 22.0 -1.0 0.10513412328808316 116.07483195816927 2.0357801389985517 0.019353851293473442 77.78075620526272 32.0 78.65142070149251 32.0 0.10513758752495052 116.68121687252798 
1.14 55.81 22.0 -1.0 0.8313576437031 232.14966391633854 1.029440523625379 0.04285495643554833 12.49366169064158 4.0 14.011329207249197 8.0 0.8313994233806928 233.05883994573458 
1.14 55.81 22.0 -1.0 0.003302992313449221 348.2244958745078 7.643430638053695 0.008294507697202903 100.50458516319166 32.0 67.07264245636553 16.0 0.006608994832883279 347.5137022899055 
1.82 58.15 22.0 -1.0 4.316040583 181.00753267655958 0.02407898431437069 0.0967692564673672 1.2254378611628503 1.0 -1.0 -1.0 -1.0 -1.0 
1.82 58.15 22.0 -1.0 1.47839 13.14142847435696 0.3962413512363728 0.01520659744487199 22.05428530724714 32.0 22.753191130334592 32.0 1.4783836377318949 13.1557313039277 
1.82 58.15 22.0 -1.0 1.24979366967 49.55413653872104 0.24380280832024234 0.056679135930886505 2.172640503590673 2.0 -1.0 -1.0 -1.0 -1.0 
1.82 58.15 22.0 -1.0 0.701967086843 40.55851585686955 0.015209614681205482 0.019353851293473442 0.2677883673275296 16.0 -1.0 -1.0 -1.0 -1.0 
1.82 58.15 22.0 -1.0 0.1397922816187968 44.54787807229934 0.27723259135371625 0.023501105142074888 -0.2732588150168484 1.0 -1.0 -1.0 -1.0 -1.0 
1.82 58.15 22.0 -1.0 0.485834572714 47.71590100808182 0.5127090543829169 0.016589015394405805 20.86832089101813 32.0 21.06368758793618 32.0 0.4858217531970392 47.563028560353985 
1.82 58.15 22.0 -1.0 2.2551713364 130.35827709830878 0.029542486429437985 0.06082638977948796 1.6396171787783806 2.0 -1.0 -1.0 -1.0 -1.0 
1.82 58.15 22.0 -1.0 1.573267 260.71655419661755 0.17116830195001612 0.029030776940210154 0.49789149161298735 16.0 -1.0 -1.0 -1.0 -1.0 
1.82 58.15 22.0 -1.0 35.02940601125372 391.07483129492635 0.042517023806779845 0.011059343596270537 1.9251065349966205 1.0 -1.0 -1.0 -1.0 -1.0 
1.82 58.15 22.0 -1.0 45.942987 0.0 8.806320341568249 0.031795612839277794 253.07756519867 8.0 -1.0 -1.0 -1.0 -1.0 
1.86 58.94 22.0 -1.0 0.5255 86.40315820817003 0.011673651412337912 0.09538683851783337 -0.9764440712473738 2.0 -1.0 -1.0 -1.0 -1.0 
1.86 58.94 22.0 -1.0 0.7868706767511884 259.8205294916117 0.7471147983930847 0.02350110514207489 24.880442448676348 32.0 25.963208343881423 32.0 0.7868644994838785 260.0786880853399 
1.86 58.94 22.0 -1.0 0.5850663857353 48.721441403569706 0.01331105326335395 0.013824179495338172 0.20951801493992228 1.0 -1.0 -1.0 -1.0 -1.0 
1.86 58.94 22.0 -1.0 1.74293348861 28.71957875377646 0.05858369737125164 0.04423737438508215 1.0274257880784485 8.0 -1.0 -1.0 -1.0 -1.0 
1.86 58.94 22.0 -1.0 2.791736 61.26843467472311 0.6740356517769636 0.08570991287109667 2.830462363967046 2.0 -1.0 -1.0 -1.0 -1.0 
1.86 58.94 22.0 -1.0 3.5354509962 66.76792847863776 0.027475391812400555 0.026265941041142528 0.7247524249979942 16.0 -1.0 -1.0 -1.0 -1.0 
1.86 58.94 22.0 -1.0 0.71802175405 135.77639146998146 0.023962821561103093 0.015206597444871989 1.6422643713117404 16.0 -1.0 -1.0 -1.0 -1.0 
1.86 58.94 22.0 -1.0 0.006921991990574544 271.5527829399629 0.6140147696463008 0.013824179495338172 1.1830104076866124 16.0 -1.0 -1.0 -1.0 -1.0 
1.86 58.94 22.0 -1.0 1.496059848301 0.0 6.773031233020211 0.07050331542622468 42.86423201392397 8.0 -1.0 -1.0 -1.0 -1.0 
1.86 58.94 22.0 -1.0 3.1091885438021287 407.3291744099444 3.2813428144235393 0.04423737438508215 86.10764250596681 16.0 86.91641272077095 16.0 3.109198587480933 407.32168075622303 
10.61 55.03 22.0 -1.0 1.4499216603224474 138.86532924345312 0.05358866120566024 0.04976704618321741 0.9986711558082423 16.0 -1.0 -1.0 -1.0 -1.0 
10.61 55.03 22.0 -1.0 296.81031620473095 213.8662435647944 0.02689322988764996 0.011059343596270537 0.5947769838083445 1.0 -1.0 -1.0 -1.0 -1.0 
10.61 55.03 22.0 -1.0 0.039142364678518046 66.07223404499113 0.019898937272332506 0.024883523091608708 1.984738884707825 1.0 -1.0 -1.0 -1.0 -1.0 
10.61 55.03 22.0 -1.0 0.765609 108.21560494936385 0.03639620525988885 0.024883523091608708 1.847674485395058 4.0 -1.0 -1.0 -1.0 -1.0 
10.61 55.03 22.0 -1.0 12.359917476 324.64681484809154 0.08922674486302233 0.03732528463741307 1.0066120245095844 4.0 -1.0 -1.0 -1.0 -1.0 
10.61 55.03 22.0 -1.0 0.0011114843736737697 33.896517121852945 2.223999644408111 0.01382417949533817 14.877782538378508 2.0 -1.0 -1.0 -1.0 -1.0 
10.61 55.03 22.0 -1.0 5.446712522089698 94.0920561485918 5.7819749743951 0.02073626924300726 371.8258236573987 32.0 371.8383213160002 32.0 5.446721236997595 94.11407778963662 
10.61 55.03 22.0 -1.0 0.727899551124 7.792302786632861 9.67383242068429 0.02764835899067634 393.3841781601562 32.0 396.52059950005054 32.0 0.7278989263189336 8.095834648570891 
10.61 55.03 22.0 -1.0 196.27145538862112 0.0 2.7135845277589143 0.04147253848601452 40.88495510720821 2.0 -1.0 -1.0 -1.0 -1.0 
10.61 55.03 22.0 -1.0 2.4784478211 216.4312098987277 4.127257507209404 0.013824179495338172 405.4331954950278 32.0 405.8144437663767 32.0 2.4784640118014067 216.46237891616425 
10.77 59.73 22.0 -1.0 186.219739 92.55333626535325 0.06768353736781103 0.008294507697202903 1.6636122008767482 2.0 -1.0 -1.0 -1.0 -1.0 
10.77 59.73 22.0 -1.0 1.263379784007 33.454984120662374 0.02256500029502639 0.016589015394405805 0.8750758278282191 16.0 -1.0 -1.0 -1.0 -1.0 
10.77 59.73 22.0 -1.0 20.699648 3.353678114785226 0.02275284475377996 0.01382417949533817 1.317258080212508 2.0 -1.0 -1.0 -1.0 -1.0 
10.77 59.73 22.0 -1.0 0.05731896229731577 65.76480986066639 0.3494252909314058 0.02350110514207489 1.0527893380224131 1.0 -1.0 -1.0 -1.0 -1.0 
10.77 59.73 22.0 -1.0 0.0189369888895036 272.6294916238819 0.027173364496594247 0.07050331542622468 1.1619749611085957 2.0 -1.0 -1.0 -1.0 -1.0 
10.77 59.73 22.0 -1.0 126.25846475496253 408.94423743582286 0.020641035137348444 0.04700221028414978 0.7797608897652138 2.0 -1.0 -1.0 -1.0 -1.0 
10.77 59.73 22.0 -1.0 8.58456883589144 141.99963920163788 5.636053377113842 0.012441761545804354 314.6391394189979 32.0 314.6528927622219 32.0 8.584568907584375 141.980700149312 
10.77 59.73 22.0 -1.0 4.328570923519301 61.87945106914692 5.4034765035835015 0.05944397182995413 117.68141143510478 16.0 117.76237158594262 16.0 4.328588450637957 61.83193712846018 
10.77 59.73 22.0 -1.0 0.35169302087 0.0 2.092820945540999 0.03041319488974398 16.028502155023652 16.0 -1.0 -1.0 -1.0 -1.0 
10.77 59.73 22.0 -1.0 2.84188243708 136.31474581194095 1.4856523413221554 0.024883523091608708 71.70395780073659 16.0 72.43670541442157 16.0 2.84186777813981 136.3136158953124 
100.56 58.69 22.0 -1.0 288.761036 54.78213306582298 0.06991726935839042 0.02350110514207489 1.6256093978381012 1.0 -1.0 -1.0 -1.0 -1.0 
100.56 58.69 22.0 -1.0 0.0036881342625287427 59.74893421969706 0.2573007452468887 0.11612310776084063 3.829766295187631 1.0 -1.0 -1.0 -1.0 -1.0 
100.56 58.69 22.0 -1.0 3.31686125551 52.38291555929059 0.5628271480212301 0.0483846282336836 13.429017126372797 8.0 13.613862253296682 8.0 3.3168665443857512 52.31933141638939 
100.56 58.69 22.0 -1.0 2.04816460208 32.157932894574536 0.047519043119474934 0.009676925646736721 2.2288699042677043 4.0 -1.0 -1.0 -1.0 -1.0 
100.56 58.69 22.0 -1.0 2.579369213821 0.0 0.09876417946237198 0.02073626924300726 0.7479743554657007 1.0 -1.0 -1.0 -1.0 -1.0 
100.56 58.69 22.0 -1.0 0.9243476491536 210.4366302440123 0.16881955154731312 0.011059343596270537 10.629301591618821 32.0 11.268149212805975 32.0 0.9243497819018861 210.39050292973607 
100.56 58.69 22.0 -1.0 1.907817902338 105.01838032979512 1.770617745443083 0.08570991287109667 3490.034194216112 8.0 3514.437979653416 16.0 1.9078167194190125 105.14465249831446 
100.56 58.69 22.0 -1.0 1.088837931564 66.1468475704501 1.8881113493056803 0.08432749492156286 14.518048501623438 8.0 14.585877906106584 8.0 1.0888470569625497 66.48704205138844 
100.56 58.69 22.0 -1.0 26.103676621593344 70.14554341467077 2.2487190214671773 0.019353851293473442 94.88041703203686 16.0 94.88041621637088 16.0 26.103649967505287 70.13016764324534 
100.56 58.69 22.0 -1.0 400.13439317157656 140.29108682934154 6.9676176148737285 0.016589015394405805 134.6620163744066 1.0 134.8915465828345 1.0 400.1340130344034 140.2603352864907 
101.86 53.22 22.0 -1.0 1.110678168087891 99.7936466878131 0.052453198666479475 0.03456044873834543 2.2401110155308377 4.0 -1.0 -1.0 -1.0 -1.0 
101.86 53.22 22.0 -1.0 105.05786516024189 111.54592674862555 0.021073291431380897 0.05944397182995413 1.3945236610491645 1.0 -1.0 -1.0 -1.0 -1.0 
101.86 53.22 22.0 -1.0 2.2081521031 40.36068752313302 0.18139522999750335 0.038707702586946884 1.8512085414276447 32.0 -1.0 -1.0 -1.0 -1.0 
101.86 53.22 22.0 -1.0 208.428863 56.32140311048402 0.09734167832162097 0.060826389779487955 1.9328202993207595 1.0 -1.0 -1.0 -1.0 -1.0 
101.86 53.22 22.0 -1.0 0.802206 74.61018941464357 0.17632936050785838 0.035942866687879244 1.103418188349588 16.0 -1.0 -1.0 -1.0 -1.0 
101.86 53.22 22.0 -1.0 0.010419746251239537 149.22037882928714 0.015886202787099984 0.02350110514207489 -0.7743505771461626 4.0 -1.0 -1.0 -1.0 -1.0 
101.86 53.22 22.0 -1.0 0.006858663496666888 83.65384873763068 7.933958947697883 0.009676925646736721 62.29161763331353 32.0 -1.0 -1.0 -1.0 -1.0 
101.86 53.22 22.0 -1.0 56.538013330516 68.29753612483574 7.419711837099714 0.024883523091608708 270.90930335768104 8.0 270.90930112008454 8.0 56.53807117293279 68.3086048473169 
101.86 53.22 22.0 -1.0 1.6206459261456 0.0 3.8384723436228105 0.04009012053648069 87.88463709936019 16.0 -1.0 -1.0 -1.0 -1.0 
101.86 53.22 22.0 -1.0 0.4430253439574548 223.8305682439307 1.003460195765315 0.030413194889743977 25.66774757677063 16.0 25.933220973805273 16.0 0.4430451857236525 223.64743216677093 
102.69 55.56 22.0 -1.0 0.45787517546 30.739468382151568 0.013283494223444606 0.019353851293473442 0.7566419296795888 32.0 -1.0 -1.0 -1.0 -1.0 
102.69 55.56 22.0 -1.0 0.022758459260747876 27.144085965360926 0.0147950695714271 0.027648358990676344 0.5039417051802226 8.0 -1.0 -1.0 -1.0 -1.0 
102.69 55.56 22.0 -1.0 0.71602537668 19.701013593759246 0.017271248479812762 0.013824179495338172 1.5651484151352535 1.0 -1.0 -1.0 -1.0 -1.0 
102.69 55.56 22.0 -1.0 0.04534324580941472 70.07841868516496 0.013375580247040744 0.031795612839277794 1.1883556451608563 1.0 -1.0 -1.0 -1.0 -1.0 
102.69 55.56 22.0 -1.0 0.0026009143477348545 210.2352560554949 0.01775517399043698 0.012441761545804356 17.62762357577729 1.0 -1.0 -1.0 -1.0 -1.0 
102.69 55.56 22.0 -1.0 86.481636914861 51.765096550517896 3.8757774883603764 0.011059343596270537 117.07344720875696 4.0 -1.0 -1.0 -1.0 -1.0 
102.69 55.56 22.0 -1.0 28.61657456791737 19.490757312075583 6.8246975314948415 0.21427478217774165 39.98179066675714 2.0 40.059847241981345 2.0 28.616341296583418 19.531201089677275 
102.69 55.56 22.0 -1.0 0.85782319432 68.56457345704258 4.612818816800296 0.03732528463741307 164.92800846980037 32.0 165.29953172676977 32.0 0.857835402712226 68.51100071353117 
102.69 55.56 22.0 -1.0 1.342493 0.0 8.083338374683194 0.02350110514207489 292.84298056666717 32.0 -1.0 -1.0 -1.0 -1.0 
102.69 55.56 22.0 -1.0 127.582438285 140.15683737032992 2.28947535848214 0.016589015394405805 69.28288158437051 1.0 69.28288224163441 1.0 127.58246157318355 140.15913735338358 
103.25 55.56 22.0 -1.0 9.324871529011759 66.79626195160587 0.012647660548539622 0.022118687192541075 1.5362623100848343 16.0 -1.0 -1.0 -1.0 -1.0 
103.25 55.56 22.0 -1.0 0.5854 67.29350459640692 0.573820259570412 0.03732528463741307 15.198573983960127 16.0 17.560404833928526 16.0 0.5854114230411749 67.70141724867409 
103.25 55.56 22.0 -1.0 0.5423051109743776 41.54047928441991 0.011909885623504696 0.013824179495338172 0.531698556146839 1.0 -1.0 -1.0 -1.0 -1.0 
103.25 55.56 22.0 -1.0 0.026729805481803814 0.0 0.556255768124643 0.02073626924300726 1.468847808635272 8.0 -1.0 -1.0 -1.0 -1.0 
103.25 55.56 22.0 -1.0 1.91960804535 138.10914459348783 0.047848462446374807 0.031795612839277794 0.7900711198416354 8.0 -1.0 -1.0 -1.0 -1.0 
103.25 55.56 22.0 -1.0 1.555307 207.16371689023174 0.314593521593293 0.016589015394405805 13.479024228906521 32.0 16.02476193756108 16.0 1.5552965730118256 207.1521690703077 
103.25 55.56 22.0 -1.0 0.008551411689614681 37.27247991654435 3.8999505998416835 0.022118687192541075 3.315350494555018 4.0 -1.0 -1.0 -1.0 -1.0 
103.25 55.56 22.0 -1.0 276.35575461663 79.74528915996619 2.191967362578587 0.006912089747669086 78.8157653889763 1.0 78.81576420316146 1.0 276.3554221019149 79.74397128842328 
103.25 55.56 22.0 -1.0 62.421973 57.26577792625268 6.848312320992875 0.03041319488974398 199.29445904124105 4.0 199.32184912185792 4.0 62.421895563602455 57.27803013863906 
103.25 55.56 22.0 -1.0 18.07331488113158 69.05457229674391 4.709418621680498 0.11612310776084063 61.44595142639273 4.0 61.44982940611446 4.0 18.07323618171116 69.11818831217398 
103.41 55.17 22.0 -1.0 1.092061 84.92446085958237 0.011967620273057575 0.029030776940210157 2.10834498552414 1.0 -1.0 -1.0 -1.0 -1.0 
103.41 55.17 22.0 -1.0 0.04232292065881791 87.02213035012231 0.618271343828885 0.04009012053648069 2.1083389953911134 1.0 -1.0 -1.0 -1.0 -1.0 
103.41 55.17 22.0 -1.0 2.2081521031 81.78834112620088 0.04670538288183447 0.027648358990676344 1.6735285603635763 32.0 -1.0 -1.0 -1.0 -1.0 
103.41 55.17 22.0 -1.0 0.499765 87.25058940354745 0.023929735251520638 0.011059343596270537 2.273526689842786 4.0 6.097148038775437 32.0 0.2499291440472007 95.42965092002939 
103.41 55.17 22.0 -1.0 69.15298390559036 26.189715124464016 0.8842898893257327 0.029030776940210157 17.352918965276803 2.0 17.352918046491542 2.0 69.15312648440401 26.210264674748267 
103.41 55.17 22.0 -1.0 2.90682203725 0.0 0.8928840797635169 0.026265941041142528 30.877795675784053 32.0 -1.0 -1.0 -1.0 -1.0 
103.41 55.17 22.0 -1.0 0.9370088601037303 69.22309318781805 0.07486648247791715 0.08985716671969811 1.5592511865957017 2.0 -1.0 -1.0 -1.0 -1.0 
103.41 55.17 22.0 -1.0 0.35369950643211895 207.66927956345415 0.048918028631089204 0.009676925646736721 1.977622313391806 16.0 -1.0 -1.0 -1.0 -1.0 
103.41 55.17 22.0 -1.0 134.589502 78.25761030053958 1.619649130098122 0.006912089747669086 70.84344354029638 1.0 70.84344345768446 1.0 134.58969381948313 78.22600229181624 
103.41 55.17 22.0 -1.0 0.12067509435394061 138.4461863756361 2.265872786768344 0.02073626924300726 94.55155451557394 32.0 96.16133138612683 32.0 0.12068994692526759 140.46273115270495 
103.51 56.73 22.0 -1.0 468.46771214885 160.9434009993659 0.030920679192165006 0.030413194889743984 0.6651350953569107 1.0 -1.0 -1.0 -1.0 -1.0 
103.51 56.73 22.0 -1.0 0.00341097197546927 104.70017428671994 0.011191927559403984 0.031795612839277794 3.9634574823103175 1.0 -1.0 -1.0 -1.0 -1.0 
103.51 56.73 22.0 -1.0 2.936603821673 19.11177606740397 0.9147367545968079 0.03317803078881161 41.93250017091368 16.0 41.97154324352329 16.0 2.9365764930844307 19.126409357248733 
103.51 56.73 22.0 -1.0 1.18651362793 67.40693082820893 0.17792010348429005 0.01520659744487199 7.343662429836988 32.0 7.853886828609011 32.0 1.1865267879329622 67.19542758313841 
103.51 56.73 22.0 -1.0 1.44665164324 134.81386165641786 0.0779810716072939 0.022118687192541075 2.353452538157486 1.0 -1.0 -1.0 -1.0 -1.0 
103.51 56.73 22.0 -1.0 1.553393603867404 202.22079248462677 0.034725944387877496 0.08985716671969811 -1.3694920032730629 8.0 -1.0 -1.0 -1.0 -1.0 
103.51 56.73 22.0 -1.0 1.502492875888 120.53564588542609 5.422173590099175 0.022118687192541075 478.26088755005486 32.0 478.59460127462626 32.0 1.5024852473288777 120.52673833059914 
103.51 56.73 22.0 -1.0 0.6377575349233 78.65153135040639 3.804153439793128 0.04700221028414978 90.54964502723517 16.0 90.67395732195214 16.0 0.6377376848831773 79.03558575667333 
103.51 56.73 22.0 -1.0 3.6703897382 12.741184044935979 1.598528457188781 0.024883523091608708 95.84828520989 32.0 95.87211663134079 32.0 3.6703871349648884 12.750939571499154 
103.51 56.73 22.0 -1.0 42.789902 0.0 1.4273006104727988 0.01520659744487199 72.48709375293079 8.0 -1.0 -1.0 -1.0 -1.0 
