0.53 52.69 23.0 -1.0 2.197424522481 106.46842760070795 0.607684792090432 0.05529671798135269 4.816072363990151 2.0 -1.0 -1.0 -1.0 -1.0 
0.53 52.69 23.0 -1.0 0.84082437435 16.008309482569338 0.9587340896247087 0.017971433343939622 62.90510345720745 32.0 64.2816489148118 32.0 0.8408278517890723 15.989273430927511 
0.53 52.69 23.0 -1.0 0.001576100960180264 110.68268091970245 0.08584072349125751 0.016589015394405805 16.30873602910718 1.0 -1.0 -1.0 -1.0 -1.0 
0.53 52.69 23.0 -1.0 142.93778860168393 86.80191211206701 0.1220980339424975 0.07879782312342758 1.1015586309839873 1.0 -1.0 -1.0 -1.0 -1.0 
0.53 52.69 23.0 -1.0 2.58384981884 58.29717091275708 0.12167700767580156 0.02350110514207489 1.8720629866931708 4.0 -1.0 -1.0 -1.0 -1.0 
0.53 52.69 23.0 -1.0 0.9247724034 49.341882609893794 8.631645772480308 0.03456044873834543 406.13600544830604 16.0 413.4354379682953 32.0 0.9247742127627135 49.38459135628244 
0.53 52.69 23.0 -1.0 11.467104797058479 0.0 8.595941066946327 0.009676925646736721 592.5080451757381 16.0 -1.0 -1.0 -1.0 -1.0 
0.53 52.69 23.0 -1.0 13.222803053771695 97.54240494589324 1.748736087702011 0.030413194889743984 62.189573047815685 8.0 62.232251736765626 8.0 13.222840304176014 97.55480751527925 
0.53 52.69 23.0 -1.0 1.514432128865 195.08480989178648 1.8366499978528432 0.017971433343939622 195.82890961230038 32.0 195.9686917477521 32.0 1.514429944412162 195.1096150305585 
0.53 52.69 23.0 -1.0 13.162177132154847 292.62721483767973 6.556644971410939 0.13132970520571263 59.15068190282463 4.0 59.97805362735008 8.0 13.162086058097582 292.5632246127306 
1.03 51.53 23.0 -1.0 0.11793389859857506 47.51247729249578 0.283821508860516 0.013824179495338172 1.8021895976627182 2.0 -1.0 -1.0 -1.0 -1.0 
1.03 51.53 23.0 -1.0 328.3874525041578 70.28176863395514 0.9423178540276087 0.02350110514207489 13.480890122750553 1.0 -1.0 -1.0 -1.0 -1.0 
1.03 51.53 23.0 -1.0 1.9709085082041 0.0 0.5874581018442158 0.049767046183217416 4.587754153266886 8.0 -1.0 -1.0 -1.0 -1.0 
1.03 51.53 23.0 -1.0 1.476385 92.66184132000494 0.03569893544810421 0.019353851293473442 0.9149906677816776 1.0 -1.0 -1.0 -1.0 -1.0 
1.03 51.53 23.0 -1.0 0.0024054563416671133 277.9855239600148 0.7680483117247858 0.013824179495338172 12.007679256561348 1.0 -1.0 -1.0 -1.0 -1.0 
1.03 51.53 23.0 -1.0 0.51552817782 67.00121139550312 1.4856523413221554 0.03041319488974398 52.391801428834164 16.0 55.682091873372734 32.0 0.5155319134549549 67.09422965003128 
1.03 51.53 23.0 -1.0 224.164985 41.67419746135236 1.3864818585597134 0.019353851293473442 18.921606614042926 2.0 18.921606252111403 2.0 224.1649781353772 41.6935484401401 
1.03 51.53 23.0 -1.0 0.3409 45.038158697392134 2.0641035137348442 0.026265941041142528 83.6772769205025 32.0 83.81762905278067 32.0 0.34090893071455264 44.93188229956846 
1.03 51.53 23.0 -1.0 101.7320938393003 123.52132042747732 2.698628572782285 0.026265941041142528 50.11039465221782 1.0 50.110393741291624 1.0 101.73243936151268 123.56267632381324 
1.03 51.53 23.0 -1.0 3.12928867627 185.32368264000988 1.4877064699107183 0.026265941041142524 55.29609794614394 16.0 60.13271152504317 16.0 3.1292681039000554 185.29341551916627 
1.06 53.08 23.0 -1.0 4.2109 222.6895969853491 0.0352334114498507 0.012441761545804354 1.5084155022648216 4.0 -1.0 -1.0 -1.0 -1.0 
1.06 53.08 23.0 -1.0 78.64901308403884 64.37191532109863 0.20698153011825549 0.019353851293473442 2.8943262641393472 1.0 -1.0 -1.0 -1.0 -1.0 
1.06 53.08 23.0 -1.0 1.082401121651 12.129782551177165 0.7611813673294647 0.038707702586946884 12.24069716696087 16.0 13.432163431166828 16.0 1.0824199610700211 12.34614783907061 
1.06 53.08 23.0 -1.0 7.04529462843791 0.0 0.9249038977451977 0.060826389779487955 6.5605490808871165 8.0 -1.0 -1.0 -1.0 -1.0 
1.06 53.08 23.0 -1.0 1.23347493727 200.14141209442323 0.34773958013372486 0.019353851293473442 11.617192595703532 16.0 12.777341892918411 32.0 1.2334870310345045 200.16951168591532 
1.06 53.08 23.0 -1.0 0.10227486326885736 50.86101891508445 7.8467437283098525 0.012441761545804354 301.19926174131416 32.0 303.10555843618687 32.0 0.10228783745939533 53.23011281435362 
1.06 53.08 23.0 -1.0 2.664464 278.3244659638919 1.392240847145434 0.01520659744487199 120.34676896926662 32.0 120.43319116419877 32.0 2.6644556783139706 278.2943160446244 
1.06 53.08 23.0 -1.0 1.672775771619 166.3641710793878 1.4683063658065716 0.03456044873834543 53.4826638115259 16.0 53.915026616229596 16.0 1.6728032884808879 166.36940202813184 
1.06 53.08 23.0 -1.0 485.32136651225676 100.07070604721162 1.3514907615213376 0.21150994627867403 2.3898625856089377 1.0 -1.0 -1.0 -1.0 -1.0 
1.06 53.08 23.0 -1.0 0.012070428534967337 300.21211814163485 1.8686465040691873 0.011059343596270537 22.765246291684917 32.0 23.193352251721294 32.0 0.012065963043520849 299.3434861309088 
1.13 55.42 23.0 -1.0 0.0012297332742206436 27.78388951481506 0.0672175607369654 0.022118687192541075 16.184863256170974 2.0 -1.0 -1.0 -1.0 -1.0 
1.13 55.42 23.0 -1.0 1.0319424125036423 68.45404925858728 0.02378141128096147 0.013824179495338172 2.7560223301952824 16.0 -1.0 -1.0 -1.0 -1.0 
1.13 55.42 23.0 -1.0 188.2052895367 98.35155981624716 0.36195607120557394 0.006912089747669086 6.893719680248596 1.0 -1.0 -1.0 -1.0 -1.0 
1.13 55.42 23.0 -1.0 2.190521178604 120.64685275206195 0.01649004049570988 0.019353851293473442 0.9892845487432829 1.0 -1.0 -1.0 -1.0 -1.0 
1.13 55.42 23.0 -1.0 2.269537144722 0.0 0.4483995483873568 0.011059343596270537 15.776415249688867 32.0 -1.0 -1.0 -1.0 -1.0 
1.13 55.42 23.0 -1.0 258.978475098116 113.62417638390012 0.03886502540210162 0.016589015394405805 0.8176427028852162 1.0 -1.0 -1.0 -1.0 -1.0 
1.13 55.42 23.0 -1.0 13.781158075623882 340.87252915170035 0.022316951185597518 0.04423737438508215 1.2392060468234916 32.0 -1.0 -1.0 -1.0 -1.0 
1.13 55.42 23.0 -1.0 17.501175782223278 236.75964746060194 1.2448284660085038 0.027648358990676344 34.73211062491578 4.0 34.86438163000148 4.0 17.50110338131587 236.8031634706986 
1.13 55.42 23.0 -1.0 0.3387604641 72.54492869635146 5.2416974170969235 0.03732528463741307 146.89227389765685 16.0 146.981524356704 16.0 0.3387564599203567 72.76131390403089 
1.13 55.42 23.0 -1.0 324.68438438109 227.24835276780024 1.665030304089738 0.013824179495338172 34.20973030362398 1.0 34.20972999055824 1.0 324.684272830685 227.2905577586278 
1.18 57.37 23.0 -1.0 0.418165652037 119.07335547735785 0.05581805219779393 0.03732528463741307 -0.37975281939657796 32.0 -1.0 -1.0 -1.0 -1.0 
1.18 57.37 23.0 -1.0 61.48547652886 97.67411853420036 0.11852429499647235 0.016589015394405805 1.5171523940824367 4.0 -1.0 -1.0 -1.0 -1.0 
1.18 57.37 23.0 -1.0 0.72170711979 78.84128037787656 0.1123065381975074 0.04285495643554833 0.4595681796640834 8.0 -1.0 -1.0 -1.0 -1.0 
1.18 57.37 23.0 -1.0 34.549787307503316 326.1968340382897 0.44870942982718154 0.026265941041142528 5.398598882112092 1.0 -1.0 -1.0 -1.0 -1.0 
1.18 57.37 23.0 -1.0 176.678445 125.79128171348138 0.046576496396391776 0.013824179495338172 1.450013271934261 2.0 -1.0 -1.0 -1.0 -1.0 
1.18 57.37 23.0 -1.0 233.64486 377.37384514044413 0.518049712647163 0.022118687192541075 5.011492466273375 1.0 -1.0 -1.0 -1.0 -1.0 
1.18 57.37 23.0 -1.0 0.24943292613086243 105.0713856256622 5.281682335805868 0.04423737438508215 98.83960012525672 16.0 99.73405079263938 16.0 0.24944408020625514 104.73986076588592 
1.18 57.37 23.0 -1.0 174.16720665567405 12.718770458278794 4.5652645216545045 0.02350110514207489 99.13170905012221 2.0 99.13170724943775 2.0 174.1670227299134 12.750939571499154 
1.18 57.37 23.0 -1.0 3.04924 0.0 1.6928670902708083 0.02350110514207489 73.0868022118065 32.0 -1.0 -1.0 -1.0 -1.0 
1.18 57.37 23.0 -1.0 320.688695691 251.58256342696276 6.7217560736965405 0.01520659744487199 121.21012839494625 1.0 121.21012930173522 1.0 320.6883169089755 251.57806170434048 
1.22 58.55 23.0 -1.0 0.017037566463405603 58.738180694298734 0.012984084737153605 0.04423737438508215 1.3668941946108877 2.0 -1.0 -1.0 -1.0 -1.0 
1.22 58.55 23.0 -1.0 0.04534324580941472 58.17724308875973 0.02520229808808254 0.03041319488974398 1.327182187716252 1.0 -1.0 -1.0 -1.0 -1.0 
1.22 58.55 23.0 -1.0 28.095350456707457 29.288956403500936 0.23181232010887154 0.027648358990676348 3.009143901233781 4.0 -1.0 -1.0 -1.0 -1.0 
1.22 58.55 23.0 -1.0 1.322763989 58.25737703240816 0.5336699231206312 0.016589015394405805 24.674630386103132 32.0 26.753382197214012 32.0 1.3227690942585468 58.29000946971043 
1.22 58.55 23.0 -1.0 155.80651370922 0.0 0.029420284267010578 0.02350110514207489 0.46120867572330565 2.0 -1.0 -1.0 -1.0 -1.0 
1.22 58.55 23.0 -1.0 103.30777266468 133.54321709010756 0.19844024884705488 0.024883523091608708 3.121442105422759 1.0 -1.0 -1.0 -1.0 -1.0 
1.22 58.55 23.0 -1.0 0.692207699133 267.0864341802151 0.01839189431314386 0.1769494975403286 1.474674540783266 1.0 -1.0 -1.0 -1.0 -1.0 
1.22 58.55 23.0 -1.0 0.555864 145.24277286277825 1.4233618833282324 0.009676925646736721 167.04035831502205 32.0 167.7117465485746 32.0 0.5558831617236137 145.3202319418475 
1.22 58.55 23.0 -1.0 1.051086977637501 23.59944640446245 1.7034254530816373 0.022118687192541075 95.95706065822857 32.0 96.1069626984358 32.0 1.0510727103489141 23.680316347069862 
1.22 58.55 23.0 -1.0 1.5262035513 400.62965127032265 1.5711571348942421 0.024883523091608708 66.42778271260342 16.0 66.42778628614897 16.0 1.5261927425550919 400.54141923804485 
1.25 59.33 23.0 -1.0 0.555864 116.46329823125535 0.03406067303515038 0.03041319488974398 2.5230782617259937 2.0 -1.0 -1.0 -1.0 -1.0 
1.25 59.33 23.0 -1.0 1.131171 208.48265206297071 0.5299957990657957 0.01520659744487199 33.92825172856642 32.0 34.97413644628628 32.0 1.13116887708505 208.46774220070049 
1.25 59.33 23.0 -1.0 0.9992746586412061 2.9199250989211585 0.07317899463156682 0.019353851293473442 5.776110897954429 2.0 7.1638393011638675 4.0 1.000444171950221 4.7563028560354 
1.25 59.33 23.0 -1.0 1.752273 0.0 0.7089001340999033 0.04285495643554833 3.778902073003218 16.0 -1.0 -1.0 -1.0 -1.0 
1.25 59.33 23.0 -1.0 3.57439188715 139.030147924346 0.07723048797037538 0.04285495643554833 1.1146127644354684 2.0 -1.0 -1.0 -1.0 -1.0 
1.25 59.33 23.0 -1.0 174.16720665567405 278.060295848692 0.09046813752760459 0.07603298722435994 1.5284452788572163 2.0 -1.0 -1.0 -1.0 -1.0 
1.25 59.33 23.0 -1.0 1.1510060470512 417.09044377303803 0.3652214325520265 0.00967692564673672 28.347905495753718 32.0 29.87173057141432 32.0 1.1509958615837 417.0366823345081 
1.25 59.33 23.0 -1.0 0.3275 48.8461755833811 1.5996331735108558 0.02211868719254108 34.52554513306476 32.0 34.673878833640636 32.0 0.32750904210843146 48.67620582453249 
1.25 59.33 23.0 -1.0 10.460147656663468 67.49198300077764 5.028866967141122 0.012441761545804354 438.195406765096 32.0 438.2178178546044 32.0 10.460159198070567 67.49902138245982 
1.25 59.33 23.0 -1.0 57.27738648331841 220.62119783134295 1.9356582498136592 0.008294507697202903 76.14732029750962 2.0 76.14732305735966 2.0 57.277308466533825 220.6114941735568 
1.55 51.92 23.0 -1.0 0.30253617441746083 142.2167902961056 0.2102966154965115 0.027648358990676344 2.1029314407552535 16.0 -1.0 -1.0 -1.0 -1.0 
1.55 51.92 23.0 -1.0 0.005947983401416908 40.427251508481184 0.0296651961793641 0.017971433343939622 0.04659074238567987 32.0 -1.0 -1.0 -1.0 -1.0 
1.55 51.92 23.0 -1.0 334.4796868162984 51.54545293803549 0.026874657260811403 0.026265941041142528 1.696643348352281 1.0 -1.0 -1.0 -1.0 -1.0 
1.55 51.92 23.0 -1.0 0.15184747094026294 14.937430928256168 0.0841962074027033 0.02073626924300726 1.7024447031658494 4.0 -1.0 -1.0 -1.0 -1.0 
1.55 51.92 23.0 -1.0 1.1682667510160731 0.0 0.11434200953744168 0.009676925646736721 1.202495912833407 2.0 -1.0 -1.0 -1.0 -1.0 
1.55 51.92 23.0 -1.0 0.04880287173057918 282.87759820385116 0.024617226633312138 0.04423737438508215 1.4230743897283429 1.0 -1.0 -1.0 -1.0 -1.0 
1.55 51.92 23.0 -1.0 149.031297 120.03696861475554 2.8559169535731113 0.02073626924300726 64.53978331092625 1.0 64.53978299749265 1.0 149.0310144921144 120.02074866506348 
1.55 51.92 23.0 -1.0 0.022241489356906383 24.471359380571183 9.053065854667377 0.016589015394405805 53.899416428085196 32.0 -1.0 -1.0 -1.0 -1.0 
1.55 51.92 23.0 -1.0 1.244555 94.29253273461705 1.8430051663977793 0.01520659744487199 207.1834733659178 32.0 207.84959745811835 32.0 1.244552549906075 94.3164736558509 
1.55 51.92 23.0 -1.0 7.939440821938994 188.5850654692341 2.6469288908076267 0.017971433343939622 172.64971730479047 32.0 172.8713975986673 32.0 7.939433999126778 188.53174937859467 
1.58 52.69 23.0 -1.0 0.030964305563900823 31.981655297571102 0.38015262684727213 0.12165277955897592 2.2565295333537203 1.0 -1.0 -1.0 -1.0 -1.0 
1.58 52.69 23.0 -1.0 3.18587333048 35.09751509678299 0.1071526707796567 0.015206597444871992 3.1381304708548665 32.0 -1.0 -1.0 -1.0 -1.0 
1.58 52.69 23.0 -1.0 26.957044087089127 30.247355975368258 0.5194832598633266 0.019353851293473442 14.019704939322157 2.0 15.96753636310455 4.0 26.95693789670865 30.25818199903371 
1.58 52.69 23.0 -1.0 157.728707 38.066400377164136 0.07440243664430445 0.08985716671969811 1.4692175426091743 1.0 -1.0 -1.0 -1.0 -1.0 
1.58 52.69 23.0 -1.0 16.486248765294633 73.22270528147943 0.013329457713905148 0.011059343596270537 0.34829207641375093 16.0 -1.0 -1.0 -1.0 -1.0 
1.58 52.69 23.0 -1.0 0.090857365 82.9818133318412 0.27954044003046397 0.12441761545804354 2.0815568972480625 2.0 -1.0 -1.0 -1.0 -1.0 
1.58 52.69 23.0 -1.0 34.52014365532 0.0 0.24413990085839093 0.019353851293473442 2.2596301706488378 8.0 -1.0 -1.0 -1.0 -1.0 
1.58 52.69 23.0 -1.0 1.8841047393720531 97.97321425257765 3.62707015320427 0.06635606157762322 70.58447398277342 8.0 70.5844732748692 8.0 1.8841092241927984 97.9595992477078 
1.58 52.69 23.0 -1.0 1.936777949397852 195.9464285051553 5.919393724285377 0.21150994627867403 18.590687080251445 2.0 18.80713142796289 2.0 1.9368599168956282 196.12159436162986 
1.58 52.69 23.0 -1.0 0.377295945018 293.91964275773296 1.6604355466804535 0.03041319488974398 54.537148835216904 16.0 56.98995236522297 32.0 0.37728871878546977 293.8787977431234 
1.88 59.33 23.0 -1.0 0.0407952166340787 47.95761687139914 0.028519736887022848 0.06497364362808941 1.4013942894134346 2.0 -1.0 -1.0 -1.0 -1.0 
1.88 59.33 23.0 -1.0 348.60365221773014 4.280445873270461 0.12176109662385642 0.031795612839277794 1.7565653100652725 1.0 -1.0 -1.0 -1.0 -1.0 
1.88 59.33 23.0 -1.0 22.225356684794665 42.13953510190531 0.014602137769543489 0.06082638977948796 2.7733607980518897 1.0 -1.0 -1.0 -1.0 -1.0 
1.88 59.33 23.0 -1.0 0.22767847553 28.46704294359481 0.01590816775319674 0.056679135930886505 0.24498253741520007 16.0 -1.0 -1.0 -1.0 -1.0 
1.88 59.33 23.0 -1.0 0.020759978086765964 0.0 0.327228773946668 0.012441761545804354 1.2418238535036425 8.0 -1.0 -1.0 -1.0 -1.0 
1.88 59.33 23.0 -1.0 0.8217090786 138.5119038408781 0.0477164215599067 0.026265941041142528 0.5633625512547462 1.0 -1.0 -1.0 -1.0 -1.0 
1.88 59.33 23.0 -1.0 1.02486651379 277.0238076817562 0.7873894997730058 0.013824179495338172 53.04479402087893 32.0 53.24035728442317 32.0 1.0248792629378538 276.97874291423165 
1.88 59.33 23.0 -1.0 244.391377738396 415.5357115226343 0.013011022597285765 0.056679135930886505 0.4290846077662838 2.0 -1.0 -1.0 -1.0 -1.0 
1.88 59.33 23.0 -1.0 0.009036232464162672 50.61731139459632 1.699898702108946 0.06082638977948796 1.4232333831876574 4.0 -1.0 -1.0 -1.0 -1.0 
1.88 59.33 23.0 -1.0 0.933603858245 111.95651633583127 1.272654363956735 0.011059343596270537 139.90528932197122 32.0 140.12914434200252 32.0 0.933596311369911 111.9249140164926 
10.03 50.37 23.0 -1.0 458.12007798349 66.31098249913727 0.041991589694587474 0.016589015394405805 0.46249918511179394 1.0 -1.0 -1.0 -1.0 -1.0 
10.03 50.37 23.0 -1.0 0.04451736104321768 81.98926232170557 0.7659288333811682 0.06912089747669085 2.2022212300601476 1.0 -1.0 -1.0 -1.0 -1.0 
10.03 50.37 23.0 -1.0 0.272486 22.0336294323866 0.044102625699083554 0.029030776940210157 0.37855368695607156 1.0 -1.0 -1.0 -1.0 -1.0 
10.03 50.37 23.0 -1.0 2.763031441157 41.703699092526726 0.08775953823312231 0.01520659744487199 2.783777210296343 4.0 -1.0 -1.0 -1.0 -1.0 
10.03 50.37 23.0 -1.0 0.005975380234923401 33.930213619360536 0.14632432576827126 0.027648358990676344 0.29389707067743176 1.0 -1.0 -1.0 -1.0 -1.0 
10.03 50.37 23.0 -1.0 198.412698 0.0 0.04053785697483141 0.011059343596270537 2.5122729465689364 1.0 -1.0 -1.0 -1.0 -1.0 
10.03 50.37 23.0 -1.0 480.769231 87.5304968988612 0.6043355297779756 0.026265941041142528 6.499625402647781 1.0 -1.0 -1.0 -1.0 -1.0 
10.03 50.37 23.0 -1.0 1.58168952978 262.5914906965836 0.04725714132052328 0.05944397182995413 1.8818380697136377 4.0 -1.0 -1.0 -1.0 -1.0 
10.03 50.37 23.0 -1.0 1.795203 121.01426033901961 6.1998222435278425 0.12165277955897592 58.24992440164673 8.0 60.69322529302747 16.0 1.795160642359406 121.03272799613484 
10.03 50.37 23.0 -1.0 1.909053 175.0609937977224 1.4866790508455339 0.027648358990676344 66.45770112015342 32.0 67.86741199190293 32.0 1.9090596955114356 175.07242427534555 
10.14 59.73 23.0 -1.0 4.27150796279 33.750445015203674 0.024095624898322412 0.017971433343939622 0.8235241259273608 1.0 -1.0 -1.0 -1.0 -1.0 
10.14 59.73 23.0 -1.0 1.3286921517624175 83.67980481318097 0.01775517399043698 0.04285495643554833 1.0425737634569625 8.0 -1.0 -1.0 -1.0 -1.0 
10.14 59.73 23.0 -1.0 0.003756556420350605 0.0 0.01915703235890767 0.012441761545804354 7.522407406445367 1.0 -1.0 -1.0 -1.0 -1.0 
10.14 59.73 23.0 -1.0 0.0010962660541176533 409.55182003279316 0.1945041593553465 0.01520659744487199 14.364555161901746 1.0 -1.0 -1.0 -1.0 -1.0 
10.14 59.73 23.0 -1.0 3.711355675 109.85278341113624 2.3946272691937414 0.016589015394405805 183.21839070353863 32.0 184.95638487575198 32.0 3.7113447130347295 109.90095535434986 
10.14 59.73 23.0 -1.0 53.6952195462 29.04012805313035 5.655555225142415 0.02903077694021016 191.60497912022205 8.0 191.6049855261392 8.0 53.695233267111085 29.04380680174808 
10.14 59.73 23.0 -1.0 0.534879930134053 92.19933462284402 8.70350071629085 0.02350110514207489 462.80044951258685 32.0 462.9812012734119 32.0 0.5348738341126591 92.29251499370817 
10.14 59.73 23.0 -1.0 55.490992750915 85.48201304214814 1.33202523099758 0.026265941041142528 26.571353395191753 4.0 26.64342784749749 4.0 55.49106087225179 85.51225347553004 
10.14 59.73 23.0 -1.0 3.461286 136.5172733442644 1.2268991932440692 0.026265941041142528 56.42868926368598 16.0 56.534656818051324 16.0 3.4612943030272922 136.51601176152667 
10.14 59.73 23.0 -1.0 168.6536708527105 273.0345466885288 1.3740856411831397 0.016589015394405805 31.34263405152502 1.0 31.342634243679807 1.0 168.65378711372614 273.03202352305334 
10.18 57.76 23.0 -1.0 298.121588082968 43.77473107447295 0.014273006104727986 0.02073626924300726 0.43175029082010125 1.0 -1.0 -1.0 -1.0 -1.0 
10.18 57.76 23.0 -1.0 0.005759690667848647 40.353086844352724 0.023863699619569044 0.04009012053648069 -0.41656101133384055 16.0 -1.0 -1.0 -1.0 -1.0 
10.18 57.76 23.0 -1.0 0.0010326914663350486 153.63926428942037 0.013807466919654225 0.08570991287109667 1.0810177966494476 4.0 -1.0 -1.0 -1.0 -1.0 
10.18 57.76 23.0 -1.0 2.673417841032 0.0 0.02935937287463482 0.05253188208228506 2.1574213507950746 1.0 -1.0 -1.0 -1.0 -1.0 
10.18 57.76 23.0 -1.0 1.5677366427738217 247.92043954327676 0.35453161212421364 0.009676925646736721 23.22311228720543 32.0 26.557310168437503 32.0 1.5677263339360556 247.9349361124836 
10.18 57.76 23.0 -1.0 286.94469953049 371.88065931491514 0.24363443662967038 0.01520659744487199 2.0858605924930584 1.0 -1.0 -1.0 -1.0 -1.0 
10.18 57.76 23.0 -1.0 0.273433 185.58700769891254 5.663374845755554 0.059443971829954124 59.34935891419357 8.0 60.788848344137456 16.0 0.27345474033306044 185.69820725159485 
10.18 57.76 23.0 -1.0 3.1378967940100027 48.01459457701324 2.9016582742063783 0.017971433343939622 269.55045899374323 32.0 271.2921695756007 32.0 3.137908303566898 48.06901822588967 
10.18 57.76 23.0 -1.0 6.107714243738 65.82945964470444 5.667288709535706 0.02350110514207489 370.27661971143147 32.0 371.31475363001067 32.0 6.1077116697561005 65.7786565196385 
10.18 57.76 23.0 -1.0 2.573743095743 123.96021977163838 2.9318835357064126 0.07465056927482613 28.2023618525811 8.0 28.216983756144174 8.0 2.573748740057151 124.06866598934893 
10.27 51.53 23.0 -1.0 5.522323557732115 56.507964759944535 0.030963431489818893 0.04561979233461596 1.4782318926958309 2.0 -1.0 -1.0 -1.0 -1.0 
10.27 51.53 23.0 -1.0 489.80251232402696 7.446144697503673 0.024095624898322412 0.016589015394405805 0.33230866800957853 1.0 -1.0 -1.0 -1.0 -1.0 
10.27 51.53 23.0 -1.0 1.61233860788 184.3334487337576 0.7830497927223459 0.04423737438508215 19.013386064782157 16.0 19.058192574880152 16.0 1.6123522073030474 184.38263412120207 
10.27 51.53 23.0 -1.0 3.3625291588 49.58580802263557 0.05702635424403563 0.012441761545804354 0.8099396263051567 4.0 -1.0 -1.0 -1.0 -1.0 
10.27 51.53 23.0 -1.0 154.55235614459556 60.83776000997445 0.3690257789846955 0.03041319488974398 3.735832126562789 1.0 -1.0 -1.0 -1.0 -1.0 
10.27 51.53 23.0 -1.0 0.01223798971953055 91.91851954362868 0.2585480425615838 0.022118687192541075 1.395563491621391 4.0 -1.0 -1.0 -1.0 -1.0 
10.27 51.53 23.0 -1.0 0.004194585735668682 275.755558630886 0.9647136862602292 0.009676925646736721 3.4504606851163557 1.0 -1.0 -1.0 -1.0 -1.0 
10.27 51.53 23.0 -1.0 0.025646825296684543 103.88750768702346 5.943980934483682 0.07326815132529231 2.2072228537485836 2.0 -1.0 -1.0 -1.0 -1.0 
10.27 51.53 23.0 -1.0 0.023502466665508176 0.0 6.843582835180161 0.08709233082063048 2.052524213934806 8.0 -1.0 -1.0 -1.0 -1.0 
10.27 51.53 23.0 -1.0 0.308148816582668 183.83703908725735 1.9666603994141163 0.03317803078881161 53.18046603779997 16.0 53.364013767478866 16.0 0.3081368049606681 184.07904032188065 
10.54 52.69 23.0 -1.0 0.0012875642435693842 70.76460208280938 0.6886266062301213 0.024883523091608708 10.175187452845293 4.0 -1.0 -1.0 -1.0 -1.0 
10.54 52.69 23.0 -1.0 0.02153740016448467 77.42240564770805 0.4042599017082545 0.006912089747669086 1.534848606948704 2.0 -1.0 -1.0 -1.0 -1.0 
10.54 52.69 23.0 -1.0 0.1372460961007561 90.7089393994927 0.18712301773143755 0.04009012053648069 -0.04078266317140799 2.0 -1.0 -1.0 -1.0 -1.0 
10.54 52.69 23.0 -1.0 0.5227298622019471 175.02173563620067 0.03205166427360524 0.01935385129347344 0.45936524131430034 1.0 -1.0 -1.0 -1.0 -1.0 
10.54 52.69 23.0 -1.0 8.0048537226 176.12652400068168 0.28070155886764464 0.03317803078881161 2.796202704347446 4.0 -1.0 -1.0 -1.0 -1.0 
10.54 52.69 23.0 -1.0 0.515572703475352 0.0 0.24583236763656163 0.008294507697202903 9.650610494081016 32.0 -1.0 -1.0 -1.0 -1.0 
10.54 52.69 23.0 -1.0 0.94856118648 96.90156891618885 0.7429970658615059 0.022118687192541075 35.44132233891948 32.0 36.233753368602926 32.0 0.9485726574591051 96.94761991663644 
10.54 52.69 23.0 -1.0 0.0035878306264439147 193.8031378323777 0.02698628572782282 0.06082638977948797 4.0072653343367275 1.0 -1.0 -1.0 -1.0 -1.0 
10.54 52.69 23.0 -1.0 192.69655460348307 94.22681813902432 4.150131006021855 0.02350110514207489 95.13228251446334 1.0 95.13228237250024 1.0 192.69646145403388 94.21527572274375 
10.54 52.69 23.0 -1.0 175.7753547870073 290.70470674856654 2.4822155042463 0.0483846282336836 33.416030319079226 1.0 33.517480128545245 1.0 175.77549442648888 290.640463883695 
10.66 59.34 23.0 -1.0 37.678975 135.64339412418386 0.04844718267983436 0.019353851293473442 1.8652815680312425 4.0 -1.0 -1.0 -1.0 -1.0 
10.66 59.34 23.0 -1.0 4.25081644951 94.89818991108926 0.14642544806626093 0.04147253848601452 1.5719237321467696 8.0 -1.0 -1.0 -1.0 -1.0 
10.66 59.34 23.0 -1.0 0.0017120183030027347 104.97409755393335 0.10167184862117506 0.03456044873834543 17.986406699737763 2.0 -1.0 -1.0 -1.0 -1.0 
10.66 59.34 23.0 -1.0 42.87932095398089 41.62835149653112 0.24890842912355782 0.016589015394405805 4.254302188024462 2.0 -1.0 -1.0 -1.0 -1.0 
10.66 59.34 23.0 -1.0 14.696938970433028 0.0 0.02976784356556116 0.06635606157762322 1.8186434488944274 4.0 -1.0 -1.0 -1.0 -1.0 
10.66 59.34 23.0 -1.0 5.519419001073 133.79681344063474 0.10358611142335086 0.029030776940210154 2.738480372506403 2.0 -1.0 -1.0 -1.0 -1.0 
10.66 59.34 23.0 -1.0 17.465354 267.5936268812695 0.32251569571567806 0.008294507697202903 9.3376122531396 4.0 9.33761249019398 4.0 17.46545118900637 267.56733513526797 
10.66 59.34 23.0 -1.0 7.59822533 401.3904403219042 0.05384843889559964 0.05114946413275124 1.8853628175238328 4.0 -1.0 -1.0 -1.0 -1.0 
10.66 59.34 23.0 -1.0 17.74412637315076 215.08650657513377 1.5864268148803597 0.012441761545804354 63.281270552228754 8.0 63.28127322464363 8.0 17.744120365629595 215.0456078526643 
10.66 59.34 23.0 -1.0 0.65587872702 51.021827147628784 2.3979381866915896 0.016589015394405805 181.17881495690838 32.0 181.2498110225768 32.0 0.6558669459385177 51.104956219103755 
10.75 53.47 23.0 -1.0 230.414747 135.6058571323233 0.061020891439304926 0.013824179495338172 0.9547475132559077 2.0 -1.0 -1.0 -1.0 -1.0 
10.75 53.47 23.0 -1.0 10.364448991012003 60.91563397742285 0.05127090543829167 0.03041319488974398 1.9842358677535454 8.0 -1.0 -1.0 -1.0 -1.0 
10.75 53.47 23.0 -1.0 0.0016502206479446465 29.719354330400265 0.56947615953302 0.0884747487701643 6.529497374528653 2.0 -1.0 -1.0 -1.0 -1.0 
10.75 53.47 23.0 -1.0 17.26282301 29.659071664415677 0.018430051663977775 0.009676925646736721 -0.7470891519160491 4.0 -1.0 -1.0 -1.0 -1.0 
10.75 53.47 23.0 -1.0 0.5643 0.0 0.01123841513705882 0.031795612839277794 1.7878227834773368 2.0 -1.0 -1.0 -1.0 -1.0 
10.75 53.47 23.0 -1.0 209.24736 100.46106286331042 0.6294770458375529 0.07741540517389377 3.842294961466941 1.0 -1.0 -1.0 -1.0 -1.0 
10.75 53.47 23.0 -1.0 0.110585319999711 200.92212572662083 0.07272540837450232 0.015206597444871989 0.8284385810446707 32.0 -1.0 -1.0 -1.0 -1.0 
10.75 53.47 23.0 -1.0 0.0026009143477348545 8.379290571857275 6.561176159257732 0.012441761545804356 35.95613130992381 16.0 -1.0 -1.0 -1.0 -1.0 
10.75 53.47 23.0 -1.0 0.08127911975472492 43.282954176931824 9.896908382846972 0.024883523091608708 178.97960361428255 32.0 181.95432414181573 32.0 0.08127850984844069 46.34865336306836 
10.75 53.47 23.0 -1.0 2.883 301.38318858993125 1.080446732251892 0.016589015394405805 73.1260469271721 32.0 73.56287461046833 32.0 2.883007255150005 301.36744479305145 
10.81 55.81 23.0 -1.0 3.535085 30.56645059017013 0.01452165790506541 0.02350110514207489 0.8820920402719012 1.0 -1.0 -1.0 -1.0 -1.0 
10.81 55.81 23.0 -1.0 0.852686908781 71.08555341444644 0.027323960847671802 0.022118687192541075 0.9517930192286408 1.0 -1.0 -1.0 -1.0 -1.0 
10.81 55.81 23.0 -1.0 0.22265177397 197.43363008131965 0.05227232618477182 0.016589015394405805 -0.7836990843780796 4.0 -1.0 -1.0 -1.0 -1.0 
10.81 55.81 23.0 -1.0 186.219739 112.448101343308 0.06127435210676331 0.023501105142074888 0.6414000178135977 2.0 -1.0 -1.0 -1.0 -1.0 
10.81 55.81 23.0 -1.0 0.6311099714431041 224.896202686616 0.2495972085532893 0.015206597444871992 8.234642870673166 32.0 8.528798279495854 32.0 0.6310983735602349 224.65941149784223 
10.81 55.81 23.0 -1.0 6.940918295 337.344304029924 0.08224159209821469 0.0967692564673672 1.8247025317834722 8.0 -1.0 -1.0 -1.0 -1.0 
10.81 55.81 23.0 -1.0 22.84670265144544 100.30249183728013 8.235530295828552 0.026265941041142524 255.7469818961649 16.0 255.88957588682248 16.0 22.846688807476312 100.28715170917192 
10.81 55.81 23.0 -1.0 117.30802716915545 45.47856003923768 1.3922408471454342 0.031795612839277794 29.238478800863323 2.0 29.238478646972005 2.0 117.30783929427466 45.43787196510413 
10.81 55.81 23.0 -1.0 0.932741 79.35131543938206 5.310953723506972 0.04009012053648069 172.56869724413727 32.0 172.94032327717227 32.0 0.9327474496482562 79.33917955599475 
10.81 55.81 23.0 -1.0 309.597523 0.0 2.295810794920965 0.03732528463741307 28.74996109240973 1.0 -1.0 -1.0 -1.0 -1.0 
100.63 52.06 23.0 -1.0 0.11420051626563212 60.44912300492175 0.0776585037827616 0.011059343596270537 0.5567425561107445 32.0 -1.0 -1.0 -1.0 -1.0 
100.63 52.06 23.0 -1.0 309.597523 67.79718713101177 0.6561176159257729 0.009676925646736721 19.399213035380974 1.0 19.39921373093316 1.0 309.5978172495961 67.80261518178122 
100.63 52.06 23.0 -1.0 158.8731184382565 79.52079753283176 0.3028643284103885 0.03456044873834543 4.211882094856067 1.0 -1.0 -1.0 -1.0 -1.0 
100.63 52.06 23.0 -1.0 0.52289775784 79.25921596200008 0.07717715212936165 0.01520659744487199 0.06790672756927985 2.0 -1.0 -1.0 -1.0 -1.0 
100.63 52.06 23.0 -1.0 2.0089502995 158.51843192400017 0.11324144449515311 0.04285495643554833 0.8164925351766711 4.0 -1.0 -1.0 -1.0 -1.0 
100.63 52.06 23.0 -1.0 2.414783230685903 68.91485384274715 1.9830320481378023 0.03732528463741307 100.6642045541295 16.0 101.35431536315967 16.0 2.414769066187243 68.91579244595971 
100.63 52.06 23.0 -1.0 0.617917537 91.14928736344024 1.938334576460236 0.024883523091608708 64.68483625648483 32.0 64.80671234427459 32.0 0.6179107003845274 91.07813979642255 
100.63 52.06 23.0 -1.0 9.410971404024096 151.02768694109287 3.965151870171643 0.016589015394405805 291.3048821079898 16.0 291.68597905577434 16.0 9.410966110105317 150.98731619584714 
100.63 52.06 23.0 -1.0 0.225181 0.0 3.2587519580827187 0.029030776940210157 33.522038893504856 32.0 -1.0 -1.0 -1.0 -1.0 
100.63 52.06 23.0 -1.0 0.27344484969650096 237.77764788600024 1.0351457422974637 0.019353851293473442 62.62085892051615 32.0 62.761582469272554 32.0 0.27345474033306044 237.6127469355557 
101.16 53.61 23.0 -1.0 475.3568747441 101.21024620746309 0.018064489067137177 0.04147253848601452 -0.20573580385663862 1.0 -1.0 -1.0 -1.0 -1.0 
101.16 53.61 23.0 -1.0 0.1013391625248739 7.787149943732579 0.17093196386209183 0.019353851293473442 1.1939595500987434 8.0 -1.0 -1.0 -1.0 -1.0 
101.16 53.61 23.0 -1.0 0.03772946719586941 69.74380357768653 0.5241697417096922 0.0483846282336836 2.2664677123811368 1.0 -1.0 -1.0 -1.0 -1.0 
101.16 53.61 23.0 -1.0 0.03807783686506427 151.3386050289253 0.012912522792148707 0.006912089747669086 2.2319376155510944 1.0 -1.0 -1.0 -1.0 -1.0 
101.16 53.61 23.0 -1.0 1.491468881773 21.88575086226882 1.8265272784775233 0.02073626924300726 143.41411413108352 32.0 143.91875670127726 32.0 1.4914803614374252 21.858753551141408 
101.16 53.61 23.0 -1.0 2.151927137 37.68708136033843 7.8250901381044145 0.012441761545804354 1062.4702326947804 32.0 1062.5136091695165 32.0 2.1519250973748667 37.746829048961786 
101.16 53.61 23.0 -1.0 8.010414879211 89.6770911887571 1.1253953866532125 0.011059343596270537 107.50962805340288 16.0 107.6206787217994 16.0 8.010404902355125 89.66136873292263 
101.16 53.61 23.0 -1.0 8.42387236305 0.0 3.003639208146939 0.008294507697202903 468.2529987099481 32.0 -1.0 -1.0 -1.0 -1.0 
101.16 53.61 23.0 -1.0 0.491408 75.66930251446264 1.2192944889752988 0.026265941041142528 33.237306026359434 32.0 33.390293039974665 32.0 0.4913999873679132 75.99964776345924 
101.16 53.61 23.0 -1.0 0.00485908640531042 227.00790754338792 2.0245599113661648 0.01520659744487199 2.3303938896937892 1.0 -1.0 -1.0 -1.0 -1.0 
101.31 51.67 23.0 -1.0 90.09009 104.52867197593427 0.015421222805264652 0.016589015394405805 2.145593504176426 2.0 -1.0 -1.0 -1.0 -1.0 
101.31 51.67 23.0 -1.0 2.099076 9.889117056599625 0.1306506609606199 0.011059343596270537 6.016378578987483 32.0 -1.0 -1.0 -1.0 -1.0 
101.31 51.67 23.0 -1.0 6.980838053139614 6.882449637966009 0.08904201091492599 0.019353851293473442 1.5465184326705823 32.0 -1.0 -1.0 -1.0 -1.0 
101.31 51.67 23.0 -1.0 0.309406057802 60.97897358416301 0.014928542255379335 0.035942866687879244 0.7380332427147646 32.0 -1.0 -1.0 -1.0 -1.0 
101.31 51.67 23.0 -1.0 0.14646235983 44.912094565839624 0.11442102939077414 0.006912089747669086 0.011409210259495125 16.0 -1.0 -1.0 -1.0 -1.0 
101.31 51.67 23.0 -1.0 0.003183766263536058 0.0 0.07486648247791715 0.009676925646736721 4.952234210555045 1.0 -1.0 -1.0 -1.0 -1.0 
101.31 51.67 23.0 -1.0 11.896526273299358 78.29080083051437 0.979487955384665 0.012441761545804354 111.23731456616358 32.0 111.28183058932495 32.0 11.896524180580553 78.32720022492339 
101.31 51.67 23.0 -1.0 0.005759690667848647 156.58160166102874 0.014856523413221547 0.012441761545804352 0.7547902685026112 1.0 -1.0 -1.0 -1.0 -1.0 
101.31 51.67 23.0 -1.0 15.713388 234.8724024915431 0.29379662646940496 0.045619792334615966 4.314536238650123 1.0 -1.0 -1.0 -1.0 -1.0 
101.31 51.67 23.0 -1.0 69.79149814704412 62.952099077641314 9.249038977451981 0.03041319488974398 231.26011228107737 4.0 -1.0 -1.0 -1.0 -1.0 
101.33 53.22 23.0 -1.0 12.513360302752432 64.56621416056836 0.8122523361259273 0.017971433343939622 41.784457127225 16.0 39.99303905234681 32.0 6.256686901906506 64.56428132235287 
101.33 53.22 23.0 -1.0 0.0010279566251944962 161.17656985729474 0.014038306864969667 0.012441761545804354 14.901248853698094 1.0 -1.0 -1.0 -1.0 -1.0 
101.33 53.22 23.0 -1.0 1.07162470101 119.16415133758757 0.3865082032975788 0.04700221028414978 3.29956147500466 4.0 -1.0 -1.0 -1.0 -1.0 
101.33 53.22 23.0 -1.0 1.125121 43.05931518921231 0.2749437959685573 0.026265941041142528 6.359398838576947 16.0 6.424534400114593 16.0 1.1251055790732305 43.21151743674714 
101.33 53.22 23.0 -1.0 198.864879 26.695865072381633 0.02412894057426237 0.11474068981130682 0.8997673429672274 1.0 -1.0 -1.0 -1.0 -1.0 
101.33 53.22 23.0 -1.0 0.429668 0.0 0.9876417946237204 0.045619792334615966 1.9528075435703076 8.0 -1.0 -1.0 -1.0 -1.0 
101.33 53.22 23.0 -1.0 7.759092411211903 75.85449129262402 0.11497569953977362 0.045619792334615966 0.12493046052131447 16.0 -1.0 -1.0 -1.0 -1.0 
101.33 53.22 23.0 -1.0 4.308724632195515 151.70898258524804 0.11738347460803672 0.029030776940210157 1.8557457895014564 2.0 -1.0 -1.0 -1.0 -1.0 
101.33 53.22 23.0 -1.0 90.287332005426 227.56347387787207 0.024600225828054788 0.03041319488974398 1.5672820125778522 2.0 -1.0 -1.0 -1.0 -1.0 
101.33 53.22 23.0 -1.0 0.45961580864590296 43.628280770465125 2.931883535706413 0.013824179495338172 309.59722384226063 32.0 309.9734787806753 32.0 0.45962830578597885 43.51511123606854 
101.76 59.48 23.0 -1.0 0.48604 54.94378004465891 0.011836064433841867 0.027648358990676344 2.0930993527539874 32.0 -1.0 -1.0 -1.0 -1.0 
101.76 59.48 23.0 -1.0 22.533888157613166 5.607331443617906 0.24549293825007343 0.026265941041142528 5.327882613539681 8.0 -1.0 -1.0 -1.0 -1.0 
101.76 59.48 23.0 -1.0 1.10256396094 80.90290079263102 0.5628271480212301 0.038707702586946884 11.50739571720591 8.0 11.61741308344614 8.0 1.1025501104692619 80.55355475328038 
101.76 59.48 23.0 -1.0 0.453167 72.79445748207561 0.1356167184131214 0.02350110514207489 2.678058044369446 2.0 -1.0 -1.0 -1.0 -1.0 
101.76 59.48 23.0 -1.0 1.50641057305 28.03665721808953 0.02068385874245953 0.03317803078881161 0.7894611461446766 16.0 -1.0 -1.0 -1.0 -1.0 
101.76 59.48 23.0 -1.0 10.364448991012003 0.0 0.09788115150922853 0.006912089747669086 3.363158453854874 8.0 -1.0 -1.0 -1.0 -1.0 
101.76 59.48 23.0 -1.0 195.22871 67.22746655244057 0.7084105633896746 0.016589015394405805 18.51372200868224 1.0 18.644005525746326 1.0 195.2284947037697 67.19542758313841 
101.76 59.48 23.0 -1.0 0.266919 134.45493310488115 0.030077921724681152 0.01520659744487199 3.3125199218274384 4.0 -1.0 -1.0 -1.0 -1.0 
101.76 59.48 23.0 -1.0 0.043706518994736585 35.09624716509049 1.165753319171847 0.04700221028414978 1.461147578532422 1.0 -1.0 -1.0 -1.0 -1.0 
101.76 59.48 23.0 -1.0 1.61233860788 201.68239965732172 2.264307961349155 0.006912089747669086 847.5961741324543 32.0 847.7870539829572 32.0 1.6123522073030474 201.5862827494152 
101.79 58.69 23.0 -1.0 2.015344 92.27789711909152 0.019012004253680163 0.10921101801317155 1.5836718275936796 1.0 -1.0 -1.0 -1.0 -1.0 
101.79 58.69 23.0 -1.0 2.133003640290252 79.50346907916422 0.4382926385504238 0.04700221028414978 7.566598181277638 16.0 7.698397485081193 16.0 2.13300760757799 79.84516922153043 
101.79 58.69 23.0 -1.0 0.035705168951913197 42.18010025324241 0.7988960042935234 0.009676925646736721 12.274810958319236 32.0 6.110069182573864 2.0 0.5175631182889144 49.283393423175305 
101.79 58.69 23.0 -1.0 337.974855 95.60414595376908 0.029076782953572116 0.006912089747669086 0.114420389075706 1.0 -1.0 -1.0 -1.0 -1.0 
101.79 58.69 23.0 -1.0 1.795203 19.794241531516757 0.12586645222787884 0.06082638977948796 3.2373744495748094 8.0 -1.0 -1.0 -1.0 -1.0 
101.79 58.69 23.0 -1.0 0.010229960329589642 0.0 0.01568987783040777 0.03456044873834543 0.2145763313578534 16.0 -1.0 -1.0 -1.0 -1.0 
101.79 58.69 23.0 -1.0 94.87666 68.01464641705707 0.980842238722258 0.02073626924300726 26.59522664117414 1.0 26.631660111537443 2.0 94.8765470335881 68.00501104799548 
101.79 58.69 23.0 -1.0 14.8661645038 35.30313180363298 9.931153623322999 0.06082638977948796 288.4386212929858 16.0 288.4386097845515 16.0 14.866175964319458 35.31807865439052 
101.79 58.69 23.0 -1.0 8.4232332367 136.02929283411413 1.094722212882365 0.20321543858147115 4.2141830322785205 1.0 -1.0 -1.0 -1.0 -1.0 
101.79 58.69 23.0 -1.0 101.010101 204.0439392511712 3.1156549511556473 0.01520659744487199 71.20538993751519 2.0 71.20538955840996 2.0 101.01017930234472 204.01503314398647 
101.95 55.95 23.0 -1.0 4.60376541217 53.36912845775979 0.14263149080586407 0.019353851293473442 2.5704077691622187 8.0 -1.0 -1.0 -1.0 -1.0 
101.95 55.95 23.0 -1.0 0.00843432671853378 199.68186076337727 0.23617684881065482 0.05391430003181887 -0.908024254557526 8.0 -1.0 -1.0 -1.0 -1.0 
101.95 55.95 23.0 -1.0 0.019827543326782195 33.656398919712096 0.0137788801110556 0.026265941041142528 1.088568065758719 4.0 -1.0 -1.0 -1.0 -1.0 
101.95 55.95 23.0 -1.0 28.095350456707457 59.35106906271811 0.8673488747257093 0.01520659744487199 30.57405265901425 8.0 30.574052915078887 8.0 28.095261465447646 59.301988800781785 
101.95 55.95 23.0 -1.0 0.0016963552480874539 0.0 0.051235497441618955 0.03456044873834543 5.955283633860082 2.0 -1.0 -1.0 -1.0 -1.0 
101.95 55.95 23.0 -1.0 1.136494208396223 47.79166070509403 7.282596173836945 0.10782860006363774 121.75997568999748 8.0 120.69688445638451 16.0 1.136443946355333 47.360632694139724 
101.95 55.95 23.0 -1.0 0.0016654577255911056 51.49578051029953 7.358455683452554 0.02073626924300726 23.72090735535704 4.0 -1.0 -1.0 -1.0 -1.0 
101.95 55.95 23.0 -1.0 3.477945 70.95305351005719 3.261004027141294 0.015206597444871992 365.1902475657557 32.0 365.50390818337206 32.0 3.477938056069737 70.93975110810246 
101.95 55.95 23.0 -1.0 0.62315481163 141.90610702011438 2.292640888300834 0.1451538847010508 17.410589278718206 2.0 18.535662532498137 8.0 0.6231857696548104 143.09387741349053 
101.95 55.95 23.0 -1.0 0.52075138808 212.85916053017158 6.666262149960813 0.05391430003181887 128.66418123991735 16.0 134.32160160670432 32.0 0.5207463497451197 212.81925332430734 
102.43 50.51 23.0 -1.0 1.1599278713806 116.01330966642286 0.36496920842690006 0.027648358990676344 9.460103502401367 16.0 9.506705091299029 16.0 1.1599089096610746 116.17522720699232 
102.43 50.51 23.0 -1.0 0.80517592894 30.983334353354973 0.36120668183612087 0.02903077694021016 5.392228516952028 16.0 -1.0 -1.0 -1.0 -1.0 
102.43 50.51 23.0 -1.0 16.0120678426887 29.636232859730843 0.021044194797562445 0.012441761545804354 2.075158411667792 2.0 -1.0 -1.0 -1.0 -1.0 
102.43 50.51 23.0 -1.0 2.367137944363 89.65192698946791 0.6435478712697457 0.017971433343939622 52.200461831606994 32.0 52.31256724064034 32.0 2.3671418603044003 89.66136873292263 
102.43 50.51 23.0 -1.0 4.826954 119.4507410639465 0.20134015241583436 0.06773847952715704 2.1427166265113495 4.0 -1.0 -1.0 -1.0 -1.0 
102.43 50.51 23.0 -1.0 0.009161673065653934 0.0 0.04228269069967013 0.049767046183217416 0.5448861660328558 16.0 -1.0 -1.0 -1.0 -1.0 
102.43 50.51 23.0 -1.0 1.191335192834 77.41188410774522 0.09828771754600635 0.049767046183217416 1.8619407414182827 2.0 -1.0 -1.0 -1.0 -1.0 
102.43 50.51 23.0 -1.0 17.341059575008593 154.82376821549045 0.04622388953673045 0.020736269243007262 1.0541552930130216 2.0 -1.0 -1.0 -1.0 -1.0 
102.43 50.51 23.0 -1.0 1.34159887359 232.23565232323566 0.5102356238343202 0.03456044873834543 11.831375440720262 8.0 12.220134761997496 8.0 1.3415653180951874 232.14805854777032 
102.43 50.51 23.0 -1.0 4.655277 104.70230229754439 1.9450415935534655 0.027648358990676344 128.5380730746512 16.0 128.58925332230075 16.0 4.655278947514793 104.73986076588592 
102.52 55.95 23.0 -1.0 375.20162088751346 205.7829814708423 0.12832486944265878 0.07603298722435994 0.3935642990661558 1.0 -1.0 -1.0 -1.0 -1.0 
102.52 55.95 23.0 -1.0 0.1698 49.94589998797915 0.058705239973426394 0.022118687192541075 0.9835264791333256 1.0 -1.0 -1.0 -1.0 -1.0 
102.52 55.95 23.0 -1.0 1.639420393185 19.948992393350764 0.2665278366645542 0.011059343596270537 21.997858684934574 32.0 22.160494258708855 32.0 1.6394248329258214 19.93599282210582 
102.52 55.95 23.0 -1.0 2.441546665699 148.68397274875943 0.029116985798791756 0.13132970520571263 1.3080553575978153 1.0 -1.0 -1.0 -1.0 -1.0 
102.52 55.95 23.0 -1.0 0.60036073356 11.306526708744546 0.0552807921196648 0.016589015394405805 4.695126549074892 4.0 -1.0 -1.0 -1.0 -1.0 
102.52 55.95 23.0 -1.0 1.933974 0.0 0.2092820945540998 0.04285495643554833 -0.00012570882504115238 2.0 -1.0 -1.0 -1.0 -1.0 
102.52 55.95 23.0 -1.0 0.219403131079 69.9158692397877 0.028876599838394384 0.04285495643554833 1.1120347728619977 1.0 -1.0 -1.0 -1.0 -1.0 
102.52 55.95 23.0 -1.0 0.07346346838552442 209.7476077193631 0.3427310846233363 0.027648358990676344 2.107954941951133 32.0 -1.0 -1.0 -1.0 -1.0 
102.52 55.95 23.0 -1.0 160.59270990836 156.1307575012721 3.8094132304713457 0.053914300031818865 53.5692179073925 1.0 53.5692175348598 1.0 160.5929962048928 156.1484107843111 
102.52 55.95 23.0 -1.0 5.99703102436 139.8317384795754 1.9517718182388386 0.026265941041142528 98.32833399029825 16.0 99.02533547790817 16.0 5.997026164550335 139.85554355406217 
102.52 56.34 23.0 -1.0 1.029442 53.58552541284096 0.12431096876126296 0.022118687192541075 1.9034672724908372 2.0 -1.0 -1.0 -1.0 -1.0 
102.52 56.34 23.0 -1.0 1.450907946316 96.16632215279976 0.4536967586757924 0.006912089747669086 54.14343994548445 32.0 55.48887166691874 32.0 1.4509168977383524 96.13803645177934 
102.52 56.34 23.0 -1.0 0.20365026489 55.56554288239362 0.42428997086975256 0.06635606157762322 1.5665750659275701 2.0 -1.0 -1.0 -1.0 -1.0 
102.52 56.34 23.0 -1.0 13.065064 83.49421034766273 0.022255366134225914 0.027648358990676344 1.682890483343466 4.0 -1.0 -1.0 -1.0 -1.0 
102.52 56.34 23.0 -1.0 0.787253 159.21424684118713 0.07440243664430445 0.005529671798135269 3.376071241061277 32.0 -1.0 -1.0 -1.0 -1.0 
102.52 56.34 23.0 -1.0 1.230618 0.0 0.42224309503161167 0.04700221028414978 1.8252179322888442 1.0 -1.0 -1.0 -1.0 -1.0 
102.52 56.34 23.0 -1.0 23.59359486204201 69.46734974756862 0.020442360985995726 0.05529671798135269 2.2517896977801284 8.0 -1.0 -1.0 -1.0 -1.0 
102.52 56.34 23.0 -1.0 0.4768275549886239 208.40204924270586 0.025872672079616483 0.015206597444871989 0.09891209102142152 16.0 -1.0 -1.0 -1.0 -1.0 
102.52 56.34 23.0 -1.0 189.186767288861 31.888702404374435 1.0752343999733067 0.015206597444871989 29.633384824922995 1.0 29.633384431314642 1.0 189.18653950095177 31.87734892874789 
102.52 56.34 23.0 -1.0 2.797329964725804 138.93469949513724 1.2354045056384353 0.016589015394405805 99.40385741046161 32.0 99.75257889783114 32.0 2.7973328542429954 138.94476215609794 
102.85 54.78 23.0 -1.0 1.707787667113 24.232501139024603 0.023929735251520638 0.024883523091608708 0.9559022146325544 16.0 -1.0 -1.0 -1.0 -1.0 
102.85 54.78 23.0 -1.0 155.97939334350093 111.0833130147056 0.545976207372865 0.02903077694021016 7.831544004902648 1.0 -1.0 -1.0 -1.0 -1.0 
102.85 54.78 23.0 -1.0 0.34069385843 49.37743445753962 0.7744420018433865 0.12165277955897594 1.1359959847451337 1.0 -1.0 -1.0 -1.0 -1.0 
102.85 54.78 23.0 -1.0 1.15109885937 184.29008090405313 0.012109000882084785 0.18247916933846386 1.9491911413565277 4.0 -1.0 -1.0 -1.0 -1.0 
102.85 54.78 23.0 -1.0 4.900395049268012 41.37773837223991 0.0596454827214229 0.031795612839277794 2.4979354351303966 4.0 -1.0 -1.0 -1.0 -1.0 
102.85 54.78 23.0 -1.0 0.25291785259 144.14306500647473 0.4990795984432435 0.02350110514207489 13.877511249714562 16.0 14.90364895631318 16.0 0.25290016007299226 144.4094505438833 
102.85 54.78 23.0 -1.0 1.79128805247 0.0 0.05734239758366275 0.026265941041142528 2.233082416521536 16.0 -1.0 -1.0 -1.0 -1.0 
102.85 54.78 23.0 -1.0 243.38088019784 70.72410358701313 0.11803402058496168 0.01520659744487199 0.3539147861973011 1.0 -1.0 -1.0 -1.0 -1.0 
102.85 54.78 23.0 -1.0 274.49748 212.1723107610394 0.303912298277019 0.07326815132529231 0.771693096920274 1.0 -1.0 -1.0 -1.0 -1.0 
102.85 54.78 23.0 -1.0 3.3166335305 141.44820717402627 2.7934738771578633 0.013824179495338172 265.0966486810304 32.0 265.3399393297677 32.0 3.3166240124652786 141.3735125506692 
102.86 51.67 23.0 -1.0 14.29723648860406 24.813721756399072 0.03751953313824317 0.022118687192541075 1.2940229787750022 4.0 -1.0 -1.0 -1.0 -1.0 
102.86 51.67 23.0 -1.0 1.07150635426 1.8794883927299568 0.35233411449850693 0.06359122567855559 1.0306481467609574 4.0 -1.0 -1.0 -1.0 -1.0 
102.86 51.67 23.0 -1.0 366.575069324831 6.1978367236452145 0.6364735759337738 0.03456044873834543 5.779876188136741 1.0 -1.0 -1.0 -1.0 -1.0 
102.86 51.67 23.0 -1.0 79.859813034659 74.5754144401065 0.022910575766692035 0.019353851293473442 1.779593498416348 4.0 -1.0 -1.0 -1.0 -1.0 
102.86 51.67 23.0 -1.0 1.76047 149.150828880213 0.15188614231876546 0.04009012053648069 0.3927082297922937 16.0 -1.0 -1.0 -1.0 -1.0 
102.86 51.67 23.0 -1.0 0.007588344846141157 67.52733296736916 5.968670271847967 0.013824179495338172 10.485999633609316 32.0 -1.0 -1.0 -1.0 -1.0 
102.86 51.67 23.0 -1.0 4.368538167500896 40.83412281824013 1.881600642729693 0.07741540517389377 38.77325771278191 8.0 38.7732577109705 8.0 4.368484951555729 40.883964975283 
102.86 51.67 23.0 -1.0 0.5730510034055938 129.9531974401856 7.167794382877881 0.012441761545804354 615.2732709876634 32.0 615.536959261614 32.0 0.5730422950970631 129.93814610956284 
102.86 51.67 23.0 -1.0 0.529400632219 0.0 2.8421393302273996 0.026265941041142528 77.63936412696785 32.0 -1.0 -1.0 -1.0 -1.0 
102.86 51.67 23.0 -1.0 2.243046129 223.7262433203195 3.607079510807293 0.052531882082285056 111.30303224946337 16.0 111.33035564859522 16.0 2.243056466492514 223.64743216677093 
103.32 53.62 23.0 -1.0 0.13108168541874307 37.23147857619562 0.5956312810798627 0.05391430003181887 1.6280593116497293 2.0 -1.0 -1.0 -1.0 -1.0 
103.32 53.62 23.0 -1.0 0.9073463765795516 8.463642661408418 0.12691423930010814 0.038707702586946884 1.1673852304568748 1.0 -1.0 -1.0 -1.0 -1.0 
103.32 53.62 23.0 -1.0 0.404783 85.46996717922289 0.0165814292498734 0.019353851293473442 0.4745745150513059 2.0 -1.0 -1.0 -1.0 -1.0 
103.32 53.62 23.0 -1.0 91.10848468729928 0.0 0.1332945771390515 0.04147253848601452 0.9712761978880534 1.0 -1.0 -1.0 -1.0 -1.0 
103.32 53.62 23.0 -1.0 2.936603821673 71.2356590668542 0.0728259617383694 0.009676925646736721 3.213512225500589 16.0 -1.0 -1.0 -1.0 -1.0 
103.32 53.62 23.0 -1.0 0.598275 213.7069772005626 0.2724855863352145 0.024883523091608708 5.095443045433304 16.0 -1.0 -1.0 -1.0 -1.0 
103.32 53.62 23.0 -1.0 0.0021641836796287123 106.5008368227226 5.628271480212304 0.017971433343939622 49.67609097757865 4.0 -1.0 -1.0 -1.0 -1.0 
103.32 53.62 23.0 -1.0 428.6895106469847 80.10538559333018 1.098510166047577 0.027648358990676344 12.386399439726318 1.0 -1.0 -1.0 -1.0 -1.0 
103.32 53.62 23.0 -1.0 195.72256536982 110.81814949344104 1.2797074877397265 0.02903077694021016 25.46516486633588 1.0 25.465164741043857 1.0 195.72228969385228 110.81173675231409 
103.32 53.62 23.0 -1.0 190.0581749602085 142.4713181337084 1.2252051704249856 0.01520659744487199 23.63985960561351 1.0 23.63985931417082 1.0 190.05771415929001 142.4866898148477 
103.37 51.67 23.0 -1.0 207.39903086703438 87.16027586959503 0.0419046508270648 0.019353851293473442 0.23258826973995322 1.0 -1.0 -1.0 -1.0 -1.0 
103.37 51.67 23.0 -1.0 3.9666544557642265 66.9022350187711 0.12000737073062885 0.03456044873834543 1.8718835132165075 4.0 -1.0 -1.0 -1.0 -1.0 
103.37 51.67 23.0 -1.0 0.0017518115885725878 44.55005501579452 0.14491592444291 0.08709233082063048 13.710731023185817 1.0 -1.0 -1.0 -1.0 -1.0 
103.37 51.67 23.0 -1.0 0.448916 39.32572892042426 0.08483847616427236 0.009676925646736721 2.614186682934005 32.0 -1.0 -1.0 -1.0 -1.0 
103.37 51.67 23.0 -1.0 1.26225015937 108.23392881125736 5.1270905438291665 0.04147253848601452 271.63680051796706 16.0 271.9246104100689 16.0 1.262257380100588 108.18059049152855 
103.37 51.67 23.0 -1.0 3.91118330957 59.62785691129351 5.32933066309083 0.026265941041142528 364.9498780348531 32.0 365.2762800019093 32.0 3.911191015504301 59.60558260010319 
103.37 51.67 23.0 -1.0 0.15115125752518713 0.0 5.31829688285358 0.05391430003181887 13.209992315507954 16.0 -1.0 -1.0 -1.0 -1.0 
103.37 51.67 23.0 -1.0 0.04857911289032549 73.47121888552357 4.045392789753713 0.017971433343939622 123.11676242274997 32.0 126.89675214054232 32.0 0.048567017074674375 78.73199195735194 
103.37 51.67 23.0 -1.0 9.763394557444075 146.94243777104714 9.436207443402564 0.017971433343939622 675.4960714121286 32.0 675.7355245545004 32.0 9.763395307042327 146.9393988715617 
103.37 51.67 23.0 -1.0 266.0 220.4136566565707 1.8493823250700008 0.017971433343939622 63.73847817204739 1.0 63.73847870265963 1.0 266.00027922540903 220.40909830734253 
103.44 50.51 23.0 -1.0 121.14299859018672 58.63704452654002 0.19585253308191686 0.031795612839277794 2.157404950503227 4.0 -1.0 -1.0 -1.0 -1.0 
103.44 50.51 23.0 -1.0 309.30868547671 121.27462332894211 0.04667312786258836 0.008294507697202903 0.8298128971976224 1.0 -1.0 -1.0 -1.0 -1.0 
103.44 50.51 23.0 -1.0 0.001137319153016054 52.20921979116614 0.18920285818616245 0.013824179495338172 10.932318020459688 4.0 -1.0 -1.0 -1.0 -1.0 
103.44 50.51 23.0 -1.0 6.85475255154 56.70420212359543 0.033018084541305774 0.016589015394405805 1.792630727557224 4.0 -1.0 -1.0 -1.0 -1.0 
103.44 50.51 23.0 -1.0 337.974855 49.28748127508711 0.34966677291472714 0.019353851293473442 6.1044864027949295 1.0 -1.0 -1.0 -1.0 -1.0 
103.44 50.51 23.0 -1.0 0.001317491734148208 0.0 0.014057716848492925 0.009676925646736721 8.092233891129965 1.0 -1.0 -1.0 -1.0 -1.0 
103.44 50.51 23.0 -1.0 2.075444041 74.90888056993403 0.6934004168588268 0.006912089747669086 95.9007956283313 32.0 96.37206865728592 32.0 2.0754365929557634 74.88647049928075 
103.44 50.51 23.0 -1.0 387.4675120456128 149.81776113986805 0.5467310982077168 0.03456044873834543 2.5112352674512195 1.0 -1.0 -1.0 -1.0 -1.0 
103.44 50.51 23.0 -1.0 0.0027107423154932434 224.7266417098021 0.2007845414129436 0.01105934359627054 16.65377961586378 1.0 -1.0 -1.0 -1.0 -1.0 
103.44 50.51 23.0 -1.0 0.771087 131.25348410693513 6.602098024153877 0.08294507697202903 68.23563524450282 8.0 68.36790312027694 8.0 0.7711302411432068 131.45611510616985 
