0.52 51.92 24.0 -1.0 1.157564675162 61.82395241304756 0.4260523315412531 0.08570991287109667 693.4055871619079 8.0 704.9224529690714 16.0 1.157544223436465 61.52834332913878 
0.52 51.92 24.0 -1.0 0.6019826734548 45.390093419319854 0.08258319656079105 0.017971433343939622 1.0950794931338177 4.0 -1.0 -1.0 -1.0 -1.0 
0.52 51.92 24.0 -1.0 2.3063232018406516 99.39107870864086 0.01897264203540806 0.011059343596270536 1.1292205363106764 4.0 -1.0 -1.0 -1.0 -1.0 
0.52 51.92 24.0 -1.0 1.4924787334 126.37750126854647 0.15084046126215594 0.031795612839277794 2.022939220036964 8.0 -1.0 -1.0 -1.0 -1.0 
0.52 51.92 24.0 -1.0 0.678887 0.0 0.549002038959374 0.04700221028414978 0.9757584245076939 2.0 -1.0 -1.0 -1.0 -1.0 
0.52 51.92 24.0 -1.0 370.397553 187.58236995237826 0.1284135526169644 0.05391430003181887 0.805648460819022 1.0 -1.0 -1.0 -1.0 -1.0 
0.52 51.92 24.0 -1.0 0.890994259795 281.3735549285674 0.529264015246408 0.016589015394405805 32.40302514089897 32.0 33.71444363661887 32.0 0.8910016428368788 281.33025403783853 
0.52 51.92 24.0 -1.0 39.89141833615 50.00508121892832 4.281176731264131 0.09538683851783337 67.84601145396591 4.0 67.84601034407218 4.0 39.89140774744253 49.99177895492526 
0.52 51.92 24.0 -1.0 161.357217177548 3.1798391546082723 2.10732914313809 0.023501105142074895 48.321931785732495 2.0 48.32193135148305 2.0 161.357456818223 3.137135926321221 
0.52 51.92 24.0 -1.0 1.157564675162 61.82395241304756 0.4260523315412531 0.08570991287109667 693.4055871619079 8.0 704.9224529690714 16.0 1.157544223436465 61.52834332913878 
0.52 51.92 24.0 -1.0 0.6019826734548 45.390093419319854 0.08258319656079104 0.017971433343939622 1.0950794931338177 4.0 -1.0 -1.0 -1.0 -1.0 
0.52 51.92 24.0 -1.0 2.3063232018406516 99.39107870864086 0.018972642035408056 0.011059343596270536 1.1292205363106764 4.0 -1.0 -1.0 -1.0 -1.0 
0.52 51.92 24.0 -1.0 1.4924787334 126.37750126854647 0.15084046126215594 0.031795612839277794 2.022939220036964 8.0 -1.0 -1.0 -1.0 -1.0 
0.52 51.92 24.0 -1.0 0.678887 0.0 0.549002038959374 0.04700221028414978 0.9757584245076939 2.0 -1.0 -1.0 -1.0 -1.0 
0.52 51.92 24.0 -1.0 370.397553 187.58236995237826 0.1284135526169644 0.05391430003181887 0.805648460819022 1.0 -1.0 -1.0 -1.0 -1.0 
0.52 51.92 24.0 -1.0 0.890994259795 281.3735549285674 0.529264015246408 0.016589015394405805 32.40302514089897 32.0 33.71444363661886 32.0 0.8910016428368788 281.33025403783853 
0.52 51.92 24.0 -1.0 39.89141833615 50.00508121892832 4.281176731264131 0.09538683851783337 67.84601145396591 4.0 67.84601034407218 4.0 39.89140774744253 49.99177895492526 
0.52 51.92 24.0 -1.0 161.357217177548 3.1798391546082723 2.1073291431380894 0.023501105142074895 48.321931785732474 2.0 48.32193135148305 2.0 161.357456818223 3.137135926321221 
0.52 51.92 24.0 -1.0 0.002461367549486494 93.79118497618913 1.0090214299640743 0.017971433343939622 16.05361467046628 1.0 -1.0 -1.0 -1.0 -1.0 
0.55 54.25 24.0 -1.0 165.58180215354596 16.2434967419299 0.038041534397931245 0.006912089747669086 2.0596821561291514 2.0 -1.0 -1.0 -1.0 -1.0 
0.55 54.25 24.0 -1.0 1.1775198318 25.557282545032564 0.014381884001221652 0.027648358990676344 0.061750630679514244 1.0 -1.0 -1.0 -1.0 -1.0 
0.55 54.25 24.0 -1.0 48.5438764505726 35.60218463984636 0.10700472132266298 0.01520659744487199 1.892063496302029 2.0 -1.0 -1.0 -1.0 -1.0 
0.55 54.25 24.0 -1.0 0.40047870082 126.86457044430965 0.38331724300061704 0.017971433343939622 66.8674368997979 32.0 67.24252491726237 32.0 0.40048083368067944 126.8010101832416 
0.55 54.25 24.0 -1.0 218.39623714185 105.94828696839993 0.015787735142150133 0.08570991287109667 3.0035438230729765 2.0 -1.0 -1.0 -1.0 -1.0 
0.55 54.25 24.0 -1.0 20.46088289466011 211.89657393679985 0.15357433090794295 0.049767046183217416 1.171964842462308 16.0 -1.0 -1.0 -1.0 -1.0 
0.55 54.25 24.0 -1.0 81.22016464756041 317.84486090519977 0.012647660548539622 0.1755670795907948 0.24250725725697536 2.0 -1.0 -1.0 -1.0 -1.0 
0.55 54.25 24.0 -1.0 5.5755650475 126.32418014174056 5.976922819163442 0.01520659744487199 637.2495455883623 32.0 637.5939115087557 32.0 5.575566319748759 126.29502051770591 
0.55 54.25 24.0 -1.0 44.28110883141765 74.57386175453532 9.972404361662386 0.07741540517389377 178.7716808432802 8.0 178.77168138968443 8.0 44.28111424203962 74.58287669995934 
0.55 54.25 24.0 -1.0 4.56621 0.0 1.5679042306102802 0.026265941041142528 63.86873176376687 32.0 -1.0 -1.0 -1.0 -1.0 
0.55 54.64 24.0 -1.0 21.324877969630563 45.80727788988094 0.014969852518987477 0.02350110514207489 1.5725691824295003 2.0 -1.0 -1.0 -1.0 -1.0 
0.55 54.64 24.0 -1.0 2.20267861652 84.6898217907309 0.36471715848927655 0.016589015394405805 15.083396704074978 16.0 15.19321741004458 16.0 2.202674901733796 84.80386794378009 
0.55 54.64 24.0 -1.0 0.2552306186220236 115.3797226623048 0.2993281866906676 0.01520659744487199 10.725360571817744 32.0 11.067075521367427 32.0 0.2552345298075428 116.37762307320659 
0.55 54.64 24.0 -1.0 311.49341784423 108.35745720863957 0.057421681716926735 0.017971433343939622 0.6767463025358358 1.0 -1.0 -1.0 -1.0 -1.0 
0.55 54.64 24.0 -1.0 26.22391200794946 216.71491441727915 0.026560877829466867 0.016589015394405805 1.4256444790160483 1.0 -1.0 -1.0 -1.0 -1.0 
0.55 54.64 24.0 -1.0 0.824545 71.65311601795429 1.4612229063107052 0.012441761545804354 108.89015762743735 32.0 109.13309798994153 32.0 0.8245478966273369 71.74933457295953 
0.55 54.64 24.0 -1.0 2.76203446627 29.356970854905953 8.519086722719447 0.031795612839277794 375.66271039584035 16.0 402.1397717441719 32.0 2.7620444598142058 29.34740060106948 
0.55 54.64 24.0 -1.0 0.004292082560167539 103.22080007123633 8.286895058781683 0.013824179495338172 32.34637052353864 2.0 -1.0 -1.0 -1.0 -1.0 
0.55 54.64 24.0 -1.0 2.272742104024 0.0 3.926986478874693 0.04700221028414978 76.05452944174789 32.0 -1.0 -1.0 -1.0 -1.0 
0.55 54.64 24.0 -1.0 2.0499674301 325.0723716259187 5.814019012713383 0.03732528463741307 229.00930904767557 32.0 229.5229824133783 32.0 2.0499707413061214 325.04776114012134 
0.56 55.03 24.0 -1.0 0.05204590379634869 112.58933918719494 0.06127435210676332 0.024883523091608708 0.8883886806352624 2.0 -1.0 -1.0 -1.0 -1.0 
0.56 55.03 24.0 -1.0 1.07069638835 22.112200401501664 0.0860188157826944 0.024883523091608708 0.911835845315711 32.0 -1.0 -1.0 -1.0 -1.0 
0.56 55.03 24.0 -1.0 9.83612 26.06912047334933 0.10509986549258755 0.06773847952715704 0.27265467936535165 4.0 -1.0 -1.0 -1.0 -1.0 
0.56 55.03 24.0 -1.0 120.03467548628551 25.30433760231995 0.5120011389792241 0.03456044873834543 -5.168431698647925 4.0 -1.0 -1.0 -1.0 -1.0 
0.56 55.03 24.0 -1.0 7.1671888360297 66.20359548780424 0.02650588651678506 0.012441761545804354 2.2155133344959577 1.0 -1.0 -1.0 -1.0 -1.0 
0.56 55.03 24.0 -1.0 12.385435 0.0 0.17940121605257803 0.027648358990676344 5.806987561795478 4.0 -1.0 -1.0 -1.0 -1.0 
0.56 55.03 24.0 -1.0 2.93069668519 110.82701344090985 0.4260523315412531 0.01382417949533817 28.2435527196844 32.0 30.486676893241043 32.0 2.930695094012966 110.91293468542122 
0.56 55.03 24.0 -1.0 0.46869334353 221.6540268818197 0.4748622618155895 0.015206597444871992 5.975470437179517 16.0 8.474365493052481 32.0 0.46869293631364906 221.62347350462818 
0.56 55.03 24.0 -1.0 4.11588560645 332.48104032272954 0.012691423930010808 0.006912089747669086 0.8480492702240346 8.0 -1.0 -1.0 -1.0 -1.0 
0.56 55.03 24.0 -1.0 0.9241794397378473 40.10122358527971 2.416230231392835 0.02073626924300726 166.00651043966957 32.0 166.380325966401 32.0 0.9241678829615315 40.074381510425916 
1.05 52.69 24.0 -1.0 456.999686853575 101.63510211735151 0.14642544806626093 0.07050331542622468 0.5626855375501558 1.0 -1.0 -1.0 -1.0 -1.0 
1.05 52.69 24.0 -1.0 43.67481684886079 31.335771849568822 0.9944884875250298 0.02350110514207489 34.252089378489174 8.0 34.25208868561763 8.0 43.67478444085767 31.37135926321221 
1.05 52.69 24.0 -1.0 0.36618479871 69.65141017314875 0.041731312710821124 0.026265941041142524 1.0467971749692881 1.0 -1.0 -1.0 -1.0 -1.0 
1.05 52.69 24.0 -1.0 6.698003623527944 18.082860822965465 0.05011526105732301 0.024883523091608708 1.2078407895560512 2.0 -1.0 -1.0 -1.0 -1.0 
1.05 52.69 24.0 -1.0 0.407395359535 294.47968301112655 0.6085250039418514 0.017971433343939622 31.402785650339204 32.0 32.227333766010304 32.0 0.4073929934141537 294.28358947555193 
1.05 52.69 24.0 -1.0 3.2782587687 86.88019450773311 1.1347638459718776 0.016589015394405805 97.01505049773603 32.0 97.27590626076768 32.0 3.278243336050461 86.82782660592282 
1.05 52.69 24.0 -1.0 0.2970257612740102 29.981029833516033 1.5624976827451327 0.05944397182995413 6.899575185730608 8.0 7.302479951107023 8.0 0.2969803366189202 32.48453652739071 
1.05 52.69 24.0 -1.0 3.6854591062113453 0.0 1.7022490571849913 0.027648358990676344 63.108590356474174 32.0 -1.0 -1.0 -1.0 -1.0 
1.05 52.69 24.0 -1.0 450.75258218597 98.15989433704219 1.890721935506182 0.05391430003181887 18.672492199579896 1.0 -1.0 -1.0 -1.0 -1.0 
1.05 52.69 24.0 -1.0 8.389566016290832 196.31978867408438 3.2029529200852935 0.02073626924300726 204.192667735169 16.0 204.43353166861357 16.0 8.3895429270342 196.32399022784415 
1.27 59.73 24.0 -1.0 258.397933 43.08683409110506 0.2691181534972077 0.012441761545804354 2.6151644427381227 1.0 -1.0 -1.0 -1.0 -1.0 
1.27 59.73 24.0 -1.0 0.0026009143477348545 102.97455610519779 0.5651649464577384 0.013824179495338172 10.217667246635244 1.0 -1.0 -1.0 -1.0 -1.0 
1.27 59.73 24.0 -1.0 2.2431095533 75.71033038713426 0.5524261487105362 0.02350110514207489 19.04910608726437 16.0 19.181158382153654 16.0 2.243117099472632 75.69605396413785 
1.27 59.73 24.0 -1.0 0.473649743674 99.6994463075521 0.09613870986925059 0.03732528463741307 -0.05461136281648473 16.0 -1.0 -1.0 -1.0 -1.0 
1.27 59.73 24.0 -1.0 465.135238339217 0.0 0.7049930221673032 0.06082638977948796 3.2236125462671343 1.0 -1.0 -1.0 -1.0 -1.0 
1.27 59.73 24.0 -1.0 2.60086625589 141.7654669552351 0.6538551491077016 0.013824179495338172 46.70797166314316 32.0 47.56018529385697 32.0 2.600881998660043 141.77830428309775 
1.27 59.73 24.0 -1.0 0.8071007157385 161.1609223802538 4.239969536556348 0.031795612839277794 134.61761525754235 16.0 138.744330573731 32.0 0.8070855983532966 161.10710950656076 
1.27 59.73 24.0 -1.0 3.4877232527431374 74.64698305023632 1.4481584463104344 0.029030776940210154 61.246444896453596 16.0 61.28033278325915 16.0 3.4877302823588257 74.68407463306647 
1.27 59.73 24.0 -1.0 0.007348123901005672 283.5309339104702 1.039445396474434 0.009676925646736721 2.678331739798662 32.0 -1.0 -1.0 -1.0 -1.0 
1.27 59.73 24.0 -1.0 1.678134 425.2964008657053 4.456202279847409 0.017971433343939622 363.90676138790406 32.0 364.343406387557 32.0 1.6781389907312891 425.23371491618616 
1.66 54.64 24.0 -1.0 0.0026613686823646963 82.28758941383741 0.01674257997931657 0.009676925646736721 7.451730882647433 1.0 -1.0 -1.0 -1.0 -1.0 
1.66 54.64 24.0 -1.0 2.50842466468 29.89912411561233 0.04328761281083059 0.022118687192541075 1.859310091353786 8.0 -1.0 -1.0 -1.0 -1.0 
1.66 54.64 24.0 -1.0 29.60214837047 108.80681254246748 0.015188614231876547 0.019353851293473442 2.3126288166802405 2.0 -1.0 -1.0 -1.0 -1.0 
1.66 54.64 24.0 -1.0 13.28856 0.0 0.2537700960429789 0.12718245135711118 1.0136683701792477 1.0 -1.0 -1.0 -1.0 -1.0 
1.66 54.64 24.0 -1.0 22.441652 108.3193268231912 0.513063379048396 0.016589015394405805 26.79021540982221 16.0 26.91527765541453 16.0 22.44166050028677 108.28178842463568 
1.66 54.64 24.0 -1.0 1.01833 216.6386536463824 0.4895183506376763 0.02350110514207489 7.528749074469502 16.0 7.715371511376466 16.0 1.0183309010850887 216.25998304994994 
1.66 54.64 24.0 -1.0 0.0027232281869028485 324.9579804695736 0.11795250557810913 0.026265941041142528 10.735518003503527 1.0 -1.0 -1.0 -1.0 -1.0 
1.66 54.64 24.0 -1.0 0.001457657401549976 48.48857954401478 6.611226376675336 0.016589015394405805 14.076021947834686 2.0 -1.0 -1.0 -1.0 -1.0 
1.66 54.64 24.0 -1.0 106.51627405458521 57.81580630616776 9.313156686783001 0.024883523091608708 242.01395846712063 4.0 242.01395699157678 4.0 106.5161389609178 57.78401980417475 
1.66 54.64 24.0 -1.0 0.5851 4.907356240714632 3.4749942908136724 0.019353851293473445 181.42219427801587 32.0 185.36521537129244 32.0 0.5851082581405839 5.26229252157108 
1.78 57.37 24.0 -1.0 5.600550217377 60.12340421790747 0.12328467394420665 0.017971433343939622 2.6969132382601195 8.0 -1.0 -1.0 -1.0 -1.0 
1.78 57.37 24.0 -1.0 0.2970257612740102 3.0399474042762202 0.09229889881639672 0.06220880772902178 1.263969844930012 16.0 -1.0 -1.0 -1.0 -1.0 
1.78 57.37 24.0 -1.0 263.3833003256078 68.71782342258962 0.09390684932040841 0.01520659744487199 0.8304465059183035 1.0 -1.0 -1.0 -1.0 -1.0 
1.78 57.37 24.0 -1.0 2.95893 28.935795662925504 0.020231617380748475 0.012441761545804352 2.3651585472290444 1.0 -1.0 -1.0 -1.0 -1.0 
1.78 57.37 24.0 -1.0 1.8927830594630395 0.0 0.37132738203638316 0.06082638977948796 2.259554838694772 1.0 -1.0 -1.0 -1.0 -1.0 
1.78 57.37 24.0 -1.0 18.493401850410667 125.08820615373632 0.0863761095872916 0.011059343596270537 1.7502838660492046 1.0 -1.0 -1.0 -1.0 -1.0 
1.78 57.37 24.0 -1.0 0.0022868816908934455 88.19600493887799 2.6615983231691334 0.04009012053648069 8.80775931212167 1.0 -1.0 -1.0 -1.0 -1.0 
1.78 57.37 24.0 -1.0 360.0000167784814 5.817183304479187 4.838028995267969 0.009676925646736721 -inf 1.0 -1.0 -1.0 -1.0 -1.0 
1.78 57.37 24.0 -1.0 182.77088751407 250.17641230747265 2.634159475634404 0.011059343596270537 62.10454288142017 1.0 62.7025849679853 1.0 182.77108514060578 250.16129064084055 
1.78 57.37 24.0 -1.0 2.3236006177 375.26461846120895 8.619727755918436 0.011059343596270537 909.5130879006597 32.0 909.5130747823928 32.0 2.3236073805795363 375.2419359612609 
1.84 58.55 24.0 -1.0 0.7412385250259942 63.724225178967444 0.804434242581186 0.04423737438508215 11.79591278641417 8.0 11.912219384041768 8.0 0.7411775489648184 63.147510258852954 
1.84 58.55 24.0 -1.0 0.3378130872361059 56.69699232715149 0.035111917342151314 0.026265941041142528 -0.23022823775414894 8.0 -1.0 -1.0 -1.0 -1.0 
1.84 58.55 24.0 -1.0 6.01293899255 82.41027617129625 0.03098482980024649 0.0884747487701643 1.689069926527391 4.0 -1.0 -1.0 -1.0 -1.0 
1.84 58.55 24.0 -1.0 54.453952949379875 78.57724007030572 0.1721169265377827 0.05529671798135269 1.3634836812467945 2.0 -1.0 -1.0 -1.0 -1.0 
1.84 58.55 24.0 -1.0 0.812146609824 0.0 0.5227232618477181 0.022118687192541075 6.631058123659341 16.0 -1.0 -1.0 -1.0 -1.0 
1.84 58.55 24.0 -1.0 0.5600338602531213 133.0782221312647 0.06277399637476767 0.027648358990676344 1.427626323046458 1.0 -1.0 -1.0 -1.0 -1.0 
1.84 58.55 24.0 -1.0 19.36198863 399.23466639379416 0.09734167832162097 0.013824179495338172 2.0533848744776724 1.0 -1.0 -1.0 -1.0 -1.0 
1.84 58.55 24.0 -1.0 275.7694916139211 60.649810806297964 7.502180669786825 0.04423737438508215 102.97483700901938 1.0 102.97483821253353 1.0 275.7694649820527 60.617561931174556 
1.84 58.55 24.0 -1.0 1.62980401915 96.02553982168966 2.0036883958375697 0.009676925646736721 277.86544049321503 32.0 278.11153910173897 32.0 1.6298145055770876 96.03683851867221 
1.84 58.55 24.0 -1.0 0.46599617609661764 266.1564442625294 5.948088720445762 0.21427478217774165 8.628881582027338 2.0 8.781697281796756 2.0 0.46614635114868486 272.2224400581963 
10.05 55.03 24.0 -1.0 3.064857408039 73.28563594133794 0.6360340234416483 0.017971433343939622 48.83390124161498 32.0 49.96056592227829 32.0 3.064845562524473 73.26730356956658 
10.05 55.03 24.0 -1.0 0.661590720545 91.14434208566044 0.012841355261696443 0.031795612839277794 1.3923795717841403 1.0 -1.0 -1.0 -1.0 -1.0 
10.05 55.03 24.0 -1.0 148.2932725188 46.919691597356376 0.22163307062836915 0.01520659744487199 2.3311182918740925 1.0 -1.0 -1.0 -1.0 -1.0 
10.05 55.03 24.0 -1.0 3.064857408039 57.9271486572206 0.42136888815427487 0.04009012053648069 6.870479199483645 16.0 7.269998979391246 16.0 3.064815246034414 57.58162393796047 
10.05 55.03 24.0 -1.0 0.915751 0.0 0.09423178540276086 0.017971433343939622 0.5611451019330552 1.0 -1.0 -1.0 -1.0 -1.0 
10.05 55.03 24.0 -1.0 4.918355 108.22375923459431 0.026034039182959767 0.011059343596270537 -0.342579220862415 32.0 -1.0 -1.0 -1.0 -1.0 
10.05 55.03 24.0 -1.0 2.11187653357 324.67127770378295 0.0407062378693713 0.04700221028414978 2.102871174111715 16.0 -1.0 -1.0 -1.0 -1.0 
10.05 55.03 24.0 -1.0 0.958440460657 189.1074628809713 3.8544160923830697 0.022118687192541075 207.20783602666125 32.0 208.20420804168467 32.0 0.9584255167283119 189.03773904413032 
10.05 55.03 24.0 -1.0 177.39835152538836 28.898633578994584 1.398023756671285 0.024883523091608708 25.862361732868106 1.0 26.303138999307226 2.0 177.39851803829274 28.94260886864094 
10.05 55.03 24.0 -1.0 0.004535421422424813 216.44751846918862 9.633816721816428 0.15483081034778753 15.99565421667679 1.0 -1.0 -1.0 -1.0 -1.0 
10.12 53.08 24.0 -1.0 0.631109971443104 137.84533685825377 0.8184483907713578 0.06220880772902178 4.473049674116333 8.0 -1.0 -1.0 -1.0 -1.0 
10.12 53.08 24.0 -1.0 0.67719 184.93756352742545 0.5702635424403566 0.016589015394405805 30.973870950752534 16.0 31.396414648227033 32.0 0.6771794384500633 184.88862378673775 
10.12 53.08 24.0 -1.0 0.06400257968525651 46.02732707112508 0.4751904311947493 0.026265941041142528 0.04815207137647915 2.0 -1.0 -1.0 -1.0 -1.0 
10.12 53.08 24.0 -1.0 0.646438269959 3.786309681943451 0.29116985798791756 0.016589015394405805 9.943098462914966 32.0 11.249222464804303 32.0 0.6464385175301384 4.149115257392582 
10.12 53.08 24.0 -1.0 292.397661 81.050691629102 0.3079277615089487 0.06635606157762322 0.3189296612060965 1.0 -1.0 -1.0 -1.0 -1.0 
10.12 53.08 24.0 -1.0 0.028901765284836914 295.77586335744195 0.07717715212936165 0.03456044873834543 1.0355215584024169 1.0 -1.0 -1.0 -1.0 -1.0 
10.12 53.08 24.0 -1.0 0.5723136989 132.31377505728952 2.302163762780129 0.022118687192541075 93.6946181541004 32.0 93.811407352827 32.0 0.5723146993356447 132.26569857102695 
10.12 53.08 24.0 -1.0 0.74006295676 0.0 6.972432819051365 0.038707702586946884 95.01676698327167 16.0 -1.0 -1.0 -1.0 -1.0 
10.12 53.08 24.0 -1.0 3.89441988715 98.59195445248065 7.440243664430449 0.019353851293473442 572.672756884941 32.0 572.7010409169687 32.0 3.89442599650162 98.56678684635061 
10.12 53.08 24.0 -1.0 212.219708804722 197.1839089049613 1.9816625542394188 0.008294507697202903 51.87596075328935 1.0 51.87595996996807 1.0 212.21931092441085 197.13357369270122 
10.24 55.81 24.0 -1.0 273.2465088376666 79.8213958693203 0.029197558324778956 0.011059343596270537 1.149049779327274 1.0 -1.0 -1.0 -1.0 -1.0 
10.24 55.81 24.0 -1.0 1.76341893386 80.9351827884271 0.09034322499182681 0.06220880772902177 1.3548482680031084 8.0 -1.0 -1.0 -1.0 -1.0 
10.24 55.81 24.0 -1.0 455.08050913449017 117.28513769382158 0.24839309219294306 0.016589015394405805 4.101801139231668 1.0 -1.0 -1.0 -1.0 -1.0 
10.24 55.81 24.0 -1.0 0.6253360202400374 73.57743889857008 0.6186986208297587 0.030413194889743984 6.136487450616554 4.0 9.882811024188825 32.0 0.6253382404490064 73.67209530199511 
10.24 55.81 24.0 -1.0 2.815663809202 0.0 0.057421681716926735 0.027648358990676344 0.12818391565515927 32.0 -1.0 -1.0 -1.0 -1.0 
10.24 55.81 24.0 -1.0 1.3012367996509 224.9849576595726 0.6325285139869439 0.07188573337575849 2.6645334370476084 4.0 -1.0 -1.0 -1.0 -1.0 
10.24 55.81 24.0 -1.0 0.006490675780325397 337.47743648935887 0.07197567037875806 0.016589015394405805 0.02278107613160206 8.0 -1.0 -1.0 -1.0 -1.0 
10.24 55.81 24.0 -1.0 5.08794112 62.405818588741326 1.408688215493602 0.019353851293473442 117.03469695718613 32.0 117.05624509682873 32.0 5.087925577148175 62.43912472710301 
10.24 55.81 24.0 -1.0 0.0012468043801493424 115.56383063702017 3.363974424252769 0.03317803078881161 14.97294029973319 2.0 -1.0 -1.0 -1.0 -1.0 
10.24 55.81 24.0 -1.0 0.45130391517 112.4924788297863 6.229876651759419 0.013824179495338172 451.8101384151428 32.0 452.3749621038757 32.0 0.45129127101972705 112.32970574892111 
10.36 51.92 24.0 -1.0 9.0107183491 6.090232391308836 0.048280123999223414 0.04009012053648069 0.5638988690235759 1.0 -1.0 -1.0 -1.0 -1.0 
10.36 51.92 24.0 -1.0 209.16616986511 77.6013482118384 0.010517249825451018 0.024883523091608708 0.5607225266979171 2.0 -1.0 -1.0 -1.0 -1.0 
10.36 51.92 24.0 -1.0 327.8470205611185 187.08520332011383 0.11770829817060198 0.041472538486014524 3.3712397752389562 1.0 -1.0 -1.0 -1.0 -1.0 
10.36 51.92 24.0 -1.0 1.72898175945 14.453777334212216 1.8265272784775233 0.04700221028414978 44.3900363296092 16.0 44.724634373896855 16.0 1.7289494280703368 14.572502367427607 
10.36 51.92 24.0 -1.0 1.25130512248 102.97263891111577 3.637106982091575 0.008294507697202903 511.53858040776777 32.0 512.3919194251617 32.0 1.251313127189254 102.91829796995746 
10.36 51.92 24.0 -1.0 436.6425457769893 143.52741220808014 1.3922408471454342 0.022118687192541075 18.731814128845386 1.0 -1.0 -1.0 -1.0 -1.0 
10.36 51.92 24.0 -1.0 0.635026543627 30.282768434203845 1.8303167436074295 0.035942866687879244 50.73036028504089 16.0 50.91062846490053 16.0 0.6350092007778585 30.359379932140847 
10.36 51.92 24.0 -1.0 5.750081 0.0 2.1829003142677665 0.02073626924300726 125.21819986840352 32.0 -1.0 -1.0 -1.0 -1.0 
10.36 51.92 24.0 -1.0 0.12974909238 93.54260166005692 2.7684980657520066 0.026265941041142528 70.70482897310113 32.0 72.26400298259757 32.0 0.12975457745293778 93.91168192342235 
10.36 51.92 24.0 -1.0 170.940171 280.62780498017077 1.7010734737144504 0.11197585391223917 15.350240345027741 1.0 -1.0 -1.0 -1.0 -1.0 
10.41 58.55 24.0 -1.0 1.454545 9.469493900217145 0.23601374365373645 0.011059343596270537 14.097292422218173 32.0 15.17209473642476 32.0 1.4545548765454441 9.613803645177933 
10.41 58.55 24.0 -1.0 1.531251179639 53.338373805304734 0.013056043282579298 0.03456044873834543 1.3946569718673738 4.0 -1.0 -1.0 -1.0 -1.0 
10.41 58.55 24.0 -1.0 1.188837612282 125.07462147388848 0.20784126316275736 0.016589015394405805 6.53374808758953 16.0 6.616619413819072 16.0 1.1888308411774537 125.48543705284884 
10.41 58.55 24.0 -1.0 0.6527 53.377024800815825 0.9680517844721678 0.008294507697202903 92.52288975312351 32.0 92.73415564900154 32.0 0.6527140309723716 53.331310747460755 
10.41 58.55 24.0 -1.0 3.24303 0.0 0.42253490018332296 0.08985716671969811 0.6224628815784514 2.0 -1.0 -1.0 -1.0 -1.0 
10.41 58.55 24.0 -1.0 0.6607893353989525 386.4713041153928 0.02227074644610692 0.013824179495338172 1.5966998216742523 1.0 -1.0 -1.0 -1.0 -1.0 
10.41 58.55 24.0 -1.0 0.93801913685 19.557403728611735 2.8108966924911583 0.04700221028414978 51.82349680602989 32.0 56.344243454704646 32.0 0.9380225189185392 19.632399022784412 
10.41 58.55 24.0 -1.0 0.402608307097 37.25955967269113 1.4292740593793147 0.01520659744487199 98.85836145573221 32.0 99.02277400868276 32.0 0.40260298798481625 37.13964145031897 
10.41 58.55 24.0 -1.0 164.6214621217 128.82376803846427 2.654253472696516 0.027648358990676348 38.54290369850401 1.0 38.54290398797629 1.0 164.62193646778664 128.82496884538432 
10.41 58.55 24.0 -1.0 422.8199418811927 257.64753607692853 4.048188493154516 0.03732528463741307 35.47830582182087 1.0 35.47830587290439 1.0 422.8194787477454 257.64993769076864 
10.49 54.64 24.0 -1.0 0.11578584306059753 165.01151785728692 0.08697490026177834 0.016589015394405805 0.6273581867612963 4.0 -1.0 -1.0 -1.0 -1.0 
10.49 54.64 24.0 -1.0 0.0023186280869697674 1.115157969686241 0.08703500716290852 0.05806155388042031 6.289173889168944 2.0 -1.0 -1.0 -1.0 -1.0 
10.49 54.64 24.0 -1.0 2.0093066356617597 138.63006646013812 0.011153334837430372 0.017971433343939622 0.26553224703679346 4.0 -1.0 -1.0 -1.0 -1.0 
10.49 54.64 24.0 -1.0 29.7442 73.37739440535466 0.2851973688702286 0.017971433343939622 7.171491392403718 4.0 7.197396440453429 4.0 29.74411472678185 73.46969943578085 
10.49 54.64 24.0 -1.0 1.060792039752311 0.0 0.038278798341664554 0.04147253848601452 1.9288162409629688 2.0 -1.0 -1.0 -1.0 -1.0 
10.49 54.64 24.0 -1.0 0.5863707104347844 106.1949003704069 0.02422916423928535 0.012441761545804354 1.211364344272635 4.0 -1.0 -1.0 -1.0 -1.0 
10.49 54.64 24.0 -1.0 0.912041347763 212.3898007408138 0.012656401135534616 0.05114946413275124 1.1294288303411726 2.0 -1.0 -1.0 -1.0 -1.0 
10.49 54.64 24.0 -1.0 6.790985029955707 318.5847011112207 0.03338507492441885 0.008294507697202903 1.3268636984014557 8.0 -1.0 -1.0 -1.0 -1.0 
10.49 54.64 24.0 -1.0 0.5730510034055938 31.224423151214747 5.148386787799173 0.00967692564673672 629.1919737632643 32.0 629.685617368441 32.0 0.5730422950970631 31.37135926321221 
10.49 54.64 24.0 -1.0 212.95820294706 92.52624982768126 1.7247401460269538 0.017971433343939622 32.94029445351096 1.0 32.94029470312285 1.0 212.95854821801188 92.49491085992244 
10.65 53.08 24.0 -1.0 340.8525546358 81.14717041899405 0.024012536820103035 0.008294507697202903 1.6529545646918862 1.0 -1.0 -1.0 -1.0 -1.0 
10.65 53.08 24.0 -1.0 1.95270271662 57.35347055872008 0.7950419397606672 0.09400442056829957 2.849420493174961 2.0 -1.0 -1.0 -1.0 -1.0 
10.65 53.08 24.0 -1.0 0.0036881342625287427 68.56965494559053 0.07312845677630025 0.017971433343939622 0.5910713462519658 1.0 -1.0 -1.0 -1.0 -1.0 
10.65 53.08 24.0 -1.0 2.664464 31.310614990261016 0.7465988364051016 0.013824179495338172 60.24847789923301 32.0 60.40625015944707 32.0 2.6644556783139706 31.37135926321221 
10.65 53.08 24.0 -1.0 36.9232815430327 0.0 0.3333897897859852 0.09538683851783339 1.4029443882045647 1.0 -1.0 -1.0 -1.0 -1.0 
10.65 53.08 24.0 -1.0 10.9405323 98.63731546553872 0.22041153719473483 0.02350110514207489 -6.216502513238478 32.0 -1.0 -1.0 -1.0 -1.0 
10.65 53.08 24.0 -1.0 2.270807 295.91194639661614 0.9021848492717566 0.02211868719254107 41.37589607773251 16.0 42.17843171442367 16.0 2.2708263713866472 295.90275640526613 
10.65 53.08 24.0 -1.0 4.4700782541444015 86.62208891918146 1.1885227543732946 0.10644618211410392 9.463268475892765 4.0 9.515519202989234 4.0 4.470105826233825 86.82782660592282 
10.65 53.08 24.0 -1.0 5.226034457691527 76.47129407829344 9.653803837785297 0.019353851293473442 860.2633939950277 32.0 860.2634044379058 32.0 5.226047505857423 76.50563742899493 
10.65 53.08 24.0 -1.0 115.70185879986298 197.27463093107744 1.8341140706762948 0.0027648358990676344 104.82579236368925 1.0 104.8257929176442 1.0 115.70227798074485 197.23477162580838 
10.68 57.37 24.0 -1.0 313.1908972 106.71999847372054 0.147950695714271 0.013824179495338172 1.2041599104690204 1.0 -1.0 -1.0 -1.0 -1.0 
10.68 57.37 24.0 -1.0 2.414783230685903 50.88152932695146 0.7424839476044562 0.04147253848601452 15.513595892142375 8.0 15.574575481020483 8.0 2.414769066187243 50.90256035288949 
10.68 57.37 24.0 -1.0 233.64486 44.9404911605524 0.010531791439891101 0.12856486930664499 2.0036597024395477 1.0 -1.0 -1.0 -1.0 -1.0 
10.68 57.37 24.0 -1.0 2.88877878309566 52.66748558556222 0.12439687799583798 0.06635606157762322 0.646080406123857 8.0 -1.0 -1.0 -1.0 -1.0 
10.68 57.37 24.0 -1.0 172.5737712832224 66.9551356544483 0.18455533867962315 0.04838462823368359 1.2375575823337557 2.0 -1.0 -1.0 -1.0 -1.0 
10.68 57.37 24.0 -1.0 1.03616638673 0.0 0.10372933415920539 0.017971433343939622 1.0368234950747075 2.0 -1.0 -1.0 -1.0 -1.0 
10.68 57.37 24.0 -1.0 10.036346119712515 242.96294734488424 0.5381125083876808 0.022118687192541075 12.718758302734717 8.0 13.755493534623291 8.0 10.036334667044382 243.07743532334104 
10.68 57.37 24.0 -1.0 9.197196432438712 364.44442101732636 0.34084211797487457 0.029030776940210157 3.4305700540899995 2.0 -1.0 -1.0 -1.0 -1.0 
10.68 57.37 24.0 -1.0 418.51147259915 70.85508095386363 1.3146552533350817 0.017971433343939622 17.480494069575535 1.0 -1.0 -1.0 -1.0 -1.0 
10.68 57.37 24.0 -1.0 1.2861721336 121.48147367244212 1.9816625542394186 0.02764835899067634 70.51859646894603 32.0 -1.0 -1.0 -1.0 -1.0 
10.78 57.76 24.0 -1.0 26.223912007949462 91.14556410906003 0.020301622737534806 0.024883523091608708 1.3488525438177392 16.0 -1.0 -1.0 -1.0 -1.0 
10.78 57.76 24.0 -1.0 1.487031729 67.51385649660092 0.5296297807688797 0.08985716671969811 0.8551462325787983 4.0 -1.0 -1.0 -1.0 -1.0 
10.78 57.76 24.0 -1.0 3.7117366843888 136.21672972841992 0.04508846045098853 0.009676925646736721 1.5056427456690042 2.0 -1.0 -1.0 -1.0 -1.0 
10.78 57.76 24.0 -1.0 5.226034457691527 23.03719924485007 0.3817316555416103 0.019353851293473442 12.353646930338407 8.0 12.422124451604843 8.0 5.226077822347483 23.17432668153418 
10.78 57.76 24.0 -1.0 0.601316 0.0 0.05903058779446039 0.008294507697202903 2.877299441718545 1.0 -1.0 -1.0 -1.0 -1.0 
10.78 57.76 24.0 -1.0 2.2128806090849884 123.8435243275569 0.022487190214671764 0.016589015394405805 1.8307607307207538 8.0 -1.0 -1.0 -1.0 -1.0 
10.78 57.76 24.0 -1.0 1.58482860482 247.6870486551138 0.7507365301564752 0.015206597444871992 53.63368949272268 32.0 53.798144772273204 32.0 1.5848248343293867 247.73254024626934 
10.78 57.76 24.0 -1.0 3.6854591062113458 133.02124725252136 1.0358611142335086 0.012441761545804354 64.077204225891 32.0 64.20808439475967 32.0 3.6854544305242602 133.07528203588404 
10.78 57.76 24.0 -1.0 240.442414 149.85326541045214 3.003639208146939 0.03456044873834543 48.520529674699745 1.0 48.520529893345056 1.0 240.4422654459874 149.87413893166865 
10.78 57.76 24.0 -1.0 2.09207816446 371.5305729826707 2.0175786941126064 0.029030776940210157 51.43350059874212 16.0 51.792246865629686 16.0 2.092080345998208 371.49761243629683 
10.88 51.92 24.0 -1.0 1.1194201180723 74.87005146280063 0.010104165475889132 0.11059343596270538 1.4435121168467306 8.0 -1.0 -1.0 -1.0 -1.0 
10.88 51.92 24.0 -1.0 0.00235081518518991 212.05692370427892 0.03577299942330425 0.06359122567855559 13.226785195273012 1.0 -1.0 -1.0 -1.0 -1.0 
10.88 51.92 24.0 -1.0 263.5998326931 45.69151302699799 0.3132922090339666 0.08985716671969811 -0.14338757995362675 1.0 -1.0 -1.0 -1.0 -1.0 
10.88 51.92 24.0 -1.0 238.881430848499 21.511800232747667 0.02836255000138714 0.016589015394405805 0.9689736110276755 1.0 -1.0 -1.0 -1.0 -1.0 
10.88 51.92 24.0 -1.0 13.21720023548 33.503365114449046 0.012525924249494634 0.024883523091608708 3.4825981270807547 2.0 6.356822057258526 1.0 26.433068948487442 32.88932825981925 
10.88 51.92 24.0 -1.0 2.181080193687 93.60160597356133 0.06030843209777196 0.026265941041142528 1.0054999233070883 4.0 -1.0 -1.0 -1.0 -1.0 
10.88 51.92 24.0 -1.0 10.382835366 187.20321194712267 0.2020368287586114 0.012441761545804354 5.534314195948975 8.0 -1.0 -1.0 -1.0 -1.0 
10.88 51.92 24.0 -1.0 0.5858 123.28564363154342 1.7584276838177055 0.019353851293473445 122.050628116474 32.0 124.2940844097203 32.0 0.5858055374119431 123.36028045759898 
10.88 51.92 24.0 -1.0 32.696088356162285 0.0 2.1798863071150056 0.1354769590543141 17.22698100801093 4.0 -1.0 -1.0 -1.0 -1.0 
10.88 51.92 24.0 -1.0 0.2863042079434276 280.804817920684 3.191908292528214 0.019353851293473442 154.42154323763157 32.0 154.59808136567204 32.0 0.2863089321181178 280.6218685060886 
100.08 50.12 24.0 -1.0 2.60086625589 74.6837743958429 0.046576496396391776 0.026265941041142528 2.1335208340747482 2.0 -1.0 -1.0 -1.0 -1.0 
100.08 50.12 24.0 -1.0 1.15350009753 76.53028268361183 0.058786408432812076 0.0967692564673672 1.567005233448691 2.0 -1.0 -1.0 -1.0 -1.0 
100.08 50.12 24.0 -1.0 0.011214758244299365 0.0 0.20841640152677332 0.10921101801317154 0.40632874830444055 8.0 -1.0 -1.0 -1.0 -1.0 
100.08 50.12 24.0 -1.0 0.0024165360442237947 249.5031941811003 0.04758474504869344 0.017971433343939622 9.437361513448346 1.0 -1.0 -1.0 -1.0 -1.0 
100.08 50.12 24.0 -1.0 1.74460092962 63.38014933693317 3.550218032003879 0.07326815132529231 60.02704719463244 8.0 63.758812640843594 16.0 1.7445927369408312 63.147510258852954 
100.08 50.12 24.0 -1.0 2.307124 53.72341004819572 5.846240640937594 0.01105934359627054 938.15047769924 32.0 938.5256809567564 32.0 2.307115209987387 53.7361024798893 
100.08 50.12 24.0 -1.0 0.6131785651 64.57788444251301 1.3951293055905147 0.012441761545804354 114.84667678582738 32.0 114.95525453458903 32.0 0.6131813279353082 64.56428132235287 
100.08 50.12 24.0 -1.0 78.2101189443 30.367575489388845 5.923484518437084 0.038707702586946884 134.8056910027075 4.0 19.419185199520086 1.0 78.21169371406238 30.359379932140847 
100.08 50.12 24.0 -1.0 1.672008955802 83.1677313937001 1.3119334073716653 0.030413194889743977 48.55989384246214 16.0 49.022915255977885 32.0 1.6720150597393515 83.18470101406592 
100.08 50.12 24.0 -1.0 279.5965821510426 166.3354627874002 4.337742088609804 0.012441761545804354 144.00929811401195 1.0 144.0092987501042 1.0 279.59661868711316 166.36940202813184 
100.11 52.06 24.0 -1.0 244.498778 129.20888862928413 0.01876408245646434 0.016589015394405805 1.3127930937892995 1.0 -1.0 -1.0 -1.0 -1.0 
100.11 52.06 24.0 -1.0 0.54155509235 16.0576823711706 0.46351800288436174 0.012441761545804354 31.872163474545932 32.0 -1.0 -1.0 -1.0 -1.0 
100.11 52.06 24.0 -1.0 0.750576225 51.78964224215382 0.5655555225142415 0.08156265902249521 2.5088433446191423 8.0 -1.0 -1.0 -1.0 -1.0 
100.11 52.06 24.0 -1.0 2.940256 77.87734843675831 0.18442788364909393 0.02073626924300726 4.090760951184977 16.0 -1.0 -1.0 -1.0 -1.0 
100.11 52.06 24.0 -1.0 0.00721428470441448 98.10617052296271 0.8373215895525812 0.056679135930886505 0.1356394776337749 8.0 -1.0 -1.0 -1.0 -1.0 
100.11 52.06 24.0 -1.0 39.113973102535745 0.0 0.0820146411750295 0.009676925646736721 1.402382145541621 1.0 -1.0 -1.0 -1.0 -1.0 
100.11 52.06 24.0 -1.0 0.904028 80.36074375842584 0.9640474491672578 0.022118687192541075 42.62107355669912 16.0 42.62107292170125 16.0 0.9040377335622908 80.3511588870661 
100.11 52.06 24.0 -1.0 22.026432 160.72148751685168 0.28936509629749424 0.012441761545804352 7.559185400196092 4.0 7.55918548217573 4.0 22.026506485417485 160.7023177741322 
100.11 52.06 24.0 -1.0 0.434993 241.0822312752775 0.6290423251913302 0.01382417949533817 60.736144388438085 32.0 60.92223776432619 32.0 0.4349809993679325 241.0534766611983 
100.11 52.06 24.0 -1.0 0.040421985975679996 100.80656155234875 8.218479555845246 0.04423737438508215 46.51681108129746 32.0 48.31357375615086 32.0 0.040411881248777114 107.16861116045717 
100.29 59.87 24.0 -1.0 3.383137785416 96.40559484678495 0.11868817192515867 0.02073626924300726 2.1964563320884185 4.0 -1.0 -1.0 -1.0 -1.0 
100.29 59.87 24.0 -1.0 480.769231 81.14102952744265 0.01859631708429862 0.013824179495338172 1.26600508439692 1.0 -1.0 -1.0 -1.0 -1.0 
100.29 59.87 24.0 -1.0 1.683615 92.6465658361714 0.037312743763296664 0.03041319488974398 1.8929592500976193 4.0 -1.0 -1.0 -1.0 -1.0 
100.29 59.87 24.0 -1.0 1.498159748737 26.624724815505886 0.03436794901146621 0.060826389779487955 1.690677766933944 4.0 -1.0 -1.0 -1.0 -1.0 
100.29 59.87 24.0 -1.0 1.07746138421 69.22013089709915 0.010774651705252635 0.07465056927482613 0.7380815764034641 1.0 -1.0 -1.0 -1.0 -1.0 
100.29 59.87 24.0 -1.0 0.2884087222 138.4402617941983 0.35257760672121957 0.07603298722435994 0.25341514455619213 16.0 -1.0 -1.0 -1.0 -1.0 
100.29 59.87 24.0 -1.0 0.030964305563900823 13.976942122336553 1.3119334073716653 0.0483846282336836 3.17271089541297 1.0 -1.0 -1.0 -1.0 -1.0 
100.29 59.87 24.0 -1.0 2.74279572052 48.825840905814616 3.9706342643953576 0.019353851293473442 284.9542466780265 32.0 284.96849783647673 32.0 2.742793488626679 48.777403757639625 
100.29 59.87 24.0 -1.0 3.684080806697 0.0 3.6045884399314216 0.026265941041142528 151.9402949512701 32.0 -1.0 -1.0 -1.0 -1.0 
100.29 59.87 24.0 -1.0 0.555864 207.66039269129746 6.6939516053936705 0.008294507697202903 1026.2196619103613 32.0 1026.4371861686375 32.0 0.5558831617236137 207.6581587358434 
100.76 50.89 24.0 -1.0 1.265823 79.6976872221757 0.015220125791918107 0.04423737438508214 1.151889989391738 16.0 -1.0 -1.0 -1.0 -1.0 
100.76 50.89 24.0 -1.0 227.88594920515 71.32119883248166 0.03759737427655688 0.1769494975403286 1.604477039273636 1.0 -1.0 -1.0 -1.0 -1.0 
100.76 50.89 24.0 -1.0 4.6931907774 48.80636009717686 0.7409467180299637 0.012441761545804354 40.17788059973932 32.0 42.30466643599125 32.0 4.693204876578724 48.777403757639625 
100.76 50.89 24.0 -1.0 0.824140577283 33.772258102957196 0.9034322499182686 0.09123958466923193 2.774102647611564 4.0 -1.0 -1.0 -1.0 -1.0 
100.76 50.89 24.0 -1.0 212.765957 0.0 0.021723694834277503 0.038707702586946884 0.5604482122387584 2.0 -1.0 -1.0 -1.0 -1.0 
100.76 50.89 24.0 -1.0 7.6528557869497265 80.69027688685043 0.6717113988391871 0.03041319488974398 25.244380879603394 16.0 25.328607881084405 16.0 7.652852218598128 80.65475268638751 
100.76 50.89 24.0 -1.0 0.486332 161.38055377370085 0.6140147696463009 0.08156265902249521 2.3382545698878214 4.0 -1.0 -1.0 -1.0 -1.0 
100.76 50.89 24.0 -1.0 8.865210978990893 242.07083066055128 0.1259534364311018 0.016589015394405805 2.365511473352964 16.0 -1.0 -1.0 -1.0 -1.0 
100.76 50.89 24.0 -1.0 116.686114 86.42792933875069 2.4634239187542093 0.01520659744487199 87.94975041845916 2.0 87.94974773352997 2.0 116.68598745018245 86.42303487349427 
100.76 50.89 24.0 -1.0 0.6518870223 44.8602109424944 2.6708079744159328 0.03317803078881161 79.93673782220226 32.0 80.6777297384104 32.0 0.6518954857407759 44.83068436646131 
101.17 58.69 24.0 -1.0 147.058824 74.77979157437052 0.03932416103941603 0.06635606157762322 0.8224004700413833 1.0 -1.0 -1.0 -1.0 -1.0 
101.17 58.69 24.0 -1.0 0.4871930373 32.104738677577586 0.038597453784262166 0.005529671798135269 0.29725385000858195 1.0 -1.0 -1.0 -1.0 -1.0 
101.17 58.69 24.0 -1.0 0.30814881658266796 0.0 0.11625363484731725 0.024883523091608708 0.3601244380314101 2.0 -1.0 -1.0 -1.0 -1.0 
101.17 58.69 24.0 -1.0 0.75 69.0801123385191 0.2495972085532893 0.019353851293473442 7.840904172073178 16.0 6.892056384417802 32.0 0.37498466554097837 69.82657384392395 
101.17 58.69 24.0 -1.0 1.239587 138.1602246770382 0.04574735998438595 0.013824179495338172 -0.13159808278588506 1.0 -1.0 -1.0 -1.0 -1.0 
101.17 58.69 24.0 -1.0 0.515295 51.69090914259426 1.5571097780848744 0.013824179495338172 154.43964500941706 32.0 154.57444459619904 32.0 0.5152893815344821 51.71214381774657 
101.17 58.69 24.0 -1.0 0.0036543919541739828 38.592009953292106 4.612818816800296 0.049767046183217416 8.441201692053008 4.0 -1.0 -1.0 -1.0 -1.0 
101.17 58.69 24.0 -1.0 5.073165274053 28.581300604505806 1.5831422964399675 0.009676925646736721 252.20383802832308 32.0 252.3255906405937 32.0 5.073161446489394 28.537817136212393 
101.17 58.69 24.0 -1.0 2.802302721726 179.4673545572268 6.102089143930499 0.022118687192541075 457.5187733558731 32.0 458.4364361007085 32.0 2.8023047586126877 179.5251333320595 
101.17 58.69 24.0 -1.0 0.7941361352305215 207.24033701555732 2.0498929089341535 0.11474068981130682 12.704289458699138 4.0 13.640145766673887 8.0 0.794170773588121 206.94977320409345 
101.32 80.29 24.0 -1.0 0.27120710407 82.92326160736435 0.03187501112611771 0.06082638977948796 -0.3888032474641651 1.0 -1.0 -1.0 -1.0 -1.0 
101.32 80.29 24.0 -1.0 0.65432390165 68.03152924919004 0.12328467394420665 0.026265941041142528 3.892405640884273 16.0 -1.0 -1.0 -1.0 -1.0 
101.32 80.29 24.0 -1.0 0.931159 30.976128486969902 0.4307878306033789 0.022118687192541075 49.27265643478612 32.0 49.863255406404825 32.0 0.9311558339201536 31.168963396997935 
101.32 80.29 24.0 -1.0 2.93399568493 0.0 0.029318835357064112 0.029030776940210157 0.8573062854566106 1.0 -1.0 -1.0 -1.0 -1.0 
101.32 80.29 24.0 -1.0 8.419320078947 55.21039371501106 0.02685609746034101 0.21150994627867403 1.3475667947274483 4.0 -1.0 -1.0 -1.0 -1.0 
101.32 80.29 24.0 -1.0 0.637841 110.42078743002212 0.10864346302698645 0.013824179495338172 12.377113368602384 32.0 12.671613751492238 32.0 0.6378437925983842 110.3057470867784 
101.32 80.29 24.0 -1.0 2.20267861652 165.63118114503317 0.08016603408645061 0.026265941041142528 2.689309906739914 8.0 -1.0 -1.0 -1.0 -1.0 
101.32 80.29 24.0 -1.0 0.406854393535 28.20981113011216 1.0416019161885357 0.012441761545804354 286.50709840441004 32.0 287.37704655887603 32.0 0.4068548757156047 28.335421269998122 
101.36 56.34 24.0 -1.0 205.22225531037 65.61507677294004 0.02836255000138714 0.013824179495338172 1.7990363046694318 1.0 -1.0 -1.0 -1.0 -1.0 
101.36 56.34 24.0 -1.0 7.175998726134717 30.102204723711367 0.09009391709551401 0.01520659744487199 1.6417624918225808 4.0 -1.0 -1.0 -1.0 -1.0 
101.36 56.34 24.0 -1.0 3.43218 37.65996225776729 0.26250761980901427 0.10091651031596865 1.7845454347199443 1.0 -1.0 -1.0 -1.0 -1.0 
101.36 56.34 24.0 -1.0 0.42270536055 0.0 0.918536269531778 0.022118687192541075 13.905077990104845 32.0 -1.0 -1.0 -1.0 -1.0 
101.36 56.34 24.0 -1.0 0.4059835187352174 214.68754995177602 0.6876757952823224 0.05114946413275124 5.423460551166115 8.0 -1.0 -1.0 -1.0 -1.0 
101.36 56.34 24.0 -1.0 0.16045643647092714 24.6271246919379 1.100789226436182 0.06359122567855559 0.6613907373281934 4.0 -1.0 -1.0 -1.0 -1.0 
101.36 56.34 24.0 -1.0 0.93801913685 106.98950509147913 1.9396741271167337 0.008294507697202903 298.033971656117 32.0 300.1063185127913 32.0 0.9380225189185392 106.96621529424291 
101.36 56.34 24.0 -1.0 1.7186564632693146 11.851937951133149 6.435478712697456 0.009676925646736721 955.65261211226 32.0 956.1792000602619 32.0 1.7186418214502435 11.840158173534931 
101.36 56.34 24.0 -1.0 1.333618 71.562516650592 1.5410572815741164 0.04009012053648069 54.16053281810898 16.0 54.47839670216426 16.0 1.333622397699704 71.54693870674527 
101.36 56.34 24.0 -1.0 0.0012641124664572309 143.125033301184 1.669637776112179 0.016589015394405805 13.986067070621129 4.0 -1.0 -1.0 -1.0 -1.0 
101.56 55.56 24.0 -1.0 4.164931 100.49603703664094 0.3083535160415096 0.058061553880420315 2.075277705125404 2.0 -1.0 -1.0 -1.0 -1.0 
101.56 55.56 24.0 -1.0 3.48859614104 142.86710519291634 0.021980329748814836 0.05529671798135269 1.0184346666906827 8.0 -1.0 -1.0 -1.0 -1.0 
101.56 55.56 24.0 -1.0 3.2404792414142376 117.4401363044467 0.013449708483130233 0.009676925646736721 0.8370173782842921 2.0 -1.0 -1.0 -1.0 -1.0 
101.56 55.56 24.0 -1.0 14.900961263113452 70.20007410569838 0.2628705744462246 0.04009012053648069 4.122687755111486 16.0 -1.0 -1.0 -1.0 -1.0 
101.56 55.56 24.0 -1.0 0.0276036420178546 49.4040595509585 0.0871553456105025 0.0483846282336836 0.6313044257707875 2.0 -1.0 -1.0 -1.0 -1.0 
101.56 55.56 24.0 -1.0 0.0031691688470008067 72.12603174916543 0.5927578139668314 0.04147253848601452 2.6493459107572472 1.0 -1.0 -1.0 -1.0 -1.0 
101.56 55.56 24.0 -1.0 1.333917875234 216.3780952474963 0.7232458137899892 0.012441761545804356 91.72829575560313 32.0 92.6036841913423 32.0 1.3339255626002948 216.3611809830571 
101.56 55.56 24.0 -1.0 465.135238339217 87.66353273803456 3.007792172468115 0.05529671798135269 35.13423090055149 1.0 35.13423145355816 1.0 465.1354781041543 87.63741007077991 
101.56 55.56 24.0 -1.0 2.1926352236003432 0.0 2.511539390843636 0.06773847952715704 19.389420018837868 8.0 -1.0 -1.0 -1.0 -1.0 
101.56 55.56 24.0 -1.0 1.713037 144.25206349833087 9.593966547436315 0.027648358990676344 644.1385585013201 16.0 698.5033442112618 32.0 1.7130332707893106 144.20705467766902 
101.57 57.51 24.0 -1.0 0.251515052 101.68814126881969 0.10223531986197697 0.027648358990676344 0.868295059346275 1.0 -1.0 -1.0 -1.0 -1.0 
101.57 57.51 24.0 -1.0 6.91697118349854 107.1955508968468 0.10894410122863865 0.031795612839277794 2.0453739813244884 8.0 -1.0 -1.0 -1.0 -1.0 
101.57 57.51 24.0 -1.0 1.127887471217 37.735179276444214 0.06312189347811605 0.02626594104114253 1.72719579270044 16.0 -1.0 -1.0 -1.0 -1.0 
101.57 57.51 24.0 -1.0 1.8600336054794 55.262562769442994 0.2583694877232695 0.016589015394405805 14.141848232015402 16.0 14.902243202913136 32.0 1.8600379310858748 55.35526940960348 
101.57 57.51 24.0 -1.0 0.846595727676 50.46713765606579 0.02704227371659052 0.026265941041142528 0.6691794710490333 8.0 -1.0 -1.0 -1.0 -1.0 
101.57 57.51 24.0 -1.0 3.0040252844 77.14561623441757 0.014511629160490112 0.03456044873834543 0.6422108512749213 4.0 -1.0 -1.0 -1.0 -1.0 
101.57 57.51 24.0 -1.0 205.50156142751428 0.0 0.23293605911750745 0.013824179495338172 2.594758203977937 1.0 -1.0 -1.0 -1.0 -1.0 
101.57 57.51 24.0 -1.0 0.36618479871 69.79542315670841 0.918536269531778 0.012441761545804356 103.19316968109243 32.0 103.35133246845996 32.0 0.36619288342384004 69.82657384392395 
101.57 57.51 24.0 -1.0 1.56193989928 139.59084631341682 1.8647776814776753 0.05944397182995413 -5.36217858055469 16.0 -1.0 -1.0 -1.0 -1.0 
101.57 57.51 24.0 -1.0 0.09415524934378801 209.38626947012523 6.6985776835622515 0.07603298722435994 36.43807600229364 8.0 36.68502570863684 8.0 0.09410238514343898 209.17612773245045 
101.67 52.06 24.0 -1.0 0.937759872398 197.9627549861313 0.843126208002823 0.038707702586946884 19.09688105241492 8.0 21.58269948105934 16.0 0.9377496705080073 197.74076129134406 
101.67 52.06 24.0 -1.0 1.5042184955592726 85.48024842557818 0.3981621803925187 0.035942866687879244 6.207214159572882 16.0 6.779011392708191 16.0 1.5042436037523053 85.81584727485146 
101.67 52.06 24.0 -1.0 3.5524273914353524 37.95535174224486 0.0728259617383694 0.02350110514207489 0.7223963175189893 2.0 -1.0 -1.0 -1.0 -1.0 
101.67 52.06 24.0 -1.0 0.011061207030491276 0.0 0.05671205278121756 0.013824179495338172 -0.9481840700299643 8.0 -1.0 -1.0 -1.0 -1.0 
101.67 52.06 24.0 -1.0 1.381981852502 76.85612840638039 0.0774977205778036 0.062208807729021785 0.6933147603867267 1.0 -1.0 -1.0 -1.0 -1.0 
101.67 52.06 24.0 -1.0 3.4084978564217754 153.71225681276078 0.6857781100283078 0.017971433343939622 48.0129431901603 16.0 48.96989206425345 16.0 3.4084829773443444 153.7196603897398 
101.67 52.06 24.0 -1.0 2.79204 22.644079836503312 1.7223587367143973 0.045619792334615966 83.04820470214094 16.0 83.59928964471386 16.0 2.7920274684826536 22.668337015998496 
101.67 52.06 24.0 -1.0 0.05653415748536655 2.6748607546174994 3.4990842178221455 0.08570991287109667 1.2142975261417788 8.0 -1.0 -1.0 -1.0 -1.0 
101.67 52.06 24.0 -1.0 427.6219050534547 102.24424643081028 2.2721429101683848 0.07465056927482613 17.440244931666523 1.0 -1.0 -1.0 -1.0 -1.0 
101.67 52.06 24.0 -1.0 62.29588783082522 230.56838521914116 2.15741350665398 0.019353851293473442 64.5125913693282 2.0 64.51259159659746 2.0 62.295778964956604 230.52889161805615 
101.76 56.73 24.0 -1.0 3.352161172434 53.740295260477936 0.09828771754600635 0.02073626924300726 3.187263335045637 4.0 -1.0 -1.0 -1.0 -1.0 
101.76 56.73 24.0 -1.0 419.46081729722 62.92576812425314 0.29542486429438 0.024883523091608708 3.2317645375792017 1.0 -1.0 -1.0 -1.0 -1.0 
101.76 56.73 24.0 -1.0 3.072947121157 95.02213307353662 0.2453233993455733 0.015206597444871992 11.861953642113672 16.0 12.047815407380638 16.0 3.072940065370252 95.02485918760084 
101.76 56.73 24.0 -1.0 3.3166335305 0.0 0.1810196715586661 0.015206597444871989 4.0004053352838485 32.0 -1.0 -1.0 -1.0 -1.0 
101.76 56.73 24.0 -1.0 389.2522148936672 70.37972656313279 0.5636053377113839 0.026265941041142528 5.693189953468631 1.0 -1.0 -1.0 -1.0 -1.0 
101.76 56.73 24.0 -1.0 420.189443214863 140.75945312626558 0.18114477123073522 0.09400442056829957 1.234818158574528 1.0 -1.0 -1.0 -1.0 -1.0 
101.76 56.73 24.0 -1.0 0.008953561031815726 90.10209818328461 1.3788402464999403 0.056679135930886505 1.5097385564360117 8.0 -1.0 -1.0 -1.0 -1.0 
101.76 56.73 24.0 -1.0 0.916583201958 7.348378291020166 1.5167642778605788 0.031795612839277794 55.40556674013184 16.0 56.073218084408154 16.0 0.9165887604467572 7.994636715463756 
101.76 56.73 24.0 -1.0 0.2614423 71.43552804172765 3.38028170801927 0.07465056927482613 4.690400795389594 8.0 10.742795560448439 2.0 1.307247051348289 72.15412630538808 
101.76 56.73 24.0 -1.0 27.20594811964116 211.1391796893984 1.2612758521908187 0.052531882082285056 17.137215768653075 2.0 17.13721501071637 2.0 27.20577564711372 211.098888461486 
101.83 51.67 24.0 -1.0 3.771122049424196 88.8275751331699 0.1524116981052268 0.019353851293473442 4.3940961349085725 16.0 -1.0 -1.0 -1.0 -1.0 
101.83 51.67 24.0 -1.0 0.00485908640531042 145.9640622630995 0.02506339530777214 0.016589015394405805 1.9229343748053238 1.0 -1.0 -1.0 -1.0 -1.0 
101.83 51.67 24.0 -1.0 25.628222593575092 34.92959334663713 0.2628705744462246 0.045619792334615966 2.268987291550137 4.0 -1.0 -1.0 -1.0 -1.0 
101.83 51.67 24.0 -1.0 11.32734917043 87.2083224614715 0.1867356005517758 0.009676925646736721 6.192759896059644 2.0 9.30793447624065 16.0 11.327332079720994 87.23261833835137 
101.83 51.67 24.0 -1.0 494.760636473171 11.357900882913132 0.8116913897613349 0.02350110514207489 7.624879182757666 1.0 -1.0 -1.0 -1.0 -1.0 
101.83 51.67 24.0 -1.0 1.18134309395 77.09955935386857 0.03290422946584711 0.008294507697202903 2.0305978297060645 8.0 -1.0 -1.0 -1.0 -1.0 
101.83 51.67 24.0 -1.0 6.25 154.19911870773714 0.14421681552054733 0.027648358990676348 -inf 1.0 -1.0 -1.0 -1.0 -1.0 
101.83 51.67 24.0 -1.0 0.8826699048784042 231.2986780616057 0.5347771190483214 0.006912089747669085 210.0703157053283 32.0 210.57295351266413 32.0 0.882664608070627 231.23727714980612 
101.83 51.67 24.0 -1.0 7.275615640603986 82.16550699818217 6.982073212827947 0.019353851293473442 574.309388097823 32.0 574.5640179737744 32.0 7.275624132792776 82.17272168299456 
101.83 51.67 24.0 -1.0 0.716124628374 0.0 2.152946824434737 0.022118687192541075 85.38907270930245 32.0 -1.0 -1.0 -1.0 -1.0 
102.12 55.56 24.0 -1.0 13.54975 202.66164607835282 0.06260076752467116 0.008294507697202903 2.179792909755636 8.0 -1.0 -1.0 -1.0 -1.0 
102.12 55.56 24.0 -1.0 2.599027796987762 92.88303231843665 0.5690828758609343 0.019353851293473442 32.428180069678874 32.0 32.67330647078467 16.0 2.5990326927664382 92.79850465924385 
102.12 55.56 24.0 -1.0 2.444181 80.91532879738865 0.18998874448821032 0.03317803078881161 3.9647418432604074 16.0 -1.0 -1.0 -1.0 -1.0 
102.12 55.56 24.0 -1.0 0.007623297300831945 0.0 0.10344308644015944 0.029030776940210157 0.27576953997851267 8.0 -1.0 -1.0 -1.0 -1.0 
102.12 55.56 24.0 -1.0 0.8117 71.1022385662263 0.04213688881542749 0.012441761545804354 1.0842006396798247 1.0 -1.0 -1.0 -1.0 -1.0 
102.12 55.56 24.0 -1.0 4.855561908974691 142.2044771324526 0.49564361624062026 0.04147253848601452 10.709875191750319 8.0 10.827044379629633 8.0 4.855489047865073 142.38549188174056 
102.12 55.56 24.0 -1.0 1.712 213.30671569867891 0.8309826555609376 0.012441761545804354 96.24724102674755 32.0 96.92127749769364 32.0 1.712002510127301 213.2240450567359 
102.12 55.56 24.0 -1.0 0.0051582216507230555 187.15269695214624 8.95354868677502 0.0967692564673672 7.154175838821144 1.0 -1.0 -1.0 -1.0 -1.0 
102.12 55.56 24.0 -1.0 1.6117360440367 67.53966015621737 4.6255834094871675 0.056679135930886505 123.45326939292652 16.0 123.47903558175017 16.0 1.6117458775018654 67.49902138245982 
102.12 55.56 24.0 -1.0 1.491468881773 114.17317155908887 3.8704260662198067 0.019353851293473442 358.3687019114044 32.0 358.69560383983963 32.0 1.4914803614374252 114.15126854484957 
102.24 53.61 24.0 -1.0 2.6807208 130.5567371792935 0.10160163342901272 0.031795612839277794 0.5978437129186345 2.0 -1.0 -1.0 -1.0 -1.0 
102.24 53.61 24.0 -1.0 3.09703753311 73.33240733332812 0.17596429038250608 0.03041319488974398 3.043007316315861 4.0 -1.0 -1.0 -1.0 -1.0 
102.24 53.61 24.0 -1.0 0.006641541757876452 34.67741647347671 0.06303473886221564 0.026265941041142528 -0.31549166760374614 8.0 -1.0 -1.0 -1.0 -1.0 
102.24 53.61 24.0 -1.0 0.257347 17.096977196682435 0.07242458054174665 0.02350110514207489 1.614228309376974 4.0 -1.0 -1.0 -1.0 -1.0 
102.24 53.61 24.0 -1.0 204.55934656546313 0.0 0.2508071620172219 0.03041319488974398 3.300283882866996 1.0 -1.0 -1.0 -1.0 -1.0 
102.24 53.61 24.0 -1.0 2.0910399795 63.81699457476323 2.101513833848854 0.04285495643554833 52.83950254068695 16.0 53.01714014534884 16.0 2.0910495853361986 63.85589579060292 
102.24 53.61 24.0 -1.0 0.0024054563416671133 149.80731818738323 3.0920679192165 0.011059343596270537 35.93035680729345 4.0 -1.0 -1.0 -1.0 -1.0 
102.24 53.61 24.0 -1.0 2.343863635131 73.24450513694416 1.2431096876126295 0.03456044873834543 34.02609193990493 8.0 42.201865051533936 16.0 2.3438284794489546 73.26730356956658 
102.24 53.61 24.0 -1.0 20.802023359 146.4890102738883 4.505732208812994 0.052531882082285056 102.90593686949633 8.0 102.9059367817245 8.0 20.802084084910653 146.53460713913316 
102.24 53.61 24.0 -1.0 0.14839817889675647 219.73351541083247 1.5000910217817933 0.01520659744487199 75.75513185342619 32.0 76.61189387379895 32.0 0.1483992188392828 219.49831690937833 
102.34 51.67 24.0 -1.0 260.97363736258234 34.27578610958298 0.6413287482508735 0.019353851293473442 9.981531307920116 1.0 -1.0 -1.0 -1.0 -1.0 
102.34 51.67 24.0 -1.0 254.33303103 8.034098603375028 0.6268732211262005 0.06359122567855559 3.7413656225012613 1.0 -1.0 -1.0 -1.0 -1.0 
102.34 51.67 24.0 -1.0 3.9303639987862793 22.0084230862993 0.02007845414129435 0.01520659744487199 1.5943073313309246 32.0 -1.0 -1.0 -1.0 -1.0 
102.34 51.67 24.0 -1.0 1.649645949586 0.0 0.6493535933189347 0.04147253848601452 7.335679638099176 16.0 -1.0 -1.0 -1.0 -1.0 
102.34 51.67 24.0 -1.0 0.0022555699629165453 151.71473453285535 0.38041534397931265 0.01520659744487199 15.163600280529055 1.0 -1.0 -1.0 -1.0 -1.0 
102.34 51.67 24.0 -1.0 319.4565261370093 227.57210179928302 0.6035011024807174 0.022118687192541075 5.661104461339678 1.0 -1.0 -1.0 -1.0 -1.0 
102.34 51.67 24.0 -1.0 0.07691825299412014 47.726642411550806 2.7934738771578633 0.056679135930886505 3.097037902990319 8.0 -1.0 -1.0 -1.0 -1.0 
102.34 51.67 24.0 -1.0 3.91234346722825 53.894463152385455 8.578144136963749 0.006912089747669086 1993.5014616157193 32.0 1993.6121870912516 32.0 3.9123430421265466 53.93849834610357 
102.34 51.67 24.0 -1.0 2.672381926728 57.171829154895384 8.298352886146269 0.04423737438508215 321.5164521432295 16.0 328.20214385672415 32.0 2.672368282219395 57.17683220553193 
102.34 51.67 24.0 -1.0 190.0581749602085 75.85736726642767 2.4719478477660557 0.05114946413275123 25.97460703570205 1.0 25.974606864522077 1.0 190.05771415929001 75.8984498303521 
102.35 56.73 24.0 -1.0 2.0941529761767272 156.21598443282883 0.5531899575193495 0.022118687192541075 63.84519787241336 16.0 64.4845180407997 16.0 2.0941418673222265 156.2496087174182 
102.35 56.73 24.0 -1.0 44.68997215183244 42.07494827687562 0.02569454810685309 0.05529671798135269 1.5116532300803331 4.0 -1.0 -1.0 -1.0 -1.0 
102.35 56.73 24.0 -1.0 272.950348 77.66082890057021 0.08396386259381491 0.016589015394405805 1.410385295487504 1.0 -1.0 -1.0 -1.0 -1.0 
102.35 56.73 24.0 -1.0 1.847453268395 36.00184649889851 0.557024871934516 0.10782860006363774 5.454603534192443 2.0 6.0617912803819545 8.0 1.8474869042014084 37.94922491517605 
102.35 56.73 24.0 -1.0 0.060847634237552635 164.14013435546335 0.05077741257035857 0.06082638977948796 0.9565327767149497 1.0 -1.0 -1.0 -1.0 -1.0 
102.35 56.73 24.0 -1.0 0.0034742522267341707 69.3207131027318 0.09842361448831262 0.0884747487701643 5.061823327458381 1.0 -1.0 -1.0 -1.0 -1.0 
102.35 56.73 24.0 -1.0 9.4043245048 138.6414262054636 0.7792721740869135 0.0483846282336836 16.528326508834557 4.0 16.60844686594099 4.0 9.404417748252552 138.64116835677655 
102.35 56.73 24.0 -1.0 203.008999 128.03429638776385 3.5282126721734124 0.03732528463741307 63.720671413965945 1.0 64.00943935146637 1.0 203.0089187125365 128.01538538052722 
102.35 56.73 24.0 -1.0 246.97162474233065 0.0 1.9012004253680164 0.027648358990676344 31.021849304598422 2.0 -1.0 -1.0 -1.0 -1.0 
102.35 56.73 24.0 -1.0 0.161472523874 207.9621393081954 8.667498783590988 0.026265941041142524 337.9117101164245 32.0 338.31508806670274 32.0 0.16146562605475387 207.9617525351648 
102.78 53.61 24.0 -1.0 0.04492840576482858 97.51342002564753 0.10744918366085444 0.01520659744487199 1.4539362640406115 1.0 -1.0 -1.0 -1.0 -1.0 
102.78 53.61 24.0 -1.0 0.06518995365174231 19.641431423574183 0.06962805736105153 0.10782860006363774 1.6484819296417224 4.0 -1.0 -1.0 -1.0 -1.0 
102.78 53.61 24.0 -1.0 0.005205849356695349 56.77804514165649 0.32587519580827184 0.009676925646736721 0.4746626220698593 8.0 -1.0 -1.0 -1.0 -1.0 
102.78 53.61 24.0 -1.0 4.1383499949094 144.5141080237809 0.23650339736014042 0.016589015394405805 8.599468119896692 16.0 9.862402265548772 32.0 4.138352475517119 144.61184641009757 
102.78 53.61 24.0 -1.0 0.14976839237533543 216.77116203567135 0.03343123460453117 0.11474068981130682 1.7251377719446932 2.0 -1.0 -1.0 -1.0 -1.0 
102.78 53.61 24.0 -1.0 29.962333263234488 9.79903642765511 1.9653022118751304 0.10782860006363774 29.59272545316216 4.0 29.592725160187076 4.0 29.96239345520735 9.816199511392206 
102.78 53.61 24.0 -1.0 0.727564 148.95836127083686 3.4486868843098253 0.019353851293473442 214.4202021544105 32.0 214.42021149263294 32.0 0.7275654449282836 148.9633575337044 
102.78 53.61 24.0 -1.0 0.15825948491417322 115.55058442345518 8.454593069291422 0.006912089747669086 1320.9914879883868 32.0 1322.584549695561 32.0 0.1582520781084895 115.97283134077803 
102.78 53.61 24.0 -1.0 1.2580475 0.0 1.5453216954363695 0.027648358990676344 34.33525358132016 32.0 -1.0 -1.0 -1.0 -1.0 
102.78 53.61 24.0 -1.0 2.072126886239 72.25705401189045 1.6129494697108895 0.05529671798135269 40.786011223317665 8.0 40.83490217492644 8.0 2.0721927285194397 72.2553242384952 
102.93 52.84 24.0 -1.0 4.973519846393 67.13777209809298 0.042224309503161146 0.017971433343939622 0.8393538684846646 4.0 -1.0 -1.0 -1.0 -1.0 
102.93 52.84 24.0 -1.0 0.6681174 85.5951921797837 0.41731312710821145 0.05529671798135268 1.3845098498486965 4.0 -1.0 -1.0 -1.0 -1.0 
102.93 52.84 24.0 -1.0 325.732899 0.0 0.8655531263517102 0.012441761545804354 24.786568811757117 1.0 -1.0 -1.0 -1.0 -1.0 
102.93 52.84 24.0 -1.0 1.4015628057 72.88931413776675 0.22239996444081098 0.02073626924300726 9.415203783664229 32.0 9.974345137760652 32.0 1.4015616519221417 73.0649077033523 
102.93 52.84 24.0 -1.0 76.8624610039773 145.7786282755335 0.02181392790138756 0.01520659744487199 0.9166522462167647 2.0 -1.0 -1.0 -1.0 -1.0 
102.93 52.84 24.0 -1.0 0.08053550660879588 218.66794241330024 0.015744167879234848 0.04423737438508214 0.45601126553983357 1.0 -1.0 -1.0 -1.0 -1.0 
102.93 52.84 24.0 -1.0 0.5108557892033546 98.0823804104062 3.27228773946668 0.02073626924300726 245.7640800804339 32.0 246.0724651990845 32.0 0.5108631739858538 97.9595992477078 
102.93 52.84 24.0 -1.0 1.511147032661511 113.5000121137142 7.701736550890859 0.08294507697202903 112.55907914748262 8.0 122.88077295508435 16.0 1.5111557634857795 113.34168507999249 
102.93 52.84 24.0 -1.0 0.304647 44.481507637629036 1.938334576460236 0.012441761545804354 200.81204539103837 32.0 200.96231661355486 32.0 0.3046504086038719 44.628288500247045 
102.93 52.84 24.0 -1.0 38.95598 99.24143641079674 1.7319041480317268 0.04423737438508215 36.36152693417526 4.0 36.361527251724794 4.0 38.95596213017901 99.27517237810056 
103.23 52.06 24.0 -1.0 0.602381 60.697755151173006 0.5551041030677722 0.05114946413275124 4.494475161198426 16.0 -1.0 -1.0 -1.0 -1.0 
103.23 52.06 24.0 -1.0 1.0319424125036423 149.3371426084456 0.024212431432258957 0.008294507697202903 1.695975723810206 4.0 -1.0 -1.0 -1.0 -1.0 
103.23 52.06 24.0 -1.0 1.96633214751 36.33951078047409 0.015831422964399676 0.022118687192541075 1.7755325970329503 1.0 -1.0 -1.0 -1.0 -1.0 
103.23 52.06 24.0 -1.0 0.3768 0.0 0.17952519723707433 0.017971433343939622 1.3210407025640731 4.0 -1.0 -1.0 -1.0 -1.0 
103.23 52.06 24.0 -1.0 1.9546609131310237 73.272588887671 0.06502514182965707 0.019353851293473442 0.5324794751400556 1.0 -1.0 -1.0 -1.0 -1.0 
103.23 52.06 24.0 -1.0 2.19539262108 146.545177775342 0.015603402873014713 0.006912089747669086 2.331676342780545 16.0 -1.0 -1.0 -1.0 -1.0 
103.23 52.06 24.0 -1.0 1.369610830521 165.53933223047184 5.155505174915492 0.01520659744487199 614.3812907231033 32.0 614.4623909335332 32.0 1.3696080713998526 165.55981856327475 
103.23 52.06 24.0 -1.0 0.0017598805570259 33.349690171796254 2.5641350432505363 0.03317803078881161 13.544834998663255 1.0 -1.0 -1.0 -1.0 -1.0 
103.23 52.06 24.0 -1.0 0.030122190766601817 100.79652566755821 6.325285139869441 0.024883523091608708 75.32565442575981 32.0 77.75464624196985 32.0 0.030134591118743025 109.29376775570705 
103.23 52.06 24.0 -1.0 1.334812202073005 219.817766663013 1.8609168688485656 0.023501105142074888 103.29320628339873 32.0 103.42870550169756 32.0 1.3348047408120087 219.80191070869972 
103.36 57.52 24.0 -1.0 0.009246266070866132 19.60411921591521 0.04257580972302213 0.012441761545804354 0.3488453625986212 16.0 -1.0 -1.0 -1.0 -1.0 
103.36 57.52 24.0 -1.0 173.047894 8.588089073092846 0.02730509075543315 0.017971433343939622 2.39584712651903 1.0 -1.0 -1.0 -1.0 -1.0 
103.36 57.52 24.0 -1.0 2.8858089092882 53.434769162724876 0.31156549511556475 0.13962421290291552 2.301315960210223 8.0 -1.0 -1.0 -1.0 -1.0 
103.36 57.52 24.0 -1.0 0.0013481148441470468 8.267039014285636 0.3150284925003535 0.008294507697202903 14.215730068028535 1.0 -1.0 -1.0 -1.0 -1.0 
103.36 57.52 24.0 -1.0 2.895182851468 0.0 0.2844103485256103 0.022118687192541075 6.771356836433096 16.0 -1.0 -1.0 -1.0 -1.0 
103.36 57.52 24.0 -1.0 1.5882304862 66.87874037527676 0.018557815499596543 0.03456044873834543 3.2156046589281466 8.0 -1.0 -1.0 -1.0 -1.0 
103.36 57.52 24.0 -1.0 29.53643 133.75748075055353 0.026287057444622463 0.026265941041142528 1.2294623087617285 4.0 -1.0 -1.0 -1.0 -1.0 
103.36 57.52 24.0 -1.0 0.852719 200.63622112583028 0.1332945771390515 0.030413194889743984 1.3869271953701285 8.0 -1.0 -1.0 -1.0 -1.0 
103.36 57.52 24.0 -1.0 2.1692763393033 50.8262374349163 1.2448284660085038 0.031795612839277794 56.50598414088609 16.0 56.505983394668164 16.0 2.1692661296886704 50.80136241978235 
103.36 57.52 24.0 -1.0 1.2964005406 44.76641757493023 6.749676032594977 0.04147253848601451 283.9971433368689 32.0 284.2449496974235 32.0 1.296393747907132 44.83068436646131 
103.41 54.78 24.0 -1.0 0.02449489771323954 194.20914732472133 0.10864346302698645 0.02073626924300726 1.1763776678980824 4.0 -1.0 -1.0 -1.0 -1.0 
103.41 54.78 24.0 -1.0 0.71802175405 63.35634328099759 0.28480358684358015 0.019353851293473442 10.025222247544155 16.0 10.098164380670609 16.0 0.7180157505596678 62.84391645953155 
103.41 54.78 24.0 -1.0 4.725005 29.169009530360277 0.5894908218805168 0.019353851293473442 36.12089462078234 16.0 36.12089453582895 16.0 4.725006874650717 29.145004734855213 
103.41 54.78 24.0 -1.0 4.212470392 32.974572064070365 0.026287057444622463 0.01520659744487199 1.9554125790515309 1.0 -1.0 -1.0 -1.0 -1.0 
103.41 54.78 24.0 -1.0 0.6468 31.48998448223841 0.07242458054174665 0.017971433343939622 -0.28073724763428726 1.0 -1.0 -1.0 -1.0 -1.0 
103.41 54.78 24.0 -1.0 1.016535792634 0.0 0.6703206958736198 0.10091651031596865 1.1332242033506688 4.0 -1.0 -1.0 -1.0 -1.0 
103.41 54.78 24.0 -1.0 0.769231 139.3839552181947 0.030729023168311723 0.02488352309160871 0.36485620687234144 1.0 -1.0 -1.0 -1.0 -1.0 
103.41 54.78 24.0 -1.0 1.53421102151 209.07593282729206 0.03589678100442135 0.09400442056829957 2.1210091483090068 8.0 -1.0 -1.0 -1.0 -1.0 
103.41 54.78 24.0 -1.0 4.37505274487 96.28909597656565 6.255753505687538 0.016589015394405805 583.7439597849273 32.0 585.1551453369088 32.0 4.375063629898554 96.23923438488649 
103.41 54.78 24.0 -1.0 0.04513534918907516 69.69197760909735 1.8002197938065532 0.03732528463741307 2.892242596775958 1.0 -1.0 -1.0 -1.0 -1.0 
103.47 53.23 24.0 -1.0 0.14704050134079177 54.248679690017454 0.011023112262722885 0.04009012053648069 0.7671564825866013 1.0 -1.0 -1.0 -1.0 -1.0 
103.47 53.23 24.0 -1.0 0.018169741116334535 48.42101741684022 0.02791544687242017 0.008294507697202903 1.5768520338399843 2.0 -1.0 -1.0 -1.0 -1.0 
103.47 53.23 24.0 -1.0 0.805719788443 36.444314436303195 0.15293907241759483 0.019353851293473442 6.083729151297284 32.0 7.081332683038521 32.0 0.8057213563006372 36.1276621192476 
103.47 53.23 24.0 -1.0 0.013232401061537776 12.105254354210055 0.03434421429849707 0.011059343596270537 -0.03755208643498083 4.0 -1.0 -1.0 -1.0 -1.0 
103.47 53.23 24.0 -1.0 19.72231918824971 71.41028807536658 0.01803954679244718 0.07879782312342758 1.6046356770948003 2.0 -1.0 -1.0 -1.0 -1.0 
103.47 53.23 24.0 -1.0 0.556201918195 142.82057615073316 0.020669574344802204 0.03041319488974398 0.8710513428138019 8.0 -1.0 -1.0 -1.0 -1.0 
103.47 53.23 24.0 -1.0 93.54537 214.23086422609973 0.027399571714836615 0.02073626924300726 2.006760483732814 1.0 -1.0 -1.0 -1.0 -1.0 
103.47 53.23 24.0 -1.0 3.913921625337 37.858379546706495 2.5184893228948133 0.06082638977948796 64.23429962612592 8.0 65.07010145578055 16.0 3.91391949960962 37.84802698206892 
103.47 53.23 24.0 -1.0 0.02576495639342834 19.625509714082142 7.852166481863492 0.02350110514207489 18.893663495580547 32.0 -1.0 -1.0 -1.0 -1.0 
103.47 53.23 24.0 -1.0 118.39117415362412 0.0 2.8916525901591505 0.027648358990676344 59.44120816980386 4.0 -1.0 -1.0 -1.0 -1.0 
