0.51 51.14 25.0 -1.0 1.331095114579 62.275610700166716 0.9274632919026741 0.02350110514207489 49.998022547125466 32.0 51.09137831687462 32.0 1.3311061290247987 62.33792679399587 
0.51 51.14 25.0 -1.0 0.06001451524461525 0.0 0.07069438789280923 0.011059343596270537 0.01662942268055485 1.0 -1.0 -1.0 -1.0 -1.0 
0.51 51.14 25.0 -1.0 0.637841 90.36334804686794 0.05120011389792241 0.07050331542622468 0.49489986107393125 1.0 -1.0 -1.0 -1.0 -1.0 
0.51 51.14 25.0 -1.0 0.0026009143477348545 180.72669609373588 0.1408688215493602 0.03317803078881161 15.722709334284737 1.0 -1.0 -1.0 -1.0 -1.0 
0.51 51.14 25.0 -1.0 0.006199146970031602 271.0900441406038 0.2211742042623624 0.022118687192541075 -0.2848261252331735 1.0 -1.0 -1.0 -1.0 -1.0 
0.51 51.14 25.0 -1.0 1.1031415866 14.043868673350612 2.244063301440265 0.024883523091608708 118.11339304554915 32.0 118.68824111206291 32.0 1.1031261237803847 14.066512701891925 
0.51 51.14 25.0 -1.0 273.329343 66.61348519386574 1.4471583393489862 0.01520659744487199 36.801244866970045 1.0 36.801244729641425 1.0 273.3295938620965 66.58823998449559 
0.51 51.14 25.0 -1.0 2.810123369 21.743595899666392 4.55896110054426 0.02073626924300726 374.46919597220335 32.0 374.8460384269592 32.0 2.810126413047935 21.75755561803427 
0.51 51.14 25.0 -1.0 41.90529550804039 14.830108425333563 3.567428154787054 0.015206597444871992 216.59388939757812 8.0 216.59389648910118 8.0 41.90527154908826 14.876096166749013 
0.51 51.14 25.0 -1.0 1.35225504146 81.19958817892874 8.879629380191977 0.15621322829732134 79.27500664953789 4.0 79.50935661310513 4.0 1.3523579885562262 81.767929950566 
0.54 53.47 25.0 -1.0 200.37770740535 128.86287865468557 0.04898566485950711 0.013824179495338172 1.272158919657246 2.0 -1.0 -1.0 -1.0 -1.0 
0.54 53.47 25.0 -1.0 30.277356639727 26.21146538387644 0.020231617380748475 0.04700221028414978 0.9033123979017649 1.0 -1.0 -1.0 -1.0 -1.0 
0.54 53.47 25.0 -1.0 12.922440399828183 58.09192211821918 0.1687029637463298 0.027648358990676344 2.0924014896177736 16.0 -1.0 -1.0 -1.0 -1.0 
0.54 53.47 25.0 -1.0 0.006401806174508402 91.64869349920518 0.733814955527616 0.019353851293473442 -0.911613849256939 8.0 -1.0 -1.0 -1.0 -1.0 
0.54 53.47 25.0 -1.0 1.07069638835 39.07337049084837 0.04738791128666746 0.017971433343939622 1.4736617020269498 16.0 -1.0 -1.0 -1.0 -1.0 
0.54 53.47 25.0 -1.0 41.14202978752838 0.0 0.012396792470772947 0.03041319488974398 1.8711435879824407 8.0 -1.0 -1.0 -1.0 -1.0 
0.54 53.47 25.0 -1.0 283.4409431836 101.5846675865816 0.8027687518828079 0.04700221028414978 8.675206952060517 1.0 -1.0 -1.0 -1.0 -1.0 
0.54 53.47 25.0 -1.0 0.058382341991579746 47.30255148346074 1.1577275299594287 0.03732528463741307 0.12006615812671999 2.0 -1.0 -1.0 -1.0 -1.0 
0.54 53.47 25.0 -1.0 0.002329307852425578 203.1693351731632 5.52807921196648 0.0967692564673672 18.62120234087413 1.0 -1.0 -1.0 -1.0 -1.0 
0.54 53.47 25.0 -1.0 190.93359639710968 304.7540027597448 3.2587519580827187 0.06082638977948796 41.95034674809974 1.0 41.95034639650992 1.0 190.9337394560377 304.706976585587 
0.57 55.81 25.0 -1.0 0.02564682529668454 67.15440640680136 0.05134179485817342 0.019353851293473442 0.35764524855464497 1.0 -1.0 -1.0 -1.0 -1.0 
0.57 55.81 25.0 -1.0 216.171230573016 112.66630463483045 0.9788115150922859 0.016589015394405805 16.513138743634634 1.0 16.5131387801111 1.0 216.17161110043529 112.63329954824253 
0.57 55.81 25.0 -1.0 0.0061707241767125064 9.11629765729635 0.36749930800564984 0.06497364362808941 0.5963905655764089 8.0 -1.0 -1.0 -1.0 -1.0 
0.57 55.81 25.0 -1.0 219.60994148422 187.3712323837437 0.29197558324778966 0.019353851293473442 2.756255386327708 1.0 -1.0 -1.0 -1.0 -1.0 
0.57 55.81 25.0 -1.0 35.2051272362 133.85647743366053 0.8990738776476154 0.052531882082285056 11.278021728633432 2.0 11.27802093382012 2.0 35.204963448146984 133.88486550074114 
0.57 55.81 25.0 -1.0 11.002505558416281 115.97183241133104 0.06643275117531311 0.022118687192541075 2.73929025739879 1.0 -1.0 -1.0 -1.0 -1.0 
0.57 55.81 25.0 -1.0 0.04060817251068504 85.70015698443095 1.4401769029678595 0.016589015394405805 21.466389895555675 32.0 22.804801203434646 32.0 0.0405937801891317 91.88772326127962 
0.57 55.81 25.0 -1.0 1.2195270126 0.0 2.8657989853219537 0.017971433343939622 131.91336063361632 32.0 -1.0 -1.0 -1.0 -1.0 
0.57 55.81 25.0 -1.0 1.3318972453758 231.94366482266207 1.1697870538702462 0.023501105142074888 60.00315999217448 32.0 60.134429089817445 32.0 1.3318943577663354 231.94566268155606 
0.57 55.81 25.0 -1.0 1.913437903034 347.9154972339931 1.0707867049863953 0.017971433343939622 67.71695327281434 32.0 68.43196867397145 32.0 1.9134252700799457 347.81729608922694 
1.01 50.75 25.0 -1.0 0.300752 53.85288429852693 0.8077755972425452 0.024883523091608708 27.301468819828525 16.0 28.209899884078187 32.0 0.3007395813862483 54.03969627921071 
1.01 50.75 25.0 -1.0 0.38111810388 120.25089047446083 0.5512824124502966 0.011059343596270537 57.73696782762204 32.0 57.887169408342075 32.0 0.38110859653291607 120.32434246438488 
1.01 50.75 25.0 -1.0 0.12810409868802855 70.98180070806337 0.5801981739716652 0.013824179495338172 18.263970535596187 32.0 -1.0 -1.0 -1.0 -1.0 
1.01 50.75 25.0 -1.0 285.714286 0.0 0.018290527158198625 0.052531882082285056 0.5796976934073054 1.0 -1.0 -1.0 -1.0 -1.0 
1.01 50.75 25.0 -1.0 4.785639252319 89.34378465255861 0.45558126544987076 0.026265941041142528 16.94294792563862 8.0 17.150233610594967 16.0 4.785639854768912 89.35777493360122 
1.01 50.75 25.0 -1.0 0.4900680581299 178.68756930511722 0.03102767079536638 0.03317803078881161 0.23813344023269195 32.0 -1.0 -1.0 -1.0 -1.0 
1.01 50.75 25.0 -1.0 32.24841717640974 268.03135395767583 0.18557815499596547 0.008294507697202903 3.6717326859575152 1.0 -1.0 -1.0 -1.0 -1.0 
1.01 50.75 25.0 -1.0 0.2753933549 170.8334652237492 1.598528457188781 0.029030776940210157 57.65502766076876 16.0 57.86106723374439 16.0 0.27539499569684267 169.9113296868816 
1.01 50.75 25.0 -1.0 0.09286608621532814 39.45816111868175 1.177896444097934 0.016589015394405805 44.34851613798397 32.0 45.94104773237694 32.0 0.09285940905101597 42.09834017256864 
1.01 50.75 25.0 -1.0 0.0022659592781795216 89.29017302060389 1.1269514080539556 0.07465056927482613 7.141619956896317 1.0 -1.0 -1.0 -1.0 -1.0 
1.07 53.47 25.0 -1.0 1.9044838568495 107.39286103100473 0.7512553516355123 0.011059343596270537 68.42446193405229 32.0 70.53326566227403 32.0 1.904481905512512 107.37100702667146 
1.07 53.47 25.0 -1.0 5.573313146877565 24.51192263189837 0.02068385874245953 0.03041319488974398 0.8884562284084461 2.0 -1.0 -1.0 -1.0 -1.0 
1.07 53.47 25.0 -1.0 1.20192026148 144.43650410846115 0.02161889455822978 0.02350110514207489 1.8497790301366712 2.0 -1.0 -1.0 -1.0 -1.0 
1.07 53.47 25.0 -1.0 1.96633214751 102.12279766514659 0.2589055225122902 0.03041319488974398 4.264143399884437 16.0 -1.0 -1.0 -1.0 -1.0 
1.07 53.47 25.0 -1.0 1.27150751219 306.36839299543976 0.019477308940258127 0.045619792334615966 0.5966245311423813 8.0 -1.0 -1.0 -1.0 -1.0 
1.07 53.47 25.0 -1.0 0.016123450298072245 111.77436720145657 1.7427059838365526 0.011059343596270537 4.361434119994447 32.0 -1.0 -1.0 -1.0 -1.0 
1.07 53.47 25.0 -1.0 2.721551083248 40.38339253605256 7.399236668657115 0.04147253848601452 291.1132912537902 16.0 294.7774987479038 32.0 2.7215416290952517 40.37797530974732 
1.07 53.47 25.0 -1.0 9.043798163 29.843265804336266 1.4411721851752102 0.11474068981130682 11.25651340226667 4.0 11.412444562606444 4.0 9.043772782509526 29.650994400390893 
1.07 53.47 25.0 -1.0 0.827339092144 0.0 1.6987247418078029 0.02626594104114253 34.07019855145715 32.0 -1.0 -1.0 -1.0 -1.0 
1.07 53.47 25.0 -1.0 0.33054565343 204.24559533029318 1.2243590363412018 0.02211868719254107 61.96057933530291 32.0 62.23824942079363 32.0 0.33054069111434126 204.41982487641502 
10.08 57.37 25.0 -1.0 1.656287 36.3293022855479 0.2599809307044156 0.02626594104114253 6.358479338172902 16.0 6.789246194578466 16.0 1.6563111178887389 36.431255918569015 
10.08 57.37 25.0 -1.0 41.52190886805399 72.98688139897725 0.12142508910525404 0.022118687192541075 4.115136993332006 2.0 -1.0 -1.0 -1.0 -1.0 
10.08 57.37 25.0 -1.0 0.23601548 74.95654236626599 0.021396021878122888 0.012441761545804354 -0.04632067694990034 1.0 -1.0 -1.0 -1.0 -1.0 
10.08 57.37 25.0 -1.0 182.77088751407 0.0 0.11689791918721565 0.026265941041142528 -0.2052758154631317 1.0 -1.0 -1.0 -1.0 -1.0 
10.08 57.37 25.0 -1.0 2.77431 121.57185192543285 0.07627605773872714 0.04009012053648069 1.1589071027102755 2.0 -1.0 -1.0 -1.0 -1.0 
10.08 57.37 25.0 -1.0 0.03125021007535721 243.1437038508657 0.010886886377494362 0.012441761545804354 1.019680347887342 1.0 -1.0 -1.0 -1.0 -1.0 
10.08 57.37 25.0 -1.0 1.05458870231 196.30954307311123 2.276856886482729 0.01520659744487199 130.37801593230515 32.0 130.4800896283843 32.0 1.0545894231957695 196.32399022784415 
10.08 57.37 25.0 -1.0 0.3153112714669291 48.18374329237828 2.284735257039562 0.0967692564673672 1.0806848546218708 4.0 -1.0 -1.0 -1.0 -1.0 
10.08 57.37 25.0 -1.0 17.173278 33.6666124593983 1.0090214299640743 0.03732528463741306 27.50515362903031 8.0 -1.0 -1.0 -1.0 -1.0 
10.08 57.37 25.0 -1.0 1.5822121160900091 364.7155557762986 4.190465082706482 0.04147253848601452 135.248109088828 16.0 135.37039790808493 16.0 1.5822176161843042 364.6161529850116 
10.21 53.47 25.0 -1.0 3.151527962212 58.57603207550632 0.04631978945546261 0.09400442056829957 1.4856566627981447 2.0 -1.0 -1.0 -1.0 -1.0 
10.21 53.47 25.0 -1.0 8.0048537226 102.47792442839352 0.02454929382500733 0.031795612839277794 1.1952119344473702 2.0 -1.0 -1.0 -1.0 -1.0 
10.21 53.47 25.0 -1.0 2.3817202891513642 124.50419986419348 0.013283494223444606 0.02211868719254107 0.6787837992939352 16.0 -1.0 -1.0 -1.0 -1.0 
10.21 53.47 25.0 -1.0 0.4894559945292 235.78058178540996 0.04997696479538971 0.02350110514207489 1.0333795053151387 8.0 -1.0 -1.0 -1.0 -1.0 
10.21 53.47 25.0 -1.0 0.02339470897630482 78.55335165681326 0.32565014443166246 0.011059343596270537 0.45041417690728214 2.0 -1.0 -1.0 -1.0 -1.0 
10.21 53.47 25.0 -1.0 286.94469953049 200.85793714780098 0.24195710181010072 0.03456044873834543 3.0826293829234164 1.0 -1.0 -1.0 -1.0 -1.0 
10.21 53.47 25.0 -1.0 1.24979366967 301.2869057217015 0.15941172158710837 0.04838462823368359 1.9716690168496465 1.0 -1.0 -1.0 -1.0 -1.0 
10.21 53.47 25.0 -1.0 0.0011691147583034471 174.31190615061936 7.873894997730062 0.02073626924300726 17.95355841073247 2.0 -1.0 -1.0 -1.0 -1.0 
10.21 53.47 25.0 -1.0 20.555127172801054 0.0 4.437769249299626 0.02350110514207489 240.94408510800318 16.0 -1.0 -1.0 -1.0 -1.0 
10.21 53.47 25.0 -1.0 0.74884614571 100.42896857390049 1.6823741714892713 0.1354769590543141 5.377855175481951 4.0 -1.0 -1.0 -1.0 -1.0 
10.45 56.59 25.0 -1.0 0.38243974963539146 62.20306801564492 0.02378141128096147 0.03732528463741307 0.9391863402262322 1.0 -1.0 -1.0 -1.0 -1.0 
10.45 56.59 25.0 -1.0 0.87459446131105 63.675744935970215 0.18699378944626133 0.06497364362808941 0.7762529085033876 1.0 -1.0 -1.0 -1.0 -1.0 
10.45 56.59 25.0 -1.0 6.1450029089 35.09879993441971 0.03408421179748744 0.12856486930664499 2.148398288087911 4.0 -1.0 -1.0 -1.0 -1.0 
10.45 56.59 25.0 -1.0 0.63414571572 154.45575795316566 0.8745692016830849 0.08294507697202903 6.01223973448092 8.0 6.539444578570511 16.0 0.6340997060760856 155.54122318566826 
10.45 56.59 25.0 -1.0 216.39545569709 0.0 0.07744420018433866 0.12441761545804357 1.550514381453567 1.0 -1.0 -1.0 -1.0 -1.0 
10.45 56.59 25.0 -1.0 376.9298261707306 233.73486549734443 0.07923004251845867 0.07603298722435994 0.4958471901890733 1.0 -1.0 -1.0 -1.0 -1.0 
10.45 56.59 25.0 -1.0 0.017513879323249357 97.96807893783082 2.027359157379195 0.017971433343939622 3.968005547503961 32.0 -1.0 -1.0 -1.0 -1.0 
10.45 56.59 25.0 -1.0 1.383 156.80502827844649 3.8120458523394793 0.019353851293473442 222.28837476688005 32.0 222.51356831106264 32.0 1.383007960005974 156.7555983829539 
10.45 56.59 25.0 -1.0 19.979243 116.86743274867221 1.9329856184653071 0.04423737438508215 32.8945396577634 8.0 33.46276443351701 8.0 19.979173278746508 116.88361273874226 
10.45 56.59 25.0 -1.0 472.12241705279166 350.60229824601663 8.95354868677502 0.011059343596270537 148.70170929380416 1.0 148.7017094770788 1.0 472.1223376691342 350.54964028311963 
10.91 58.16 25.0 -1.0 0.061127902757480396 107.31329375498888 0.18673560055177577 0.16589015394405807 -0.35577723973386643 2.0 -1.0 -1.0 -1.0 -1.0 
10.91 58.16 25.0 -1.0 360.00001677848144 44.54657022797985 0.2793473877157862 0.01520659744487199 -inf 1.0 -1.0 -1.0 -1.0 -1.0 
10.91 58.16 25.0 -1.0 0.5141946062 60.00150275605449 0.010230597298425086 0.009676925646736721 1.2992584612877427 16.0 -1.0 -1.0 -1.0 -1.0 
10.91 58.16 25.0 -1.0 2.00370471529 22.462683796932016 0.04898566485950711 0.06635606157762322 -0.01715821062376762 4.0 -1.0 -1.0 -1.0 -1.0 
10.91 58.16 25.0 -1.0 394.6557978760348 112.42705819442534 0.09236268504401966 0.013824179495338172 0.3385126003313703 1.0 -1.0 -1.0 -1.0 -1.0 
10.91 58.16 25.0 -1.0 0.0028122545094976382 0.0 0.023197252173213976 0.019353851293473442 7.330006550708787 1.0 -1.0 -1.0 -1.0 -1.0 
10.91 58.16 25.0 -1.0 0.0017041687807023307 126.253162049198 0.01881600642729693 0.017971433343939622 8.572668477349982 2.0 -1.0 -1.0 -1.0 -1.0 
10.91 58.16 25.0 -1.0 0.08316833041187337 378.759486147594 0.2427943207491718 0.024883523091608708 1.3573900945410773 4.0 -1.0 -1.0 -1.0 -1.0 
10.91 58.16 25.0 -1.0 43.478261 94.58570226128035 8.344342835781115 0.08018024107296139 142.40222953726695 4.0 142.40222576997007 4.0 43.47821231931448 94.6200674551723 
10.91 58.16 25.0 -1.0 0.6139461101519665 252.506324098396 2.2784303842545164 0.012441761545804354 174.95244116518037 32.0 175.4759903323825 32.0 0.6139392401867857 252.59004103541182 
100.02 56.73 25.0 -1.0 7.16816991526 53.71479925840724 0.8049901736525529 0.058061553880420315 15.427381346626074 4.0 15.45196703436392 4.0 7.168273441493512 53.53370661367502 
100.02 56.73 25.0 -1.0 0.28238416279484624 48.44042085957432 0.03329294667906999 0.024883523091608708 1.499768348087273 1.0 -1.0 -1.0 -1.0 -1.0 
100.02 56.73 25.0 -1.0 0.07943282347242814 100.58835456853747 0.14949183117699152 0.02211868719254107 0.33654843884951674 1.0 -1.0 -1.0 -1.0 -1.0 
100.02 56.73 25.0 -1.0 0.513208827209361 0.0 0.2094267259147316 0.016589015394405805 1.8985390001801066 32.0 -1.0 -1.0 -1.0 -1.0 
100.02 56.73 25.0 -1.0 0.01919987137799134 220.66322012523173 0.42870960754281573 0.027648358990676344 0.9571735054769268 2.0 -1.0 -1.0 -1.0 -1.0 
100.02 56.73 25.0 -1.0 7.146916389768 54.067895720253794 2.7305090755433166 0.026265941041142528 157.29278516906584 32.0 158.37757903002577 32.0 7.146930632491907 54.03969627921071 
100.02 56.73 25.0 -1.0 122.285985983522 78.78464804951268 2.3568787118632564 0.08985716671969811 17.52469334259221 1.0 17.542139004549497 1.0 122.28556443005802 78.73199195735194 
100.02 56.73 25.0 -1.0 65.44272043545732 61.39464730356982 1.000691083300461 0.013824179495338172 41.39510426368128 4.0 41.395102840905395 4.0 65.44263063309094 61.42714539603165 
100.02 56.73 25.0 -1.0 1.3559 73.55440670841058 7.575092471847536 0.18247916933846384 42.55256988516027 8.0 42.60013866098612 8.0 1.3558747014030814 73.57089736888798 
100.02 56.73 25.0 -1.0 0.2656936554 147.10881341682116 1.4907929892623273 0.009676925646736721 208.41637964116788 32.0 208.54792179056236 32.0 0.2656937188779315 147.2429926708831 
100.08 53.61 25.0 -1.0 0.8283872815447 21.08609083964617 0.022440633014402626 0.08432749492156286 0.9471685253782357 2.0 -1.0 -1.0 -1.0 -1.0 
100.08 53.61 25.0 -1.0 0.331159372546 49.92717731031777 0.09767849958473801 0.02350110514207489 1.4506921982918917 16.0 -1.0 -1.0 -1.0 -1.0 
100.08 53.61 25.0 -1.0 41.331532895411904 31.7462812085784 0.3624565276670133 0.026265941041142528 7.357420867048023 4.0 -1.0 -1.0 -1.0 -1.0 
100.08 53.61 25.0 -1.0 1.2175987727243358 0.0 0.25659070741590534 0.022118687192541075 3.1117009086229275 32.0 -1.0 -1.0 -1.0 -1.0 
100.08 53.61 25.0 -1.0 3.1349986738 78.08882307615632 0.04838028995267969 0.08018024107296139 -2.9962569570799213 4.0 -1.0 -1.0 -1.0 -1.0 
100.08 53.61 25.0 -1.0 0.63329 156.17764615231263 0.2495972085532893 0.035942866687879244 0.9231303298200209 16.0 -1.0 -1.0 -1.0 -1.0 
100.08 53.61 25.0 -1.0 0.432591 234.26646922846894 0.0893501137040289 0.008294507697202903 5.268672791470955 32.0 -1.0 -1.0 -1.0 -1.0 
100.08 53.61 25.0 -1.0 0.053255632400813185 42.68761945537258 3.564964467376913 0.017971433343939622 85.80586131607225 32.0 89.43129915674825 32.0 0.0532660730338345 50.598966553568076 
100.08 53.61 25.0 -1.0 403.19004 94.84055079876411 7.717715212936165 0.011059343596270537 229.14267219423314 1.0 229.14267067581383 1.0 403.1899152323604 94.82246332138658 
100.08 53.61 25.0 -1.0 155.80651370922 98.33147028221664 6.106306195835793 0.01520659744487199 201.66038847962898 2.0 201.66038385608812 2.0 155.806386222442 98.36439098013635 
100.21 56.34 25.0 -1.0 214.17920930254553 77.8177232085759 0.8413806099381735 0.015206597444871989 23.714750573963162 1.0 23.714750102034433 1.0 214.1789688418309 77.82121055938771 
100.21 56.34 25.0 -1.0 1.571303667847 46.32797104915218 0.3218479632114377 0.016589015394405805 12.291010375220221 32.0 13.990725474927407 32.0 1.571303679763029 46.34865336306836 
100.21 56.34 25.0 -1.0 5.624773541142281 31.09170753943101 0.48047209186097195 0.024883523091608708 18.538414244034445 8.0 21.419843618567093 16.0 5.624800299604734 31.168963396997935 
100.21 56.34 25.0 -1.0 0.00798179997924418 16.629419679695676 0.03647171584892765 0.038707702586946884 0.8856028294111293 8.0 -1.0 -1.0 -1.0 -1.0 
100.21 56.34 25.0 -1.0 0.08992626475834413 142.14615651739868 0.5433422881577106 0.03317803078881161 4.178978829224886 16.0 -1.0 -1.0 -1.0 -1.0 
100.21 56.34 25.0 -1.0 403.8289771809141 0.0 0.06043355297779757 0.02350110514207489 1.3971845155126634 1.0 -1.0 -1.0 -1.0 -1.0 
100.21 56.34 25.0 -1.0 0.19236888 73.70459546865118 0.1880301197971938 0.009676925646736721 10.590662945658698 32.0 11.954418831786763 32.0 0.19235812942497435 74.98766843238788 
100.21 56.34 25.0 -1.0 0.32533198207 147.40919093730236 0.6229876651759418 0.031795612839277794 11.671635468141101 16.0 12.072062299628543 16.0 0.32535657131423557 148.659763734383 
100.21 56.34 25.0 -1.0 0.001 221.11378640595353 0.46096331762909104 0.031795612839277794 16.641936911553938 1.0 -1.0 -1.0 -1.0 -1.0 
100.21 56.34 25.0 -1.0 0.9776359779173 17.801439949674226 2.6034039182959794 0.05529671798135269 52.94827293693081 8.0 54.191521881866194 8.0 0.9776461714257797 17.9120341599631 
100.25 50.89 25.0 -1.0 0.18673188762149356 94.25349840340115 0.03843779585134257 0.019353851293473442 1.8169317003033139 1.0 -1.0 -1.0 -1.0 -1.0 
100.25 50.89 25.0 -1.0 2.001221096605 74.24547168717449 0.2612412205509468 0.03732528463741307 3.5041729663366508 8.0 -1.0 -1.0 -1.0 -1.0 
100.25 50.89 25.0 -1.0 1.0039074133 86.89760622831783 0.04388986413237252 0.016589015394405805 0.5984446738793023 8.0 -1.0 -1.0 -1.0 -1.0 
100.25 50.89 25.0 -1.0 0.887461 59.11685344708642 0.4337742088609802 0.06635606157762322 4.189336860805573 16.0 -1.0 -1.0 -1.0 -1.0 
100.25 50.89 25.0 -1.0 3.94387060473 0.0 0.011308508805438178 0.013824179495338172 0.2579370913050085 1.0 -1.0 -1.0 -1.0 -1.0 
100.25 50.89 25.0 -1.0 0.5335414804559 81.72396206517588 0.019531206551487337 0.009676925646736721 0.35060049598320425 16.0 -1.0 -1.0 -1.0 -1.0 
100.25 50.89 25.0 -1.0 27.081210144530587 163.44792413035177 0.019249898452225304 0.05529671798135269 1.5656437908922105 1.0 -1.0 -1.0 -1.0 -1.0 
100.25 50.89 25.0 -1.0 0.90987906068 245.17188619552763 0.08133753921050117 0.022118687192541075 2.834056765334218 2.0 -1.0 -1.0 -1.0 -1.0 
100.25 50.89 25.0 -1.0 133.7931495240541 92.90491817130254 4.929118702665705 0.022118687192541075 140.29148220652 2.0 140.29147890178024 2.0 133.7932189926505 92.89970259235098 
100.25 50.89 25.0 -1.0 305.33963750348 105.80224911828199 1.6627313382536486 0.03732528463741307 21.555499853765067 1.0 21.795488924229478 1.0 305.339926853776 105.85303803006441 
100.28 51.67 25.0 -1.0 3.845941 84.38025217647592 0.014135625524915008 0.045619792334615966 1.7811732604125095 4.0 -1.0 -1.0 -1.0 -1.0 
100.28 51.67 25.0 -1.0 1.6206459261456 65.43034736228023 0.26800494928589735 0.017971433343939622 11.12651987819885 16.0 11.773724811557136 32.0 1.62065892557924 65.27266685410282 
100.28 51.67 25.0 -1.0 0.5192453694 209.19824766181583 0.013883988696557655 0.011059343596270537 -0.48391019715953765 1.0 -1.0 -1.0 -1.0 -1.0 
100.28 51.67 25.0 -1.0 1.4847663170749 59.025086168706444 0.033040902788145476 0.035942866687879244 0.9872845433179025 4.0 -1.0 -1.0 -1.0 -1.0 
100.28 51.67 25.0 -1.0 0.309406057802 22.09210841859037 0.07322956741270123 0.09123958466923193 -1.3053663045145454 2.0 -1.0 -1.0 -1.0 -1.0 
100.28 51.67 25.0 -1.0 0.04330665317205839 0.0 0.2576565006292009 0.03041319488974398 2.316054482776347 2.0 -1.0 -1.0 -1.0 -1.0 
100.28 51.67 25.0 -1.0 1.97605646475 161.12253251457705 0.030265516847765527 0.008294507697202903 1.9368346843623416 1.0 -1.0 -1.0 -1.0 -1.0 
100.28 51.67 25.0 -1.0 0.17834482179281347 241.68379877186558 0.24685347425290805 0.02350110514207489 2.095507889080615 16.0 -1.0 -1.0 -1.0 -1.0 
100.28 51.67 25.0 -1.0 0.663249 8.798170092305137 1.9639449623086547 0.022118687192541075 106.7837830095767 32.0 108.0620211344122 32.0 0.6632338530228784 8.90541811342798 
100.28 51.67 25.0 -1.0 79.859813034659 80.56126625728852 2.3946272691937414 0.15621322829732134 26.11065623443027 2.0 26.110655446460132 2.0 79.8599406455954 80.55355475328038 
100.41 57.12 25.0 -1.0 207.74778 70.6904341686747 0.017816610368291103 0.024883523091608708 0.19916416641050771 1.0 -1.0 -1.0 -1.0 -1.0 
100.41 57.12 25.0 -1.0 2.0185616445690817 83.44073333774854 0.4053785697483141 0.045619792334615966 4.331134231670424 4.0 -1.0 -1.0 -1.0 -1.0 
100.41 57.12 25.0 -1.0 366.300366 28.037647662606254 0.44870942982718154 0.04147253848601452 4.316575811667693 1.0 -1.0 -1.0 -1.0 -1.0 
100.41 57.12 25.0 -1.0 0.349120841186 11.709458420578018 0.5467310982077168 0.06635606157762322 0.9550059914512425 2.0 -1.0 -1.0 -1.0 -1.0 
100.41 57.12 25.0 -1.0 125.67957571331455 40.787946831680095 0.01396093456155592 0.012441761545804354 1.2387482070613518 1.0 -1.0 -1.0 -1.0 -1.0 
100.41 57.12 25.0 -1.0 42.48702306928289 72.27337947367877 0.015974245037904646 0.017971433343939622 1.6368908385004393 4.0 -1.0 -1.0 -1.0 -1.0 
100.41 57.12 25.0 -1.0 0.2114000287413236 104.79965286417327 5.577950391413091 0.10091651031596865 23.709613716542634 8.0 28.483601899395268 16.0 0.21142720167214674 106.76381942802864 
100.41 57.12 25.0 -1.0 0.009119667231422064 0.0 2.421243143225896 0.016589015394405805 4.740773916068879 32.0 -1.0 -1.0 -1.0 -1.0 
100.41 57.12 25.0 -1.0 5.3938234402 144.54675894735755 1.3912793572153865 0.009676925646736721 157.59134970255244 32.0 157.83687405218393 32.0 5.393818961844469 144.5106484769904 
100.41 57.12 25.0 -1.0 155.2642352611918 216.82013842103632 2.0231617380748497 0.09400442056829957 21.816230032783086 1.0 21.81623004559593 1.0 155.26408484826487 216.76597271548562 
100.43 55.56 25.0 -1.0 1.8198438376 84.18309913429913 0.38650820329757885 0.022118687192541075 22.069507022238113 16.0 22.202684093964145 16.0 1.8198382652675114 84.09548241203015 
100.43 55.56 25.0 -1.0 85.82492752912856 141.61413469530785 0.3422578637740942 0.047002210284149776 2.2541767299521576 2.0 -1.0 -1.0 -1.0 -1.0 
100.43 55.56 25.0 -1.0 0.18502349945466165 106.20502302657403 0.029420284267010578 0.019353851293473442 -0.08462178202040684 1.0 -1.0 -1.0 -1.0 -1.0 
100.43 55.56 25.0 -1.0 0.014176715704922844 39.64838779794581 0.8100108739552656 0.0884747487701643 0.4093649290306825 8.0 -1.0 -1.0 -1.0 -1.0 
100.43 55.56 25.0 -1.0 0.448544888919 0.0 0.09436207443402565 0.012441761545804354 -0.20785115093696335 4.0 -1.0 -1.0 -1.0 -1.0 
100.43 55.56 25.0 -1.0 1.01726312363 74.36582809822926 0.013655686293546998 0.013824179495338172 2.16170856816504 1.0 -1.0 -1.0 -1.0 -1.0 
100.43 55.56 25.0 -1.0 1.961158 148.73165619645852 0.029542486429437985 0.019353851293473442 3.1462694788208436 32.0 -1.0 -1.0 -1.0 -1.0 
100.43 55.56 25.0 -1.0 0.011163339112402308 17.024040455730248 4.017541726172728 0.11474068981130682 -0.6797269805112865 4.0 -1.0 -1.0 -1.0 -1.0 
100.43 55.56 25.0 -1.0 1.75672140249 173.6541374402995 1.1207402013097798 0.03041319488974398 52.77006434886743 16.0 53.97349138484932 16.0 1.7567193329644701 173.65565321184565 
100.43 55.56 25.0 -1.0 0.211461 223.09748429468777 2.1708692319540637 0.02073626924300726 136.18479803299658 32.0 136.31426596044594 32.0 0.21145751816220584 222.93904663502096 
100.76 58.29 25.0 -1.0 30.941845872428992 24.558370255512468 0.24179000477558196 0.03317803078881161 2.935712306565965 4.0 -1.0 -1.0 -1.0 -1.0 
100.76 58.29 25.0 -1.0 0.05204590379634869 108.03574897811278 0.2820622945323253 0.01520659744487199 0.5069911136192325 1.0 -1.0 -1.0 -1.0 -1.0 
100.76 58.29 25.0 -1.0 1.887929 7.8418143648503325 0.02366668409085583 0.015206597444871989 0.8392985698748605 8.0 -1.0 -1.0 -1.0 -1.0 
100.76 58.29 25.0 -1.0 2.763031441157 33.49635221975048 0.025998093070441555 0.009676925646736721 1.4090931357413399 4.0 -1.0 -1.0 -1.0 -1.0 
100.76 58.29 25.0 -1.0 0.1110946838287312 0.0 0.17596429038250608 0.03732528463741307 1.4546952889083988 4.0 -1.0 -1.0 -1.0 -1.0 
100.76 58.29 25.0 -1.0 0.07586509688910567 70.26012709152194 0.06255753505687536 0.02073626924300726 1.5182507846949387 4.0 -1.0 -1.0 -1.0 -1.0 
100.76 58.29 25.0 -1.0 0.5038612089543385 140.52025418304387 0.0477164215599067 0.06082638977948796 2.3715683958023144 1.0 -1.0 -1.0 -1.0 -1.0 
100.76 58.29 25.0 -1.0 1.2772231067 43.27754002967132 4.673766019198573 0.03041319488974398 225.7849709039655 32.0 226.26487505101855 32.0 1.2772337261897824 43.312715369854274 
100.76 58.29 25.0 -1.0 0.0589214070427993 83.07685594590097 2.316522291218108 0.011059343596270537 170.01104532379023 32.0 173.68122929862716 32.0 0.05893525667488576 87.23261833835137 
100.76 58.29 25.0 -1.0 475.63324237057 210.7803812745658 7.429970658615064 0.024883523091608708 55.89516647771368 1.0 -1.0 -1.0 -1.0 -1.0 
100.93 59.87 25.0 -1.0 3.85557384197 49.52535834037706 0.5878640843281208 0.08294507697202903 3.8283483242321843 8.0 -1.0 -1.0 -1.0 -1.0 
100.93 59.87 25.0 -1.0 1.6796163131267552 38.937601171447916 0.5589522870375587 0.01520659744487199 45.88753080690655 32.0 46.27907776881742 32.0 1.6796244987441848 38.96120424624742 
100.93 59.87 25.0 -1.0 1.53421102151 116.73104477172653 0.014511629160490114 0.0483846282336836 1.7893591682398489 4.0 -1.0 -1.0 -1.0 -1.0 
100.93 59.87 25.0 -1.0 0.402608307097 33.13273044562576 0.015963213127890254 0.03041319488974398 1.0145377359126642 2.0 -1.0 -1.0 -1.0 -1.0 
100.93 59.87 25.0 -1.0 0.005893565998000033 0.0 0.037107094110569866 0.011059343596270537 4.404741387877031 1.0 -1.0 -1.0 -1.0 -1.0 
100.93 59.87 25.0 -1.0 0.602381 68.12547228579312 0.010767210665768977 0.12580003340757737 0.40761912244858717 2.0 -1.0 -1.0 -1.0 -1.0 
100.93 59.87 25.0 -1.0 2.63060738985 136.25094457158625 0.030496389432454397 0.03041319488974398 0.40051872066879673 1.0 -1.0 -1.0 -1.0 -1.0 
100.93 59.87 25.0 -1.0 5.57793607323 204.37641685737938 0.034037150528824646 0.015206597444871992 1.5915216140189483 2.0 -1.0 -1.0 -1.0 -1.0 
100.93 59.87 25.0 -1.0 1.077041 100.44061530524675 2.9237928159364768 0.017971433343939622 289.695507521857 32.0 289.9197955642853 32.0 1.0770539423295609 100.48954757538621 
100.93 59.87 25.0 -1.0 1.952192814966 58.069146943875865 1.3128400626408168 0.011059343596270537 176.22002135194452 32.0 177.87486152631067 32.0 1.9522000608655314 58.08761360349616 
100.97 57.51 25.0 -1.0 0.00200154586452612 0.0 0.015820489688171065 0.024883523091608708 6.673203006877364 1.0 -1.0 -1.0 -1.0 -1.0 
100.97 57.51 25.0 -1.0 15.527492 70.82396835267491 0.052780347741142236 0.03456044873834543 2.380413176128898 8.0 -1.0 -1.0 -1.0 -1.0 
100.97 57.51 25.0 -1.0 14.764634113955472 141.64793670534982 0.28976518526871875 0.019353851293473442 6.152039008892418 4.0 6.495880251872922 4.0 14.764615722621482 141.57590841688346 
100.97 57.51 25.0 -1.0 264.19215 212.47190505802473 0.24313001890783234 0.029030776940210157 2.3372132048057273 1.0 -1.0 -1.0 -1.0 -1.0 
100.97 57.51 25.0 -1.0 0.7310895701613709 47.747211787716935 1.0344308644015945 0.029030776940210157 45.91683203569114 16.0 46.603155121145186 32.0 0.7310821577751389 47.765424426568266 
100.97 57.51 25.0 -1.0 3.35439493491 21.313063383658246 2.616024242085719 0.012441761545804354 378.6890850971567 32.0 378.87367245406847 32.0 3.3543983590789144 21.25156595249859 
100.97 57.51 25.0 -1.0 0.08053550660879588 68.35904776194276 2.6837550477380816 0.009676925646736721 156.2786116197476 32.0 157.94599636513325 32.0 0.08052059759696326 71.34454284053099 
100.97 57.51 25.0 -1.0 0.5179474679231207 37.95127737110033 9.495060794807577 0.016589015394405805 929.5300565623656 32.0 929.727355762037 32.0 0.5179572326596826 37.94922491517605 
100.97 57.51 25.0 -1.0 0.6658 64.87416003021798 1.8404604644167517 0.005529671798135269 249.61956936503026 32.0 250.41721994655907 32.0 0.6658107546779017 64.96907305478142 
100.97 57.51 25.0 -1.0 0.04451736104321768 103.27167302550258 2.3962821561103094 0.022118687192541075 41.14380239986241 32.0 43.547408220851594 32.0 0.04450460740675529 112.73449748134968 
102.59 57.91 25.0 -1.0 262.467192 86.0366656229106 0.01073008247981086 0.013824179495338172 3.052915025232249 1.0 -1.0 -1.0 -1.0 -1.0 
102.59 57.91 25.0 -1.0 6.529534776236 20.216487302861623 0.04278220124780196 0.031795612839277794 0.9947159405921254 2.0 -1.0 -1.0 -1.0 -1.0 
102.59 57.91 25.0 -1.0 2.344843177122 66.79348964455987 0.9495060794807577 0.017971433343939622 29.699033974139507 32.0 36.34339449846841 32.0 2.344828923620905 66.79063585070986 
102.59 57.91 25.0 -1.0 0.5218245 131.07259170079993 0.40650033336668473 0.016589015394405805 7.776698098415081 32.0 12.152293767916564 32.0 0.5218377433872472 131.557313039277 
102.59 57.91 25.0 -1.0 0.0622619458025739 67.58430509572496 0.029440616134162323 0.024883523091608708 2.9800445430374096 4.0 -1.0 -1.0 -1.0 -1.0 
102.59 57.91 25.0 -1.0 22.123454483967848 135.16861019144991 0.07277566768974914 0.04700221028414978 0.9630388730035799 1.0 -1.0 -1.0 -1.0 -1.0 
102.59 57.91 25.0 -1.0 144.36064852719 118.31815788585514 1.4918232514016505 0.024883523091608708 36.30369923786781 1.0 36.30369986034286 1.0 144.36081983149052 118.30038380224217 
102.59 57.91 25.0 -1.0 1.318507618098 33.09258503337028 2.8976518526871895 0.04700221028414978 72.36258526448157 16.0 72.36258677005432 16.0 1.3185247856502733 33.091724126033526 
102.59 57.91 25.0 -1.0 0.003213163116512112 0.0 3.0161153352657677 0.019353851293473442 20.607984064376925 4.0 -1.0 -1.0 -1.0 -1.0 
102.59 57.91 25.0 -1.0 0.59787312095 202.7529152871749 9.313156686783001 0.03456044873834543 421.57564313534743 16.0 447.301142554287 32.0 0.597871500455464 202.69946001359372 
103.46 52.84 25.0 -1.0 1.04963855904 199.84113013167484 0.24942483521495204 0.01520659744487199 9.064766396230631 32.0 9.26750741596028 32.0 1.0496478353161365 200.06831375280817 
103.46 52.84 25.0 -1.0 1.847821569887 0.0 0.20641035137348443 0.027648358990676344 1.582759078313937 32.0 -1.0 -1.0 -1.0 -1.0 
103.46 52.84 25.0 -1.0 20.555127172801054 71.89104012184266 0.1988519494617879 0.013824179495338174 8.43487705246236 8.0 8.77528078187467 8.0 20.555065323909126 71.95173043917382 
103.46 52.84 25.0 -1.0 0.323807374468 143.78208024368533 0.9541089281125668 0.024883523091608708 40.04186454018749 32.0 40.242714633881185 32.0 0.3238104303212216 143.80226294524047 
103.46 52.84 25.0 -1.0 2.56494355823 121.47924931479685 8.241221733286439 0.035942866687879244 423.09880272705834 32.0 423.5087427329309 32.0 2.5649266414499534 121.53871766167052 
103.46 52.84 25.0 -1.0 0.458716 188.3877421014623 2.2255366134225922 0.1354769590543141 7.5845961052698385 4.0 7.766049898293153 4.0 0.45887039353450143 185.5970093184877 
103.46 52.84 25.0 -1.0 1.01833 90.52706132354446 3.3338978978598517 0.04700221028414978 118.04159780466718 32.0 118.29644621786922 32.0 1.0183309010850887 90.47095219777972 
103.46 52.84 25.0 -1.0 2.154678722 25.516681807422703 2.4179000477558192 0.02073626924300726 200.65165894596637 32.0 200.95625564178064 32.0 2.1546838979702443 25.50187914299831 
103.46 52.84 25.0 -1.0 4.134153088718341 77.11085161583784 1.0097187478241296 0.031795612839277794 36.01559911821655 16.0 36.519531424059316 16.0 4.134138483398905 77.11282502763774 
103.46 52.84 25.0 -1.0 0.1641860045408534 215.673120365528 5.5587161453463745 0.08018024107296139 38.21311254381175 8.0 38.67171818053209 8.0 0.16419411016007265 215.55159751819997 
103.48 59.87 25.0 -1.0 0.2863042079434276 109.82879283484459 0.03962413512363727 0.016589015394405805 0.8658413820230234 2.0 -1.0 -1.0 -1.0 -1.0 
103.48 59.87 25.0 -1.0 78.64901308403884 25.64156616352217 0.11099528494691152 0.019353851293473442 -0.24420745592139625 1.0 -1.0 -1.0 -1.0 -1.0 
103.48 59.87 25.0 -1.0 0.7348954975 61.04397020198028 0.017366966733617498 0.017971433343939622 0.663223740266055 8.0 -1.0 -1.0 -1.0 -1.0 
103.48 59.87 25.0 -1.0 0.6960691594487 0.0 0.011689791918721566 0.019353851293473442 0.8521989939018456 8.0 -1.0 -1.0 -1.0 -1.0 
103.48 59.87 25.0 -1.0 0.5390034 193.64805141167537 0.015336228543394134 0.04423737438508215 0.36135264777499077 4.0 -1.0 -1.0 -1.0 -1.0 
103.48 59.87 25.0 -1.0 1.2373625970827 69.60407008436457 5.1840772815238205 0.026265941041142528 293.71652681331096 32.0 294.2467690118771 32.0 1.2373675417620689 69.62417797770968 
103.48 59.87 25.0 -1.0 5.226034457691527 103.16663365036452 4.370831420364764 0.04423737438508215 173.5393189745914 16.0 173.56092717137915 16.0 5.226077822347483 103.12069383617174 
103.48 59.87 25.0 -1.0 3.8174542497 66.85399274658499 1.949076938320466 0.056679135930886505 61.310434230802976 8.0 61.43611762535165 8.0 3.817452428241571 66.89183378381699 
103.48 59.87 25.0 -1.0 16.52 64.54935047055845 6.307830111759223 0.06359122567855559 162.15703195985319 16.0 162.78797989064668 16.0 16.520001130023353 64.56428132235287 
103.48 59.87 25.0 -1.0 1.76044 129.0987009411169 8.332821508477364 0.026265941041142528 481.59317421672733 32.0 481.7915863500198 32.0 1.7604482612417391 129.12856264470574 
