0.54 53.86 26.0 -1.0 0.73182352685 76.54300852777124 0.1507362899294123 0.011059343596270537 3.5865571411091794 16.0 -1.0 -1.0 -1.0 -1.0 
0.54 53.86 26.0 -1.0 0.918687 18.816952523080698 0.21980329748814836 0.012441761545804354 9.155789223909919 16.0 9.396982656357325 32.0 0.9186805982608349 18.822815557927324 
0.54 53.86 26.0 -1.0 0.16193798815580443 95.39106345171653 0.12859110287031283 0.006912089747669086 2.9147299998596887 32.0 -1.0 -1.0 -1.0 -1.0 
0.54 53.86 26.0 -1.0 1.3595755985905091 192.24393974406908 0.016286253188600722 0.022118687192541075 0.40067239649629877 8.0 -1.0 -1.0 -1.0 -1.0 
0.54 53.86 26.0 -1.0 108.99208433293131 11.570093121629785 0.7424839476044562 0.008294507697202903 32.213595450725194 2.0 33.15817273924605 4.0 108.99214733702442 11.53656437421352 
0.54 53.86 26.0 -1.0 247.524752 207.32860416339824 0.07491822145372189 0.017971433343939622 1.8851302460330182 2.0 -1.0 -1.0 -1.0 -1.0 
0.54 53.86 26.0 -1.0 0.80482359167 310.99290624509734 0.020812863367917687 0.03732528463741307 0.7255845177529011 1.0 -1.0 -1.0 -1.0 -1.0 
0.54 53.86 26.0 -1.0 2.34798414425 53.776051094886824 2.616024242085719 0.022118687192541075 355.25538878910686 32.0 356.1264435730767 32.0 2.347981838587051 53.83730041299643 
0.54 53.86 26.0 -1.0 1.681870311647 0.0 2.555293228442345 0.08432749492156286 6.201538149302614 8.0 -1.0 -1.0 -1.0 -1.0 
0.54 53.86 26.0 -1.0 8.798944 103.66430208169912 3.263257652567187 0.02350110514207489 225.30112847549213 16.0 225.35701818387494 16.0 8.798936808792254 103.62668350170742 
0.56 55.42 26.0 -1.0 7.652855786949726 35.858933410924706 0.017093196386209177 0.02350110514207489 2.0881007230497097 2.0 -1.0 -1.0 -1.0 -1.0 
0.56 55.42 26.0 -1.0 1.040808 5.783698937245921 0.011738347460803673 0.013824179495338172 0.5805621978442962 1.0 -1.0 -1.0 -1.0 -1.0 
0.56 55.42 26.0 -1.0 280.05934666221 75.80047783637595 0.08246917104001704 0.05391430003181887 1.648325689762239 1.0 -1.0 -1.0 -1.0 -1.0 
0.56 55.42 26.0 -1.0 0.15466454073272803 39.09100046409155 0.020928209455409966 0.026265941041142528 -0.18800633499257505 2.0 -1.0 -1.0 -1.0 -1.0 
0.56 55.42 26.0 -1.0 0.9634551343 0.0 0.026689634983127077 0.02350110514207489 0.3242395672320598 2.0 -1.0 -1.0 -1.0 -1.0 
0.56 55.42 26.0 -1.0 3.47908898733 113.39452092847444 0.5209207739914885 0.015206597444871992 34.636708576969525 32.0 34.8804817900364 32.0 3.479090082691983 113.34168507999249 
0.56 55.42 26.0 -1.0 67.89342705373309 226.78904185694887 0.4524447535090559 0.09815167441690101 2.4692299805459648 1.0 -1.0 -1.0 -1.0 -1.0 
0.56 55.42 26.0 -1.0 42.33082901464 340.1835627854233 0.9574103317852701 0.1534483923982537 6.554276231983823 1.0 -1.0 -1.0 -1.0 -1.0 
0.56 55.42 26.0 -1.0 4.553007013785445 153.71030469692394 1.0954787571223317 0.009676925646736721 133.56998677171077 32.0 133.9906046422006 32.0 4.552991110055397 153.7196603897398 
0.56 55.42 26.0 -1.0 0.093458 55.89774914055911 1.0648850507038305 0.011059343596270537 65.1404700259977 32.0 65.87886536580154 32.0 0.09346573885219793 56.670842539996244 
1.09 54.25 26.0 -1.0 1.51644671422 45.39277770322394 0.22973973914223517 0.006912089747669086 10.76305780149753 32.0 11.002063361093876 32.0 1.5164611492461215 45.539069898211274 
1.09 54.25 26.0 -1.0 1.20192026148 75.71847307457608 0.6805864343010567 0.024883523091608708 15.143702300568522 4.0 15.166576858947847 4.0 1.201988197863102 75.8984498303521 
1.09 54.25 26.0 -1.0 1.056982 60.84292145031283 0.020884879949607416 0.012441761545804354 1.7016690922070314 8.0 -1.0 -1.0 -1.0 -1.0 
1.09 54.25 26.0 -1.0 1.861701334345 56.05465376009933 0.1829052715819863 0.01520659744487199 4.43206977265793 16.0 -1.0 -1.0 -1.0 -1.0 
1.09 54.25 26.0 -1.0 6.2435670953068 76.35690876660455 0.01889416191528595 0.022118687192541075 -5.308404146438912 32.0 -1.0 -1.0 -1.0 -1.0 
1.09 54.25 26.0 -1.0 0.2647885245599424 0.0 0.01139477280912332 0.02073626924300726 1.3348506335754806 2.0 -1.0 -1.0 -1.0 -1.0 
1.09 54.25 26.0 -1.0 0.12178933067437142 106.39530807654388 0.01079700569219006 0.005529671798135269 -0.3587976637895773 32.0 -1.0 -1.0 -1.0 -1.0 
1.09 54.25 26.0 -1.0 0.0017278259805078627 319.18592422963167 0.03446305200337579 0.01382417949533817 13.142086589880732 2.0 -1.0 -1.0 -1.0 -1.0 
1.09 54.25 26.0 -1.0 111.01410225980808 65.1842841561064 2.2863141994216765 0.016589015394405805 55.463829659997465 2.0 55.527753597753026 2.0 111.014135958006 65.1714689209957 
1.09 54.25 26.0 -1.0 2.493726035378311 212.79061615308777 3.394322283922102 0.03732528463741307 108.54182859180777 16.0 112.7632244074276 32.0 2.493743522791192 212.81925332430734 
1.12 55.03 26.0 -1.0 1.57640600257 29.279141676781315 0.4144400774340963 0.015206597444871989 24.168158911503156 32.0 25.178983618703857 32.0 1.5763968500929575 29.24620266796235 
1.12 55.03 26.0 -1.0 0.24376693115469222 48.92084378113689 0.2102966154965115 0.04147253848601452 -0.15768954204177069 16.0 -1.0 -1.0 -1.0 -1.0 
1.12 55.03 26.0 -1.0 1.83822897314 78.73354612628779 0.4891802863108921 0.017971433343939622 24.507054590265774 32.0 25.39315755405331 32.0 1.8382403747333835 78.73199195735194 
1.12 55.03 26.0 -1.0 0.1695534857809868 53.422761920505316 0.19585253308191686 0.03041319488974398 0.7141500706874305 1.0 -1.0 -1.0 -1.0 -1.0 
1.12 55.03 26.0 -1.0 10.851860484610608 177.87578781771245 0.9815200824138256 0.008294507697202903 88.49390009635493 16.0 88.52288503396677 16.0 10.851848249634108 177.90596640234537 
1.12 55.03 26.0 -1.0 1.46195913357 0.0 0.06611226376675328 0.009676925646736721 1.0672662650715785 1.0 -1.0 -1.0 -1.0 -1.0 
1.12 55.03 26.0 -1.0 1.456156651265 111.14735672974047 0.10797005692190066 0.06082638977948796 1.6679191528936148 2.0 -1.0 -1.0 -1.0 -1.0 
1.12 55.03 26.0 -1.0 0.059192803223618355 222.29471345948093 0.16569978014778386 0.0884747487701643 0.43888075943617805 1.0 -1.0 -1.0 -1.0 -1.0 
1.12 55.03 26.0 -1.0 0.027986834622936625 35.28169919593922 6.466675494927621 0.008294507697202903 125.56431896125207 32.0 -1.0 -1.0 -1.0 -1.0 
1.12 55.03 26.0 -1.0 6.367831993811255 333.4420701892214 3.533090934950551 0.04285495643554833 92.94989956132319 8.0 92.98456820887509 8.0 6.367796837973098 333.34599165490647 
1.52 50.75 26.0 -1.0 0.402416 21.77313328279502 0.26708079744159313 0.006912089747669087 12.833147723438877 16.0 13.033177401663233 16.0 0.40242108904446167 22.36474321667709 
1.52 50.75 26.0 -1.0 1.97100259922 51.3663833166062 0.031897039414008975 0.012441761545804354 0.9108637949125463 1.0 -1.0 -1.0 -1.0 -1.0 
1.52 50.75 26.0 -1.0 15.601712435858618 109.18704107497575 0.10954787571223316 0.006912089747669086 5.278280953399269 32.0 -1.0 -1.0 -1.0 -1.0 
1.52 50.75 26.0 -1.0 25.04606456529942 22.951507039797455 0.1815205892117379 0.06082638977948797 -1.4342812188081127 16.0 -1.0 -1.0 -1.0 -1.0 
1.52 50.75 26.0 -1.0 0.018003508283191087 24.210224462050057 0.7118446715675184 0.013824179495338172 1.1887402807116818 2.0 -1.0 -1.0 -1.0 -1.0 
1.52 50.75 26.0 -1.0 1.2060310902 68.2921154626412 0.027023598159184342 0.008294507697202903 3.0413338723000423 32.0 -1.0 -1.0 -1.0 -1.0 
1.52 50.75 26.0 -1.0 219.86646769721 0.0 0.12656401135534617 0.01520659744487199 2.515701229985598 1.0 -1.0 -1.0 -1.0 -1.0 
1.52 50.75 26.0 -1.0 1.286630319971419 178.52362418586912 0.4781541800948389 0.016589015394405805 34.52626934069322 32.0 35.31147706314959 32.0 1.2866318381081026 178.51315400098818 
1.52 50.75 26.0 -1.0 438.596491 89.26181209293456 3.511191734215134 0.011059343596270537 96.97903131943424 1.0 96.9790312625282 1.0 438.59666523834073 89.25657700049409 
1.52 50.75 26.0 -1.0 1.072164206927 267.7854362788037 1.0901939067768154 0.04423737438508215 26.299718242679244 16.0 26.496176685503023 16.0 1.072172987430046 267.6685330683751 
1.53 51.14 26.0 -1.0 0.306679 40.72483133690064 0.01139477280912332 0.012441761545804354 0.8454746318355323 1.0 -1.0 -1.0 -1.0 -1.0 
1.53 51.14 26.0 -1.0 43.47456989576457 105.98269359964505 0.210587380891587 0.017971433343939622 3.3921540168291173 2.0 -1.0 -1.0 -1.0 -1.0 
1.53 51.14 26.0 -1.0 3.8234726081391104 80.16849328100722 0.06977251350936198 0.016589015394405805 1.6790659836276538 8.0 -1.0 -1.0 -1.0 -1.0 
1.53 51.14 26.0 -1.0 2.66269 0.0 0.013292674224474204 0.04285495643554833 0.9775823093869299 1.0 -1.0 -1.0 -1.0 -1.0 
1.53 51.14 26.0 -1.0 224.2514676922058 35.00045745420376 1.5063219053801964 0.11612310776084063 11.61007823576057 1.0 11.61007792313428 1.0 224.25180456290644 35.01448485506911 
1.53 51.14 26.0 -1.0 346.5319964932129 45.24981259655627 1.1015499634878994 0.031795612839277794 13.367771640996962 1.0 -1.0 -1.0 -1.0 -1.0 
1.53 51.14 26.0 -1.0 8.78410420217902 214.33691352212165 4.245831905831737 0.006912089747669086 448.85906012530415 32.0 448.88063029202243 32.0 8.784112045153355 214.33722232091435 
1.53 51.14 26.0 -1.0 2.61730216935 90.85399119537472 3.7779632217278136 0.022118687192541075 227.45452404181404 32.0 227.5174249039846 32.0 2.617313536272074 90.87574393020826 
1.53 51.14 26.0 -1.0 305.10813096872624 181.70798239074944 1.9871462110558444 0.012441761545804356 67.4110630978244 1.0 67.41106219204218 1.0 305.108066337804 181.75148786041652 
1.53 51.14 26.0 -1.0 322.350432991279 272.56197358612417 6.018357026646762 0.027648358990676344 98.94371309905796 1.0 98.94371458326859 1.0 322.350145628055 272.52603385751763 
1.64 54.25 26.0 -1.0 0.83791449172 59.826966398307256 0.4173131271082114 0.030413194889743977 6.578112824153711 16.0 6.696250112100657 16.0 0.8378871522533398 59.9091763994246 
1.64 54.25 26.0 -1.0 0.287793 2.1321312493013758 0.027799974940797726 0.02350110514207489 1.5726157881792888 1.0 -1.0 -1.0 -1.0 -1.0 
1.64 54.25 26.0 -1.0 1.5521802701 69.97845697333918 0.13219411484660293 0.07465056927482613 0.05865598799191832 16.0 -1.0 -1.0 -1.0 -1.0 
1.64 54.25 26.0 -1.0 113.59445777689413 58.585875074087056 0.34013644267283705 0.022118687192541075 4.39785816665831 1.0 -1.0 -1.0 -1.0 -1.0 
1.64 54.25 26.0 -1.0 0.378469127638 0.0 0.5643846033609969 0.016589015394405805 7.883221097381213 32.0 -1.0 -1.0 -1.0 -1.0 
1.64 54.25 26.0 -1.0 0.797415129552 212.13114787825327 0.07429970658615055 0.06635606157762322 1.8210279103597526 1.0 -1.0 -1.0 -1.0 -1.0 
1.64 54.25 26.0 -1.0 0.7349682846 92.31810080930285 9.51476003621078 0.022118687192541075 550.5009925496561 32.0 551.627910567298 32.0 0.7349626685027033 92.39371292681531 
1.64 54.25 26.0 -1.0 3.165827392 179.2263163591843 9.332478534822057 0.013824179495338172 883.7207406616656 32.0 883.7487055819374 32.0 3.165829790911327 179.22153953273815 
1.64 54.25 26.0 -1.0 0.23601548 106.06557393912664 1.1285095808786585 0.011059343596270537 63.50554403049712 32.0 63.62052056982634 32.0 0.2360138751100749 106.3590276956001 
1.64 54.25 26.0 -1.0 101.26565703902918 318.1967218173799 1.2192944889752988 0.027648358990676344 18.157842402785025 1.0 18.157842199584096 1.0 101.26580794652304 318.1663016888361 
10.11 50.75 26.0 -1.0 2.095566761976 120.93338601034922 0.011363328206185328 0.016589015394405805 0.6324174658064863 8.0 -1.0 -1.0 -1.0 -1.0 
10.11 50.75 26.0 -1.0 0.028245247079937107 145.7176603548483 0.9160015100623795 0.03041319488974398 1.0187030457739832 1.0 -1.0 -1.0 -1.0 -1.0 
10.11 50.75 26.0 -1.0 376.9298261707307 86.89169164696833 0.20626780313931212 0.011059343596270537 2.623265812596109 1.0 -1.0 -1.0 -1.0 -1.0 
10.11 50.75 26.0 -1.0 502.512563 10.564663767945795 0.25359484088336137 0.026265941041142528 0.5300463356460665 1.0 -1.0 -1.0 -1.0 -1.0 
10.11 50.75 26.0 -1.0 1.864197737742 0.0 0.013571044086248001 0.02073626924300726 1.4653298098019134 8.0 -1.0 -1.0 -1.0 -1.0 
10.11 50.75 26.0 -1.0 3.137129383962 94.94858169221992 3.2768121491207345 0.1354769590543141 15.885408255710841 4.0 18.60755666216574 4.0 3.1371503913154206 95.02485918760084 
10.11 50.75 26.0 -1.0 0.404783 38.84381425790171 3.5723606386236626 0.04423737438508215 83.4424359851073 32.0 84.29943029522954 32.0 0.4047857752690713 38.96120424624742 
10.11 50.75 26.0 -1.0 2.740348781061 88.91925338021044 1.2656401135534623 0.038707702586946884 53.96895502568425 16.0 54.140537845424525 16.0 2.7403681694219513 88.95298320117269 
10.11 50.75 26.0 -1.0 1.077041 177.83850676042087 1.6905296892060868 0.03456044873834543 74.1782348060832 16.0 74.33760113728059 16.0 1.0770236258395016 177.90596640234537 
10.11 50.75 26.0 -1.0 230.08774629142 266.7577601406313 5.834136656680635 0.03456044873834543 95.8949806655958 1.0 95.89497921300455 1.0 230.08809269716343 266.75775167041087 
10.19 51.14 26.0 -1.0 5.4671245678 48.3086779117194 0.2650588651678506 0.07188573337575849 0.7901871270406983 1.0 -1.0 -1.0 -1.0 -1.0 
10.19 51.14 26.0 -1.0 0.04576191622055099 175.6309317677614 0.04854769522709862 0.009676925646736721 1.6233380053319393 1.0 -1.0 -1.0 -1.0 -1.0 
10.19 51.14 26.0 -1.0 1.10480469655 106.19229310745729 0.2702359815918434 0.038707702586946884 2.2320403931398802 8.0 -1.0 -1.0 -1.0 -1.0 
10.19 51.14 26.0 -1.0 28.48536893779174 0.0 0.044808988095352435 0.038707702586946884 2.0290893788312583 8.0 -1.0 -1.0 -1.0 -1.0 
10.19 51.14 26.0 -1.0 134.6485499129762 271.2175577985863 0.01587523167959527 0.09538683851783337 0.8585156991668857 2.0 -1.0 -1.0 -1.0 -1.0 
10.19 51.14 26.0 -1.0 0.014911777391988974 43.15502894864995 3.2904229465847132 0.013824179495338172 14.290574416427258 32.0 -1.0 -1.0 -1.0 -1.0 
10.19 51.14 26.0 -1.0 0.10227486326885736 193.2075871786509 2.0683858742459553 0.10644618211410393 2.9167280228447177 1.0 -1.0 -1.0 -1.0 -1.0 
10.19 51.14 26.0 -1.0 6.096446 102.23212074636183 4.093183418410042 0.02073626924300726 380.3297770652298 32.0 380.3654793862308 32.0 6.096433935454116 102.20991243820751 
10.19 51.14 26.0 -1.0 0.7977939826066957 90.40585259952877 3.720977686506908 0.016589015394405805 361.771314219742 32.0 361.94314410100475 32.0 0.7977784359051536 90.36975426467258 
10.19 51.14 26.0 -1.0 0.837963 180.81170519905754 8.595941066946327 0.13409454110478025 55.89369345717073 4.0 57.66722825728139 8.0 0.8379477852334579 181.44789406109513 
10.62 50.75 26.0 -1.0 2.93069668519 80.50880892740726 0.022658727867683442 0.049767046183217416 1.464978190195715 1.0 -1.0 -1.0 -1.0 -1.0 
10.62 50.75 26.0 -1.0 157.728707 30.788277510215774 0.11481694855213496 0.024883523091608708 2.8917163283212326 2.0 -1.0 -1.0 -1.0 -1.0 
10.62 50.75 26.0 -1.0 5.281575552287 0.0 0.04667312786258836 0.02350110514207489 1.422760063261476 2.0 -1.0 -1.0 -1.0 -1.0 
10.62 50.75 26.0 -1.0 2.398082 89.00028529189001 0.014292740593793148 0.016589015394405805 1.2830038535198847 2.0 -1.0 -1.0 -1.0 -1.0 
10.62 50.75 26.0 -1.0 56.753362383623575 88.57304119807955 2.7857651076758985 0.08985716671969811 43.28087227485127 4.0 43.28087160595939 4.0 56.75343951831262 88.54819146874414 
10.62 50.75 26.0 -1.0 132.80495704844444 84.86135813310125 2.28947535848214 0.012441761545804354 73.30539512912588 2.0 73.3607088428435 2.0 132.8051439486444 84.90506587688722 
10.62 50.75 26.0 -1.0 0.181653469655067 47.343986145370835 1.8673560055177587 0.02350110514207489 74.73503226830371 32.0 75.20314975837094 32.0 0.18165640843411288 47.765424426568266 
10.62 50.75 26.0 -1.0 0.07279135971847846 85.18179120345908 9.306724964577999 0.058061553880420315 33.71594368634023 16.0 -1.0 -1.0 -1.0 -1.0 
10.62 50.75 26.0 -1.0 20.936465284527372 178.00057058378002 4.453124799663493 0.023501105142074895 173.8943536269446 8.0 174.55470796492668 8.0 20.936446768852573 178.00716433545247 
10.62 50.75 26.0 -1.0 2.693893 267.00085587567 6.52050794085705 0.052531882082285056 182.82547177860343 16.0 187.118701194526 32.0 2.6938929901613546 266.9601475366252 
10.84 53.86 26.0 -1.0 7.143097114084384 151.30813606906395 0.34273108462333635 0.027648358990676344 6.0928751812807045 4.0 6.372361089852777 8.0 7.143171387724579 151.08851412895427 
10.84 53.86 26.0 -1.0 306.16744090851 103.3585908185308 0.37030268042243025 0.009676925646736721 9.012018087207398 1.0 -1.0 -1.0 -1.0 -1.0 
10.84 53.86 26.0 -1.0 14.10148032791797 55.10207024629129 0.11045981726559997 0.02764835899067634 2.216379395223244 16.0 -1.0 -1.0 -1.0 -1.0 
10.84 53.86 26.0 -1.0 112.410451 14.888303102758371 0.6484570079997871 0.029030776940210157 11.525426326224443 2.0 11.525426362648707 2.0 112.41063475608827 14.876096166749013 
10.84 53.86 26.0 -1.0 19.45228340285901 141.73050603182557 0.7988960042935234 0.052531882082285056 11.781327303056429 4.0 12.016478492133823 4.0 19.45227268151939 141.67710634999062 
10.84 53.86 26.0 -1.0 1.582028 0.0 0.7217484146096123 0.0884747487701643 1.5797442786629365 8.0 -1.0 -1.0 -1.0 -1.0 
10.84 53.86 26.0 -1.0 0.23601548 204.62974944945836 0.031897039414008975 0.008294507697202903 -0.4045042118850937 32.0 -1.0 -1.0 -1.0 -1.0 
10.84 53.86 26.0 -1.0 1.69722951782 1.2279012868254326 6.717113988391871 0.017971433343939622 511.36858476103356 32.0 -1.0 -1.0 -1.0 -1.0 
10.84 53.86 26.0 -1.0 1.372129046511402 102.31487472472918 3.525776067212197 0.015206597444871992 429.4286643157368 32.0 429.43976897700844 32.0 1.3721243400747578 102.31111037131465 
10.84 53.86 26.0 -1.0 0.90383 306.94462417418754 2.58726720796165 0.04009012053648069 87.50915362032752 32.0 87.57888839667649 32.0 0.9038255181318771 306.93333111394395 
10.94 49.98 26.0 -1.0 7.309127642388547 53.41719332428443 0.010715267077965671 0.02903077694021016 -0.08592111634001291 1.0 -1.0 -1.0 -1.0 -1.0 
10.94 49.98 26.0 -1.0 208.68683313306 70.92890070354233 0.02020368287586113 0.03456044873834543 0.708462174915907 2.0 -1.0 -1.0 -1.0 -1.0 
10.94 49.98 26.0 -1.0 394.6557978760348 100.01130658820617 0.01806448906713718 0.027648358990676344 0.6434212684169354 1.0 -1.0 -1.0 -1.0 -1.0 
10.94 49.98 26.0 -1.0 369.00369 17.952742972513274 0.5943980934483682 0.029030776940210157 7.2435829460778 1.0 -1.0 -1.0 -1.0 -1.0 
10.94 49.98 26.0 -1.0 0.811008563879 0.0 0.17584276838177054 0.11612310776084063 1.4548025959258246 2.0 -1.0 -1.0 -1.0 -1.0 
10.94 49.98 26.0 -1.0 2.935047 172.93783909649346 0.1408688215493602 0.013824179495338172 5.794739475757505 16.0 -1.0 -1.0 -1.0 -1.0 
10.94 49.98 26.0 -1.0 1.716827 259.4067586447402 0.2985021714522505 0.03732528463741307 5.820316040803687 16.0 -1.0 -1.0 -1.0 -1.0 
10.94 49.98 26.0 -1.0 1.0102685320583 3.5801712864260575 1.2092281559157927 0.011059343596270537 116.8253136558305 32.0 118.91105042288915 32.0 1.0102667147293687 3.6431255918569017 
10.94 49.98 26.0 -1.0 3.91501633777 85.74250798288493 3.692808065379916 0.012441761545804354 570.6328485242914 32.0 570.7259470265966 32.0 3.9150108932517473 85.71464934174433 
10.94 49.98 26.0 -1.0 0.438658051563 86.46891954824673 7.247463195990202 0.04700221028414978 176.82795390529338 16.0 186.57578970232535 32.0 0.43864929466508334 85.9170452079586 
10.94 54.25 26.0 -1.0 254.160345592754 71.42127360494378 0.044778042737789 0.03732528463741307 1.5339516414223924 1.0 -1.0 -1.0 -1.0 -1.0 
10.94 54.25 26.0 -1.0 177.3983515253884 126.45693102381465 0.7760487235144514 0.06635606157762322 6.027109453794609 1.0 -1.0 -1.0 -1.0 -1.0 
10.94 54.25 26.0 -1.0 0.006921991990574545 50.657821033278864 0.08252616410692565 0.06635606157762322 -0.9885421567435448 8.0 -1.0 -1.0 -1.0 -1.0 
10.94 54.25 26.0 -1.0 3.5199266493480694 122.57941879657602 0.05202015203780409 0.02350110514207489 1.8362745851621392 8.0 -1.0 -1.0 -1.0 -1.0 
10.94 54.25 26.0 -1.0 4.4522836855 81.42775677201121 0.020641035137348444 0.01382417949533817 1.7887826761236787 1.0 -1.0 -1.0 -1.0 -1.0 
10.94 54.25 26.0 -1.0 0.398126805908 0.0 0.07113530673419463 0.022118687192541075 2.760134046349636 2.0 -1.0 -1.0 -1.0 -1.0 
10.94 54.25 26.0 -1.0 0.18249017842308912 208.4475524739734 0.10287295857879503 0.03456044873834543 1.400128066605249 2.0 -1.0 -1.0 -1.0 -1.0 
10.94 54.25 26.0 -1.0 3.3310721050170016 312.6713287109601 0.27475391812400557 0.0483846282336836 2.047232302445029 4.0 -1.0 -1.0 -1.0 -1.0 
10.94 54.25 26.0 -1.0 0.08053550660879588 124.26801283101865 1.0423217498785418 0.1451538847010508 -0.07351155285402312 2.0 -1.0 -1.0 -1.0 -1.0 
10.94 54.25 26.0 -1.0 3.614166 104.2237762369867 1.1770829817060204 0.011059343596270537 117.03629321489412 32.0 117.73328251251391 32.0 3.6141803623953215 104.23387110035024 
100.08 54.78 26.0 -1.0 0.00999758161065713 40.899926824890805 0.327454916287773 0.04285495643554833 -0.5292207310304754 4.0 -1.0 -1.0 -1.0 -1.0 
100.08 54.78 26.0 -1.0 227.583068 88.82631002092961 0.7966913997731381 0.016589015394405805 20.3692575545775 1.0 20.36925721273723 1.0 227.58322302252057 88.85178526806556 
100.08 54.78 26.0 -1.0 5.650681647103313 52.89296636391866 0.2933909711456834 0.019353851293473442 13.263626965245411 16.0 13.30791044880197 16.0 5.650690582115203 52.926519015032206 
100.08 54.78 26.0 -1.0 1.7994801437632277 28.105825484592 0.020913756307675824 0.04700221028414978 0.878170536031668 2.0 -1.0 -1.0 -1.0 -1.0 
100.08 54.78 26.0 -1.0 3.59512083 75.8491088403403 0.2921773626975146 0.04423737438508215 3.199488528567042 2.0 -1.0 -1.0 -1.0 -1.0 
100.08 54.78 26.0 -1.0 1.8515010219 0.0 0.5042782848310833 0.06497364362808941 0.9484785451793073 1.0 -1.0 -1.0 -1.0 -1.0 
100.08 54.78 26.0 -1.0 0.24943292613086243 76.28397096103025 0.021263402654141617 0.019353851293473442 4.084254350374872 4.0 -1.0 -1.0 -1.0 -1.0 
100.08 54.78 26.0 -1.0 2.83973605453 152.5679419220605 0.40509861286192533 0.05667913593088651 4.42006963276606 8.0 -1.0 -1.0 -1.0 -1.0 
100.08 54.78 26.0 -1.0 0.4834468551828811 43.37177466881258 2.848035868435802 0.004147253848601451 759.089344321387 32.0 759.1280065556409 32.0 0.48345706697242957 43.41391330296141 
100.08 54.78 26.0 -1.0 5.038977768452 228.85191288309073 7.776587786236849 0.012441761545804354 824.1663956896577 32.0 824.2395993002026 32.0 5.038994762192791 228.80852675523482 
100.26 53.22 26.0 -1.0 0.7034059825256 39.75513714579544 0.06703206958736198 0.01520659744487199 -0.03049261266000154 16.0 -1.0 -1.0 -1.0 -1.0 
100.26 53.22 26.0 -1.0 1.7784028636 99.364346920549 0.05263469700238243 0.031795612839277794 1.4216341089154572 2.0 -1.0 -1.0 -1.0 -1.0 
100.26 53.22 26.0 -1.0 0.004351665070924416 172.74217984390546 0.7471147983930847 0.04423737438508215 -0.21382583375867234 16.0 -1.0 -1.0 -1.0 -1.0 
100.26 53.22 26.0 -1.0 2.3101681601 156.623962301343 0.10849345518076288 0.011059343596270537 2.8557126470965506 1.0 -1.0 -1.0 -1.0 -1.0 
100.26 53.22 26.0 -1.0 198.412698 234.9359434520145 0.010560935014207013 0.013824179495338172 2.004198443467563 1.0 -1.0 -1.0 -1.0 -1.0 
100.26 53.22 26.0 -1.0 2.518067 68.42018875210184 2.4890842912355797 0.03732528463741307 110.16792612990525 16.0 110.34118100114503 16.0 2.5180876643086476 68.51100071353117 
100.26 53.22 26.0 -1.0 271.99368662141666 167.03266546658378 3.7261224747125095 0.011059343596270537 148.63102316427444 1.0 148.63102455400823 1.0 271.9937280441324 167.07778755988178 
100.26 53.22 26.0 -1.0 58.33999486431003 30.96765411238675 2.3880191423863355 0.012441761545804354 133.59917359370425 8.0 134.78310204215697 8.0 58.339962076085314 30.966567530783667 
100.26 53.22 26.0 -1.0 2.7845043401976133 0.0 2.9583333176866105 0.005529671798135268 731.4879195101296 32.0 -1.0 -1.0 -1.0 -1.0 
100.26 53.22 26.0 -1.0 0.4059835187352174 78.3119811506715 8.560384053524713 0.02350110514207489 587.3744895075696 32.0 588.0252846627051 32.0 0.4059681183813761 78.42839815803052 
100.62 53.61 26.0 -1.0 1.436656496890109 23.841364921664457 0.0860188157826944 0.006912089747669086 3.9679454815034796 32.0 -1.0 -1.0 -1.0 -1.0 
100.62 53.61 26.0 -1.0 1.3407916532 23.17205264409595 0.038704260662198064 0.006912089747669086 0.21468664087442513 4.0 -1.0 -1.0 -1.0 -1.0 
100.62 53.61 26.0 -1.0 126.84002020060367 91.25726708640974 0.061486373360445525 0.1354769590543141 0.5747170098440944 4.0 -1.0 -1.0 -1.0 -1.0 
100.62 53.61 26.0 -1.0 130.38603910501416 92.52665244041899 0.25394547231851056 0.024883523091608708 3.8288290323352507 1.0 -1.0 -1.0 -1.0 -1.0 
100.62 53.61 26.0 -1.0 17.10362772953705 0.0 0.011967620273057575 0.01520659744487199 0.9822278273072502 8.0 -1.0 -1.0 -1.0 -1.0 
100.62 53.61 26.0 -1.0 3.08777735214 76.92475245295996 0.01614064152153893 0.02073626924300726 0.8751981335038179 32.0 -1.0 -1.0 -1.0 -1.0 
100.62 53.61 26.0 -1.0 0.681746765985 230.77425735887988 0.014401769029678588 0.01520659744487199 1.4916107901297482 16.0 -1.0 -1.0 -1.0 -1.0 
100.62 53.61 26.0 -1.0 1.0039074133 1.3847840225555348 8.011067093957555 0.03317803078881161 225.57193835245192 16.0 250.79794049825014 32.0 1.0039002518169582 2.125156595249859 
100.62 53.61 26.0 -1.0 2.7401 104.62043290407065 1.3817009029464065 0.07326815132529231 21.11349252810603 8.0 21.169410459104444 8.0 2.740125637501478 104.63866283277878 
100.62 53.61 26.0 -1.0 0.485834572714 153.84950490591993 3.981621803925185 0.011059343596270537 367.9458838608666 32.0 368.2857348818899 32.0 0.4858217531970392 153.7196603897398 
100.79 53.22 26.0 -1.0 0.0015402990303354702 27.01810902142524 0.16062775223934006 0.04009012053648069 2.615632373603012 1.0 -1.0 -1.0 -1.0 -1.0 
100.79 53.22 26.0 -1.0 19.541882000188995 165.5784455268509 0.10962358241973885 0.016589015394405805 1.220145514139158 1.0 -1.0 -1.0 -1.0 -1.0 
100.79 53.22 26.0 -1.0 0.010419746251239537 162.84887629352198 0.7776587786236845 0.02764835899067634 0.10170642347342684 4.0 -1.0 -1.0 -1.0 -1.0 
100.79 53.22 26.0 -1.0 0.549632 89.33556253488379 0.031897039414008975 0.022118687192541075 0.8301066894839826 16.0 -1.0 -1.0 -1.0 -1.0 
100.79 53.22 26.0 -1.0 1.678134 120.65621289020038 0.9034322499182686 0.038707702586946884 26.220022276446837 16.0 26.393677993126786 16.0 1.6781389907312891 120.72913419681345 
100.79 53.22 26.0 -1.0 2.587111378444781 0.0 0.014038306864969667 0.04700221028414978 0.9513859585860932 2.0 -1.0 -1.0 -1.0 -1.0 
100.79 53.22 26.0 -1.0 4.288817218684 77.09876487021431 0.22518281997730039 0.08570991287109665 2.0720571626945334 2.0 -1.0 -1.0 -1.0 -1.0 
100.79 53.22 26.0 -1.0 2.736203 154.19752974042862 0.02305346836147395 0.016589015394405805 2.972744732194591 1.0 -1.0 -1.0 -1.0 -1.0 
100.79 53.22 26.0 -1.0 0.0021345519190796537 93.33738861425586 7.10370877170873 0.02350110514207489 57.48633216382634 4.0 -1.0 -1.0 -1.0 -1.0 
100.79 53.22 26.0 -1.0 1.2452498914006 231.29629461064295 2.3650339736014043 0.06497364362808941 40.94203930913438 8.0 43.555631405285276 8.0 1.2452801456674933 231.23727714980612 
100.79 56.34 26.0 -1.0 322.40618253567385 29.30253979727346 0.4121558857771904 0.006912089747669086 21.0401923552568 1.0 -1.0 -1.0 -1.0 -1.0 
100.79 56.34 26.0 -1.0 3.04261430719 137.60873258437263 0.3550218032003881 0.022118687192541075 15.314230711663377 16.0 15.377958410048356 16.0 3.0426235753111546 137.52799109259803 
100.79 56.34 26.0 -1.0 2.10134828979 16.479957374841018 0.08350109471768238 0.01520659744487199 3.041066845456996 8.0 -1.0 -1.0 -1.0 -1.0 
100.79 56.34 26.0 -1.0 4.0062614244264 0.0 0.047914619845314046 0.012441761545804354 2.440802773386379 32.0 -1.0 -1.0 -1.0 -1.0 
100.79 56.34 26.0 -1.0 2.262144835535 72.55970664510583 0.043557596393061074 0.019353851293473442 1.3905083429584277 4.0 -1.0 -1.0 -1.0 -1.0 
100.79 56.34 26.0 -1.0 1.31252674625 145.11941329021167 0.01634260681291675 0.012441761545804354 2.1668980169544487 1.0 -1.0 -1.0 -1.0 -1.0 
100.79 56.34 26.0 -1.0 8.351100256070806 217.6791199353175 0.11184198346697538 0.022118687192541075 1.992962088450697 2.0 -1.0 -1.0 -1.0 -1.0 
100.79 56.34 26.0 -1.0 0.23175067534860933 111.02745391240316 3.5871990470852655 0.045619792334615966 94.24306187836572 16.0 94.58148107986682 16.0 0.23173925001174214 111.82371608338546 
100.79 56.34 26.0 -1.0 1.32626 54.75177384111646 1.2691423930010814 0.012441761545804354 170.41923627380453 32.0 171.0892656111095 32.0 1.3262554906153432 54.74808181096066 
100.79 56.34 26.0 -1.0 1.23347493727 115.92572393795035 6.5475919813532695 0.016589015394405805 752.2997050833778 32.0 752.5415153227269 32.0 1.2334870310345045 115.97283134077803 
100.92 50.51 26.0 -1.0 0.5275564140381602 32.31051492542042 0.01079700569219006 0.04285495643554833 0.993847953324067 1.0 -1.0 -1.0 -1.0 -1.0 
100.92 50.51 26.0 -1.0 430.461054545748 74.74385834362845 0.07389020282641437 0.05529671798135269 0.13025650017883705 1.0 -1.0 -1.0 -1.0 -1.0 
100.92 50.51 26.0 -1.0 79.01127601779217 42.748923203354884 0.10330025893658701 0.03732528463741307 -1.0440830055138326 2.0 -1.0 -1.0 -1.0 -1.0 
100.92 50.51 26.0 -1.0 2.8361623824105426 95.54784879523272 0.09403668908068452 0.055296717981352696 2.9936655268247043 8.0 -1.0 -1.0 -1.0 -1.0 
100.92 50.51 26.0 -1.0 2.31540809127 78.19096061215565 0.2905670235181032 0.016589015394405805 10.043340883677265 8.0 10.048811639634588 8.0 2.315452244753639 78.32720022492339 
100.92 50.51 26.0 -1.0 18.953122076237 161.8196036760725 0.2974728571317075 0.026265941041142528 5.35978267994033 4.0 -1.0 -1.0 -1.0 -1.0 
100.92 50.51 26.0 -1.0 1.55000023848 27.18841225880606 6.6203673504604295 0.030413194889743984 375.77519391894737 32.0 376.3175099781046 32.0 1.5499911872514835 27.222244005819622 
100.92 50.51 26.0 -1.0 3.8784760942028 0.0 1.7779723078722471 0.02073626924300726 136.0054561243554 32.0 -1.0 -1.0 -1.0 -1.0 
100.92 50.51 26.0 -1.0 0.654397111 80.90980183803624 1.7366966733617497 0.03456044873834543 77.95513872112001 16.0 78.03314965573439 16.0 0.654411754415681 80.8571485526018 
100.92 50.51 26.0 -1.0 6.2435670953068 242.72940551410875 4.196259004936027 0.08985716671969811 20.89677502296421 8.0 27.13710256704748 16.0 6.243559861710916 242.67264359091251 
101.18 56.73 26.0 -1.0 1.917709448046 87.21772078150418 0.32587519580827184 0.011059343596270537 33.24825854409973 32.0 36.33693834152551 32.0 1.9176998951782784 87.23261833835137 
101.18 56.73 26.0 -1.0 0.0015906536642315901 74.85598536246025 0.5854323911634344 0.06635606157762322 13.711871931029968 4.0 -1.0 -1.0 -1.0 -1.0 
101.18 56.73 26.0 -1.0 1.1401938973 71.40669696997138 0.09468858568438857 0.06635606157762322 2.395339172708452 2.0 -1.0 -1.0 -1.0 -1.0 
101.18 56.73 26.0 -1.0 0.1936 142.81339393994276 0.829835288614627 0.012441761545804354 94.34735518344517 32.0 95.2207837402388 32.0 0.19360110551739734 142.99267948038337 
101.18 56.73 26.0 -1.0 331.119220673 47.19740576803088 1.2921446421017195 0.09123958466923193 10.370520144538434 1.0 10.37052006099604 1.0 331.11912974466884 47.15823682792545 
101.18 56.73 26.0 -1.0 16.952026 66.73623194163241 9.740894952994788 0.006912089747669086 1635.6883448212513 16.0 1635.708133018621 16.0 16.952011113365494 66.68943791760272 
101.18 56.73 26.0 -1.0 0.361768994995 14.332757357609015 1.0287295857879508 0.035942866687879244 14.110603263404824 16.0 14.610573972329176 32.0 0.3617666758752118 15.989273430927511 
101.18 56.73 26.0 -1.0 485.32136651225676 92.14527562791686 2.1544346900318843 0.01520659744487199 29.19392221884598 1.0 29.19392297646221 1.0 485.32092478126293 92.19131706060104 
101.18 56.73 26.0 -1.0 263.852243 0.0 6.977251350936196 0.04700221028414978 111.31227026231383 1.0 -1.0 -1.0 -1.0 -1.0 
101.18 56.73 26.0 -1.0 1.780054548894 214.22009090991412 7.2574838589214705 0.07326815132529231 225.3433138201771 8.0 228.13687412485152 16.0 1.7800630303099754 214.1348264547001 
101.47 51.28 26.0 -1.0 2.813501068854 54.70957621664319 0.02650588651678506 0.06635606157762322 -0.16109445048184334 2.0 -1.0 -1.0 -1.0 -1.0 
101.47 51.28 26.0 -1.0 0.8786229054449949 218.10790139425757 0.020189730090554733 0.03732528463741307 1.5593065089546214 8.0 -1.0 -1.0 -1.0 -1.0 
101.47 51.28 26.0 -1.0 3.86571065372 72.16857534521021 0.21396021878122898 0.09400442056829957 1.3218633377861857 1.0 -1.0 -1.0 -1.0 -1.0 
101.47 51.28 26.0 -1.0 197.17549563595534 15.079297492959364 0.3669918888002356 0.06220880772902178 2.8373244832913085 1.0 -1.0 -1.0 -1.0 -1.0 
101.47 51.28 26.0 -1.0 351.8224344595456 78.53015397505244 0.0154745832551114 0.009676925646736721 0.3309468496971356 1.0 -1.0 -1.0 -1.0 -1.0 
101.47 51.28 26.0 -1.0 10.339123 157.06030795010489 0.012033945513880446 0.03456044873834543 1.2725571146970736 1.0 -1.0 -1.0 -1.0 -1.0 
101.47 51.28 26.0 -1.0 2.012072 235.59046192515734 0.023229325719318777 0.024883523091608708 0.17847856738920073 16.0 -1.0 -1.0 -1.0 -1.0 
101.47 51.28 26.0 -1.0 180.18018 74.17129454349387 1.5104901995060043 0.07603298722435994 16.05595454067154 1.0 16.055954609274448 1.0 180.1798741022746 74.17808496753081 
101.47 51.28 26.0 -1.0 222.677347 141.74539643381803 3.4344214298497104 0.024883523091608708 83.1860172337467 1.0 83.18601751078194 1.0 222.67728733519715 141.77830428309775 
101.47 51.28 26.0 -1.0 0.10417226350910595 0.0 3.6597915125661866 0.08294507697202903 3.0046185059328216 8.0 -1.0 -1.0 -1.0 -1.0 
101.57 59.87 26.0 -1.0 10.175670257180693 115.50277264057888 0.10619464324307946 0.019353851293473442 2.005862815798114 32.0 -1.0 -1.0 -1.0 -1.0 
101.57 59.87 26.0 -1.0 43.770068 80.80764062179969 0.1334788761126311 0.011059343596270537 1.8867882436438916 4.0 -1.0 -1.0 -1.0 -1.0 
101.57 59.87 26.0 -1.0 0.65587872702 164.25315837329183 0.06777711961798843 0.019353851293473442 1.5348571950842222 32.0 -1.0 -1.0 -1.0 -1.0 
101.57 59.87 26.0 -1.0 1.18994040124844 123.17476642998972 0.2521971497542445 0.031795612839277794 6.79296488344399 16.0 6.984179097837707 16.0 1.1899222348195813 123.25908252449184 
101.57 59.87 26.0 -1.0 0.030822335699084488 78.210036425385 0.11084202985753976 0.04285495643554833 1.35437117314094 2.0 -1.0 -1.0 -1.0 -1.0 
101.57 59.87 26.0 -1.0 0.002224686951612138 67.11484330736566 0.5230845071647435 0.022118687192541075 7.768292930077873 1.0 -1.0 -1.0 -1.0 -1.0 
101.57 59.87 26.0 -1.0 2.57955285121 134.22968661473132 0.038891884372128996 0.011059343596270537 1.642005026231325 4.0 -1.0 -1.0 -1.0 -1.0 
101.57 59.87 26.0 -1.0 141.630067516921 201.34452992209697 0.054259207637194926 0.02350110514207489 -0.251895716646801 1.0 -1.0 -1.0 -1.0 -1.0 
101.57 59.87 26.0 -1.0 2.5752495961127124 54.36845992495868 4.222430950316118 0.027648358990676344 283.98102286729375 32.0 284.02306673523856 32.0 2.5752645645601056 54.343290078532114 
101.57 59.87 26.0 -1.0 3.2406434977785 0.0 1.7853574187293069 0.03041319488974398 72.71254331913701 16.0 -1.0 -1.0 -1.0 -1.0 
101.93 50.51 26.0 -1.0 0.945001 41.514801419272075 0.07272540837450231 0.03732528463741307 1.6314985303047496 32.0 -1.0 -1.0 -1.0 -1.0 
101.93 50.51 26.0 -1.0 135.89180814790512 70.54448063797852 0.8437088784453547 0.034560448738345434 3.7947272007056014 2.0 -1.0 -1.0 -1.0 -1.0 
101.93 50.51 26.0 -1.0 2.84799157894 184.7750882953275 0.8855125476097193 0.022118687192541075 63.21470946244713 16.0 63.28003318032712 16.0 2.8479917091317475 184.78742585363062 
101.93 50.51 26.0 -1.0 1.274454 49.8696847066071 0.1271775461173582 0.08985716671969811 1.3385328112455628 1.0 -1.0 -1.0 -1.0 -1.0 
101.93 50.51 26.0 -1.0 3.6685614519101657 0.0 0.09999999999999999 0.03732528463741307 1.0130704271452957 1.0 -1.0 -1.0 -1.0 -1.0 
101.93 50.51 26.0 -1.0 0.447673708967 78.66335027312896 0.3572360638623663 0.017971433343939622 21.484795246112682 32.0 22.771758668358203 32.0 0.4476836087026944 78.73199195735194 
101.93 50.51 26.0 -1.0 0.02438258977499555 235.99005081938685 0.09377718883445076 0.04009012053648069 0.6603795361034196 1.0 -1.0 -1.0 -1.0 -1.0 
101.93 50.51 26.0 -1.0 1.32793661839 42.17563964538897 5.120011389792241 0.029030776940210157 309.34338892204784 32.0 310.1113762859146 32.0 1.3279228975685935 42.19953810567578 
101.93 50.51 26.0 -1.0 1.35299881667 15.010468278940897 1.8227456590093152 0.03456044873834543 70.0294144781425 16.0 73.95248151029234 32.0 1.3529946348474673 14.97729409985615 
101.93 50.51 26.0 -1.0 244.391377738396 157.3267005462579 7.084105633896749 0.008294507697202903 267.97251216116234 2.0 267.97250995527344 2.0 244.39165523896617 157.36278598159672 
101.98 51.28 26.0 -1.0 3.59512083 46.59577838182374 0.042428997086975256 0.03732528463741307 1.8131746863539053 8.0 -1.0 -1.0 -1.0 -1.0 
101.98 51.28 26.0 -1.0 198.864879 41.5138682893838 0.03343123460453117 0.017971433343939622 1.5006011500977192 2.0 -1.0 -1.0 -1.0 -1.0 
101.98 51.28 26.0 -1.0 0.94856118648 46.36372769267123 0.010202365312122569 0.035942866687879244 1.1697606132700837 8.0 -1.0 -1.0 -1.0 -1.0 
101.98 51.28 26.0 -1.0 0.1463663276521618 59.77625752568623 0.024346618121760387 0.03041319488974398 1.3276780713964784 8.0 -1.0 -1.0 -1.0 -1.0 
101.98 51.28 26.0 -1.0 0.129305212778 100.75640923001926 0.10626803258762316 0.013824179495338172 1.9359059333476174 1.0 -1.0 -1.0 -1.0 -1.0 
101.98 51.28 26.0 -1.0 98.51160502017187 0.0 0.26142175999586154 0.022118687192541075 5.607867150410596 2.0 -1.0 -1.0 -1.0 -1.0 
101.98 51.28 26.0 -1.0 195.694716 232.02748408359344 0.011099528494691153 0.08156265902249521 2.826922747128107 1.0 -1.0 -1.0 -1.0 -1.0 
101.98 51.28 26.0 -1.0 361.65820239474675 4.153707335829905 4.781541800948389 0.019353851293473442 87.45325250380186 1.0 87.45325330178785 1.0 361.6577790429195 4.149115257392582 
101.98 51.28 26.0 -1.0 6.7900504626 77.34249469453114 2.1058738089158697 0.022118687192541075 137.08788018882564 32.0 137.22633293185393 32.0 6.79004491151621 77.31522089385203 
101.98 51.28 26.0 -1.0 0.31968840936224674 154.68498938906228 9.442728648786394 0.02211868719254108 606.4896452651973 32.0 606.5344233721598 32.0 0.3196873876731843 154.73163972081116 
101.99 57.91 26.0 -1.0 0.8586645421069172 101.91046053260578 0.06022516212684089 0.035942866687879244 1.9140016994572933 2.0 -1.0 -1.0 -1.0 -1.0 
101.99 57.91 26.0 -1.0 120.5875637170292 69.07927803422037 0.04176015252414188 0.012441761545804354 0.6682286026489093 1.0 -1.0 -1.0 -1.0 -1.0 
101.99 57.91 26.0 -1.0 243.902439 138.42614564366266 0.16151796049353198 0.017971433343939622 2.0223478653654445 1.0 -1.0 -1.0 -1.0 -1.0 
101.99 57.91 26.0 -1.0 1.823423 36.16576028192049 0.7343220827890096 0.02350110514207489 32.17389802633651 16.0 34.57673228963968 16.0 1.8234156110944848 36.22886005235474 
101.99 57.91 26.0 -1.0 0.0016502206479446463 0.0 0.7798107160729388 0.02350110514207489 0.7695506504641202 1.0 -1.0 -1.0 -1.0 -1.0 
101.99 57.91 26.0 -1.0 1.09539127017 68.6058503242123 0.10962358241973885 0.026265941041142528 1.2334590059321564 4.0 -1.0 -1.0 -1.0 -1.0 
101.99 57.91 26.0 -1.0 118.5382530563 13.358894947618895 4.46236362207052 0.013824179495338172 176.85812968304901 4.0 176.91541402240665 4.0 118.53820372683307 13.358127170141973 
101.99 57.91 26.0 -1.0 31.563820566264 94.54145530726285 6.273064427408269 0.019353851293473442 227.90910179764882 4.0 228.19013493598257 16.0 31.563771093109004 94.51886952206516 
101.99 57.91 26.0 -1.0 1.8198438376 137.2117006484246 5.539548224039799 0.03041319488974398 337.2810343387987 32.0 337.40868230700283 32.0 1.8198382652675114 137.2243972932766 
101.99 57.91 26.0 -1.0 1.045 205.8175509726369 4.045392789753713 0.04700221028414978 109.58312670250048 16.0 110.35997198315219 16.0 1.0450094123370945 205.7353980068078 
102.08 50.12 26.0 -1.0 1.00534775968 45.05966965169841 0.33018084541305776 0.019353851293473442 12.214570114718708 16.0 13.84344465009445 16.0 1.0053554433397949 45.03308023267559 
102.08 50.12 26.0 -1.0 2.587111378444781 133.3567429030045 0.07819686083637166 0.060826389779487955 0.8861501375776071 1.0 -1.0 -1.0 -1.0 -1.0 
102.08 50.12 26.0 -1.0 1.268762 0.0 0.46769959808447054 0.03456044873834543 1.9344477898036714 8.0 -1.0 -1.0 -1.0 -1.0 
102.08 50.12 26.0 -1.0 25.04606456529942 78.8780876833565 0.012362582730615955 0.024883523091608708 -1.943250673838238 16.0 -1.0 -1.0 -1.0 -1.0 
102.08 50.12 26.0 -1.0 1.501515953 236.6342630500695 0.08286895058781683 0.016589015394405805 2.225099377992553 1.0 -1.0 -1.0 -1.0 -1.0 
102.08 50.12 26.0 -1.0 0.889 38.622573987170064 3.043325008526438 0.012441761545804354 289.7660307367089 32.0 290.3513374989138 32.0 0.8890007544929783 38.657610446926014 
102.08 50.12 26.0 -1.0 0.719424 82.52261978753799 2.5659070741590533 0.02350110514207489 249.56547530079845 32.0 250.01711523775194 32.0 0.7194103091023862 82.47631548231597 
102.08 50.12 26.0 -1.0 6.5054918751 60.134779718994565 3.4178529631750374 0.03317803078881161 179.92083487202788 16.0 179.94183636297694 16.0 6.50549433582152 60.11157226563888 
102.08 50.12 26.0 -1.0 5.650681647103312 4.472834855131827 4.20206093809852 0.009676925646736721 700.0329533422257 32.0 700.090071967193 32.0 5.650690582115203 4.45270905671399 
102.08 50.12 26.0 -1.0 1.043842621224 157.756175366713 3.2363166316024072 0.07326815132529231 81.91167161921162 8.0 83.95339986486812 8.0 1.043857385714849 157.66637978091813 
102.17 57.51 26.0 -1.0 0.059192803223618355 32.56427317046476 0.10849345518076287 0.017971433343939622 1.8115332036149456 2.0 -1.0 -1.0 -1.0 -1.0 
102.17 57.51 26.0 -1.0 311.58002361009 46.62939939102016 0.08879629380191977 0.052531882082285056 1.1267121291835422 1.0 -1.0 -1.0 -1.0 -1.0 
102.17 57.51 26.0 -1.0 2.00743121914 187.8581154590016 0.39378532362481056 0.008294507697202903 33.95614900967414 16.0 35.320287921477856 16.0 2.007436705753207 187.8233638468447 
102.17 57.51 26.0 -1.0 6.948831243470862 40.07117338202219 0.8685481096141666 0.006912089747669086 112.20038301476009 16.0 112.35838559175487 16.0 6.948842686445763 40.074381510425916 
102.17 57.51 26.0 -1.0 30.100341895821348 0.0 0.05570248719345157 0.022118687192541075 2.4616151271962505 16.0 -1.0 -1.0 -1.0 -1.0 
102.17 57.51 26.0 -1.0 3.913921625337 68.73763298110136 0.12673900435120206 0.019353851293473442 6.610527228751774 16.0 6.894272546452307 16.0 3.91391949960962 68.6121986466383 
102.17 57.51 26.0 -1.0 392.84631985761706 59.82834481793431 1.5765936461590462 0.011059343596270537 46.87704441371105 1.0 46.87704346589511 1.0 392.84641388803726 59.80797846631747 
102.17 57.51 26.0 -1.0 0.40047870082 66.53093429253916 6.810567762203224 0.016589015394405805 642.7998027871502 32.0 643.0419004400909 32.0 0.40048083368067944 66.48704205138844 
102.17 57.51 26.0 -1.0 0.005893565998000033 137.4752659622027 1.3274320562179127 0.013824179495338172 2.5679111773178414 1.0 -1.0 -1.0 -1.0 -1.0 
102.17 57.51 26.0 -1.0 195.4503977286 206.21289894330408 1.46425448066261 0.012441761545804352 42.03354400777702 1.0 42.03354388654805 1.0 195.45065394292277 206.14018973923635 
102.71 52.06 26.0 -1.0 1.53598 7.473580852795059 0.9815200824138256 0.10644618211410392 3.7537020831393275 4.0 -1.0 -1.0 -1.0 -1.0 
102.71 52.06 26.0 -1.0 377.05547013813 50.32954747434523 0.03432049597686392 0.045619792334615966 -0.1451981566962805 1.0 -1.0 -1.0 -1.0 -1.0 
102.71 52.06 26.0 -1.0 428.6895106469847 0.0 0.06391172773542331 0.045619792334615966 -0.28127634475083974 1.0 -1.0 -1.0 -1.0 -1.0 
102.71 52.06 26.0 -1.0 0.742167900236 148.7131043723339 0.05325650195176844 0.016589015394405805 1.1898789726354275 4.0 -1.0 -1.0 -1.0 -1.0 
102.71 52.06 26.0 -1.0 469.72472452336 223.06965655850087 0.16185305906356484 0.009676925646736721 2.5047471100688257 1.0 -1.0 -1.0 -1.0 -1.0 
102.71 52.06 26.0 -1.0 0.009860695842990928 4.037964580166882 5.8664697780463735 0.011059343596270537 41.68225911132718 32.0 -1.0 -1.0 -1.0 -1.0 
102.71 52.06 26.0 -1.0 0.01859206936814379 98.24970171853563 1.9981590898062889 0.024883523091608708 1.0736798846721254 4.0 -1.0 -1.0 -1.0 -1.0 
102.71 52.06 26.0 -1.0 0.8784237673 78.10449721085224 3.455841816429399 0.13962421290291552 21.777612756814957 4.0 21.9471261552307 4.0 0.8784506159524124 78.02360642560197 
102.71 52.06 26.0 -1.0 1.265823 100.27983860690684 1.168979191872157 0.04147253848601452 55.957674141431106 16.0 55.99158070404289 16.0 1.2658347259275615 100.28715170917192 
102.71 52.06 26.0 -1.0 243.5901169176192 74.35655218616695 9.972404361662386 0.04009012053648069 213.59706390910168 1.0 213.62900929035715 1.0 243.5903297737241 74.38048083374507 
102.76 57.51 26.0 -1.0 2.1134890398366455 0.0 0.02974728571317075 0.029030776940210157 0.9015271563421026 4.0 -1.0 -1.0 -1.0 -1.0 
102.76 57.51 26.0 -1.0 0.19195228101558848 135.43100230244673 0.011803402058496169 0.024883523091608708 1.519340477317161 4.0 -1.0 -1.0 -1.0 -1.0 
102.76 57.51 26.0 -1.0 24.364904074197256 203.1465034536701 0.8390587664365596 0.035942866687879244 16.18451916220426 2.0 16.184518778709766 2.0 24.364756730695568 203.10425174602224 
102.76 57.51 26.0 -1.0 89.1292592477 62.433163827695594 6.570247931400153 0.019353851293473442 191.17107435120192 2.0 191.17106540403023 2.0 89.12902558222413 62.43912472710301 
102.76 57.51 26.0 -1.0 187.30193394493 153.35031583841405 3.005714973044299 0.06359122567855559 37.16558493516788 1.0 37.165585264833034 1.0 187.30158141503733 153.31486865731128 
102.76 57.51 26.0 -1.0 3.8410837942155287 42.66503222849357 2.3748575450926057 0.049767046183217416 79.35592302669484 16.0 80.20214094339117 16.0 3.841099290487667 42.60432983810432 
102.76 57.51 26.0 -1.0 0.439068 12.596342848412387 9.828771754600636 0.013824179495338172 1015.0427710956717 32.0 1016.9058774244339 32.0 0.4390737255259107 13.1557313039277 
102.76 57.51 26.0 -1.0 266.0 44.717017111863974 2.1603964419195925 0.12441761545804356 18.10195107728135 1.0 18.10195088393914 1.0 266.00027922540903 44.72948643335418 
102.76 57.51 26.0 -1.0 5.67670908763837 44.22941674353834 4.778239639328049 0.027648358990676344 326.462042763845 32.0 326.68324215161806 32.0 5.676732447075969 44.223496767818496 
102.76 57.51 26.0 -1.0 2.573743095743 67.71550115122336 8.28117207904961 0.04285495643554833 406.9689343976184 16.0 406.96893984827966 16.0 2.573748740057151 67.70141724867409 
102.84 59.87 26.0 -1.0 1.174999892192 52.346166762997974 0.02434661812176039 0.011059343596270537 2.2866720608106856 2.0 -1.0 -1.0 -1.0 -1.0 
102.84 59.87 26.0 -1.0 7.1671888360297 153.9754837792311 0.05636053377113836 0.006912089747669086 3.786530831851686 2.0 -1.0 -1.0 -1.0 -1.0 
102.84 59.87 26.0 -1.0 0.805997239145 70.84207414887348 0.08384793073894407 0.011059343596270537 2.593799053592964 16.0 -1.0 -1.0 -1.0 -1.0 
102.84 59.87 26.0 -1.0 2.25403455265 40.113735445163115 0.05173344232089789 0.011059343596270537 1.2323383907416696 1.0 -1.0 -1.0 -1.0 -1.0 
102.84 59.87 26.0 -1.0 241.545894 0.0 0.2793473877157862 0.04700221028414978 2.599685468390805 2.0 -1.0 -1.0 -1.0 -1.0 
102.84 59.87 26.0 -1.0 4.20538887 65.44252581435569 0.607265121306145 0.02350110514207489 33.4521169134649 16.0 33.80066491602244 16.0 4.205382235037784 65.4750627203171 
102.84 59.87 26.0 -1.0 10.175670257180695 130.88505162871138 0.010954787571223317 0.015206597444871989 1.937386679873513 4.0 -1.0 -1.0 -1.0 -1.0 
102.84 59.87 26.0 -1.0 501.18723362727246 196.32757744306707 0.017093196386209177 0.009676925646736721 1.4273628797351876 1.0 -1.0 -1.0 -1.0 -1.0 
102.84 59.87 26.0 -1.0 256.2202469153542 40.21190905124526 1.2142508910525402 0.027648358990676344 23.5464486353271 1.0 23.546448814148373 1.0 256.22042206426465 40.17557944353305 
102.84 59.87 26.0 -1.0 70.76034080810471 53.583154199632965 9.090669305878029 0.027648358990676344 219.52658127439219 4.0 219.52658375795838 4.0 70.76038552137713 53.53370661367502 
102.85 55.17 26.0 -1.0 0.04232292065881792 126.91415778926691 0.05008065115563314 0.013824179495338172 1.418542618665772 1.0 -1.0 -1.0 -1.0 -1.0 
102.85 55.17 26.0 -1.0 0.621231324318 12.352050567100216 0.08959736334752315 0.02073626924300726 0.5301446715770028 32.0 -1.0 -1.0 -1.0 -1.0 
102.85 55.17 26.0 -1.0 1.92128 0.0 0.8751736018534659 0.017971433343939622 56.811863128354965 32.0 -1.0 -1.0 -1.0 -1.0 
102.85 55.17 26.0 -1.0 274.50510164192235 70.25492242345567 0.557024871934516 0.019353851293473442 11.155933425140683 1.0 11.155933656312122 1.0 274.50538861254853 70.23136557635247 
102.85 55.17 26.0 -1.0 0.8026608259746 140.50984484691134 0.08195800136894427 0.013824179495338172 3.362177156246606 16.0 -1.0 -1.0 -1.0 -1.0 
102.85 55.17 26.0 -1.0 0.702688882099 210.764767270367 0.2871744609815035 0.009676925646736721 24.52775463941615 16.0 24.63616205777542 16.0 0.7026756065897644 210.4917008628432 
102.85 55.17 26.0 -1.0 72.40505829965161 179.16796897670963 6.118974845614151 0.08018024107296139 69.13480143201505 1.0 69.13480268839879 1.0 72.405479537944 179.120341599631 
102.85 55.17 26.0 -1.0 1.345841 72.7632739891296 1.1339801712124988 0.08294507697202903 8.919113868020371 8.0 9.101045254870142 8.0 1.3458096267034612 73.16610563645945 
102.85 55.17 26.0 -1.0 3.67175524116 44.960620920861366 1.2336987392357233 0.02073626924300726 90.381768677827 32.0 91.02854570203212 32.0 3.671751377017548 44.93188229956846 
102.85 55.17 26.0 -1.0 1.34408432377 51.094489035240485 1.293037621685656 0.18524400523753148 7.372665510808497 2.0 7.552563550172917 2.0 1.3441119032601516 50.3965706873538 
103.52 51.29 26.0 -1.0 3.2435317536 0.9062854390980736 0.6684709031242652 0.18247916933846386 2.8266773871323743 8.0 -1.0 -1.0 -1.0 -1.0 
103.52 51.29 26.0 -1.0 2.215954 122.41484784695442 0.015668214264876305 0.045619792334615966 2.0748155221137377 8.0 -1.0 -1.0 -1.0 -1.0 
103.52 51.29 26.0 -1.0 0.436959490567615 29.642165215378455 0.07328017514384011 0.06497364362808941 0.28280651128444745 1.0 -1.0 -1.0 -1.0 -1.0 
103.52 51.29 26.0 -1.0 380.4101541109875 0.0 0.04325771812421888 0.02350110514207489 1.9959145037006651 1.0 -1.0 -1.0 -1.0 -1.0 
103.52 51.29 26.0 -1.0 0.05350093162169203 73.67437484180194 0.01079700569219006 0.030413194889743984 1.4700927383418823 1.0 -1.0 -1.0 -1.0 -1.0 
103.52 51.29 26.0 -1.0 422.8199418811927 221.0231245254058 0.25272037889848825 0.02073626924300726 1.1018877217852636 1.0 -1.0 -1.0 -1.0 -1.0 
103.52 51.29 26.0 -1.0 2.07848849726 118.90022870508628 3.639620525988888 0.019353851293473442 243.66524427454505 32.0 244.21435711367945 32.0 2.078468241961673 118.90757140088498 
103.52 51.29 26.0 -1.0 1.0553439136 73.2322843837053 2.4890842912355793 0.013824179495338172 299.1152857484473 32.0 299.15617936429635 32.0 1.055347335447247 73.26730356956658 
103.52 51.29 26.0 -1.0 1.82404901739 65.56201493572893 4.178901226817605 0.01520659744487199 535.4532572316404 32.0 536.1756572688437 32.0 1.8240522573857259 65.57626065342423 
103.52 51.29 26.0 -1.0 0.8438795009324 147.34874968360387 1.3128400626408168 0.04147253848601452 36.7276055865016 16.0 36.72873092754622 16.0 0.8438898172850411 147.4453885370974 
