0.99 49.98 27.0 -1.0 0.09813111256212828 136.6300360518553 0.19170271464057312 0.019353851293473442 1.9931147357268244 1.0 -1.0 -1.0 -1.0 -1.0 
0.99 49.98 27.0 -1.0 1.7036176706 134.86042220776594 0.37209776865069066 0.04285495643554833 3.5256654099105913 4.0 -1.0 -1.0 -1.0 -1.0 
0.99 49.98 27.0 -1.0 0.04451736104321768 33.04159580531046 0.02007845414129435 0.03732528463741307 0.8255838365800775 1.0 -1.0 -1.0 -1.0 -1.0 
0.99 49.98 27.0 -1.0 0.0012875642435693842 100.94722555387416 0.028186750060971114 0.019353851293473442 18.815392431865504 1.0 -1.0 -1.0 -1.0 -1.0 
0.99 49.98 27.0 -1.0 71.08626795771993 0.0 0.05562557681246426 0.024883523091608708 1.2252046141054973 1.0 -1.0 -1.0 -1.0 -1.0 
0.99 49.98 27.0 -1.0 1.19451732928 88.03168570671443 0.3891876190394205 0.013824179495338172 32.40802928706436 32.0 33.53789029292991 32.0 1.194530341308564 88.04220180320846 
0.99 49.98 27.0 -1.0 3.94387060473 176.06337141342885 0.15188614231876546 0.017971433343939622 3.54543537489953 16.0 -1.0 -1.0 -1.0 -1.0 
0.99 49.98 27.0 -1.0 478.63142759591 264.0950571201433 0.014292740593793147 0.06082638977948796 0.7241582648480047 1.0 -1.0 -1.0 -1.0 -1.0 
0.99 49.98 27.0 -1.0 2.293362580627 241.4598472039554 5.874581018442158 0.06082638977948796 214.49276432487233 16.0 214.86014175209206 16.0 2.293381839990616 241.3570704605197 
0.99 49.98 27.0 -1.0 0.005839646453032786 84.73016734087605 7.302748574690714 0.06497364362808941 4.163478817912699 8.0 -1.0 -1.0 -1.0 -1.0 
1.02 51.14 27.0 -1.0 0.013111339374215642 46.94770119091754 0.3710709411056987 0.027648358990676344 -0.46904649957284544 4.0 -1.0 -1.0 -1.0 -1.0 
1.02 51.14 27.0 -1.0 0.004292082560167539 56.71937388065503 0.21889408362336815 0.03317803078881161 3.839609417849247 1.0 -1.0 -1.0 -1.0 -1.0 
1.02 51.14 27.0 -1.0 219.5656060346 86.60759062719846 0.021000625157143193 0.012441761545804354 1.6311337490100677 1.0 -1.0 -1.0 -1.0 -1.0 
1.02 51.14 27.0 -1.0 1.1829305875744 217.87008773599058 0.5471089349395308 0.016589015394405805 30.026316771550597 32.0 30.14278034818188 32.0 1.1829191256159297 217.87914997966416 
1.02 51.14 27.0 -1.0 0.733411 0.0 0.9574103317852701 0.024883523091608704 22.520822567881165 16.0 -1.0 -1.0 -1.0 -1.0 
1.02 51.14 27.0 -1.0 1.1790537759022177 272.9244559348747 0.25908444779529555 0.02764835899067634 6.678557983175027 16.0 6.910964211257173 8.0 1.1790689313784242 272.32363799130337 
1.02 51.14 27.0 -1.0 0.645211 50.30500772957036 3.4918397571699917 0.06497364362808941 53.272434809926345 16.0 53.27243231694249 16.0 0.6451955414377153 50.29537275424667 
1.02 51.14 27.0 -1.0 0.093458 12.528485375948343 5.067228364390674 0.04147253848601452 21.316305964386995 16.0 -1.0 -1.0 -1.0 -1.0 
1.02 51.14 27.0 -1.0 192.8565208431179 90.97481864495823 1.0480983570484097 0.04009012053648069 18.331255732040496 1.0 18.331255913362472 1.0 192.85653252154592 90.9769418633154 
1.02 51.14 27.0 -1.0 0.00355500598430653 181.94963728991647 1.6399155431805004 0.011059343596270537 3.2243363637351607 1.0 -1.0 -1.0 -1.0 -1.0 
1.08 53.86 27.0 -1.0 0.54991550213 40.0377132629397 0.024685347425290806 0.05529671798135269 0.8015888276417451 16.0 -1.0 -1.0 -1.0 -1.0 
1.08 53.86 27.0 -1.0 0.811766073133 42.38184167411883 0.18609168688485656 0.016589015394405805 3.4722015581584293 32.0 -1.0 -1.0 -1.0 -1.0 
1.08 53.86 27.0 -1.0 29.9445469 36.94346376018323 0.0115134670023544 0.0967692564673672 0.5209008265825935 4.0 -1.0 -1.0 -1.0 -1.0 
1.08 53.86 27.0 -1.0 3.31723503579 36.13083257764113 0.1092455713563523 0.016589015394405805 2.6640859570326803 8.0 -1.0 -1.0 -1.0 -1.0 
1.08 53.86 27.0 -1.0 198.93129209203 0.0 0.038677531266236895 0.022118687192541075 3.418658635787005 2.0 -1.0 -1.0 -1.0 -1.0 
1.08 53.86 27.0 -1.0 26.957044087089127 312.5191997784028 0.07846743728309852 0.04423737438508215 1.9930066208801933 1.0 -1.0 -1.0 -1.0 -1.0 
1.08 53.86 27.0 -1.0 0.1611955102003513 2.0628330018376424 3.109204337711029 0.05529671798135269 2.759930661553824 8.0 -1.0 -1.0 -1.0 -1.0 
1.08 53.86 27.0 -1.0 1.83822897314 81.32562834517493 1.4213965975708944 0.019353851293473442 100.18920590685927 32.0 100.78413541948494 32.0 1.8382403747333835 81.36313821813746 
1.08 53.86 27.0 -1.0 1.1366337475 104.17306659280094 1.026599716787374 0.01520659744487199 104.31693263814294 32.0 105.52989893588611 32.0 1.1366258452956877 104.23387110035024 
1.08 53.86 27.0 -1.0 1.5822121160900091 208.34613318560187 2.9583333176866105 0.019353851293473442 241.21747132723843 32.0 241.2931190347851 32.0 1.5822176161843042 208.36654426759335 
1.49 49.98 27.0 -1.0 258.687554 77.37681927511419 0.11363328206185333 0.017971433343939622 1.3418598854323958 1.0 -1.0 -1.0 -1.0 -1.0 
1.49 49.98 27.0 -1.0 2.117747 42.87199059267291 0.011803402058496169 0.03041319488974398 0.9963987623528011 2.0 -1.0 -1.0 -1.0 -1.0 
1.49 49.98 27.0 -1.0 18.90166 31.78485344846505 0.9293874842458965 0.02073626924300726 52.84523024463689 16.0 52.879250715249576 16.0 18.90166458906606 31.776150995640755 
1.49 49.98 27.0 -1.0 1.29420009879 58.362897163318465 0.12744139921279107 0.017971433343939622 3.3153019690470478 32.0 -1.0 -1.0 -1.0 -1.0 
1.49 49.98 27.0 -1.0 2.493726035378311 0.0 0.017390979069392094 0.026265941041142528 1.2211108443036998 1.0 -1.0 -1.0 -1.0 -1.0 
1.49 49.98 27.0 -1.0 77.003746 86.3397852842168 0.10380101976981074 0.03317803078881161 1.6708449874446412 4.0 -1.0 -1.0 -1.0 -1.0 
1.49 49.98 27.0 -1.0 0.06920317983408404 172.6795705684336 0.035526715283987924 0.022118687192541075 -0.5745227331139895 1.0 -1.0 -1.0 -1.0 -1.0 
1.49 49.98 27.0 -1.0 0.8826699048784042 259.0193558526504 0.022926408883008342 0.016589015394405805 1.5447873417861187 2.0 -1.0 -1.0 -1.0 -1.0 
1.49 49.98 27.0 -1.0 15.388095536606373 29.505255157132595 8.344342835781115 0.019353851293473442 706.2869593902229 32.0 706.6428799727233 32.0 15.388104657176884 29.54979646728376 
1.49 49.98 27.0 -1.0 2.384268 99.6288071416435 2.8816814083529807 0.008294507697202903 390.38702094375134 32.0 390.9131759169571 32.0 2.3842706771877906 99.57876617742197 
1.61 53.47 27.0 -1.0 1.70422082455 68.08493764675939 0.026800494928589734 0.01520659744487199 1.2609466359489543 1.0 -1.0 -1.0 -1.0 -1.0 
1.61 53.47 27.0 -1.0 0.151571128974 60.747539786309346 0.034510702142240904 0.04009012053648069 1.1633478470045753 2.0 -1.0 -1.0 -1.0 -1.0 
1.61 53.47 27.0 -1.0 0.9623924225933 6.573085583319833 0.07733727025640295 0.07603298722435994 0.6404736008992978 1.0 -1.0 -1.0 -1.0 -1.0 
1.61 53.47 27.0 -1.0 198.93129209203 124.33832124354308 0.5042782848310833 0.03317803078881161 5.909157378105518 1.0 -1.0 -1.0 -1.0 -1.0 
1.61 53.47 27.0 -1.0 226.32206172447297 99.02429862499042 0.22518281997730039 0.024883523091608708 2.4766135780992284 1.0 -1.0 -1.0 -1.0 -1.0 
1.61 53.47 27.0 -1.0 1.05155 0.0 0.041673692821272146 0.024883523091608708 0.9474412849659581 16.0 -1.0 -1.0 -1.0 -1.0 
1.61 53.47 27.0 -1.0 8.78410420217902 101.89811278700002 0.2256500029502639 0.008294507697202903 16.807398529206328 16.0 16.934839097528325 16.0 8.784081728663296 101.90631863888609 
1.61 53.47 27.0 -1.0 2.224997 203.79622557400003 0.060183570266467624 0.05529671798135268 2.3777972859939074 1.0 -1.0 -1.0 -1.0 -1.0 
1.61 53.47 27.0 -1.0 231.572028561 305.69433836100006 0.10670943496365924 0.019353851293473442 1.7235069437614652 2.0 -1.0 -1.0 -1.0 -1.0 
1.61 53.47 27.0 -1.0 18.32420788312348 165.88633662834147 4.804720918609722 0.045619792334615966 132.5420561639611 8.0 132.54205673820024 8.0 18.32413545344025 165.86341236259616 
1.63 53.86 27.0 -1.0 0.9247724034 37.25681570958673 0.1123065381975074 0.03732528463741307 1.0375488266882318 8.0 -1.0 -1.0 -1.0 -1.0 
1.63 53.86 27.0 -1.0 0.0017437796159549517 60.29680467141484 0.02859865670576224 0.06359122567855559 12.918366594829145 2.0 -1.0 -1.0 -1.0 -1.0 
1.63 53.86 27.0 -1.0 0.90079341918 15.370385058432015 0.2616024242085719 0.013824179495338172 13.6234588079021 32.0 14.13084478203106 32.0 0.9007938691259673 15.179689966070423 
1.63 53.86 27.0 -1.0 225.01840471097 102.66668964993231 0.179897655115413 0.016589015394405805 -inf 1.0 -1.0 -1.0 -1.0 -1.0 
1.63 53.86 27.0 -1.0 28.61657456791737 31.083719884902067 0.049564361624062 0.08294507697202903 0.8501374158880113 8.0 -1.0 -1.0 -1.0 -1.0 
1.63 53.86 27.0 -1.0 0.006702865489089619 0.0 0.036597915125661865 0.035942866687879244 -1.0105826096657708 8.0 -1.0 -1.0 -1.0 -1.0 
1.63 53.86 27.0 -1.0 6.426628464846907 103.91377971552517 0.1637651254177121 0.03317803078881161 2.045868713990632 16.0 -1.0 -1.0 -1.0 -1.0 
1.63 53.86 27.0 -1.0 1.925804879053 207.82755943105033 0.0671247510893932 0.011059343596270537 1.41521698299711 8.0 -1.0 -1.0 -1.0 -1.0 
1.63 53.86 27.0 -1.0 52.00815274976942 311.7413391465755 0.18881113493056795 0.035942866687879244 0.9706090796754907 1.0 -1.0 -1.0 -1.0 -1.0 
1.63 53.86 27.0 -1.0 286.0965396602095 71.64532426830988 3.30865866006508 0.017971433343939622 84.68976795974349 1.0 84.68976843270494 1.0 286.09647415578365 71.6481366398524 
1.67 55.03 27.0 -1.0 6.1450029089 32.251249262867184 0.010992693280787178 0.016589015394405805 1.6838179928628478 2.0 -1.0 -1.0 -1.0 -1.0 
1.67 55.03 27.0 -1.0 0.210146920172 30.194070811943558 0.15919161622271902 0.015206597444871989 1.0598238233588 32.0 -1.0 -1.0 -1.0 -1.0 
1.67 55.03 27.0 -1.0 0.003026825575690468 81.9221547633941 0.012017329822537278 0.005529671798135269 5.6125893436372065 1.0 -1.0 -1.0 -1.0 -1.0 
1.67 55.03 27.0 -1.0 2.752925 29.032760396099572 0.05903058779446038 0.019353851293473442 2.378141667688037 1.0 -1.0 -1.0 -1.0 -1.0 
1.67 55.03 27.0 -1.0 407.5576746062305 69.97724762899885 0.22316951185597517 0.017971433343939622 0.3296578102427577 1.0 -1.0 -1.0 -1.0 -1.0 
1.67 55.03 27.0 -1.0 1.84699098534 0.0 0.18920285818616245 0.009676925646736721 2.5416962324558563 16.0 -1.0 -1.0 -1.0 -1.0 
1.67 55.03 27.0 -1.0 0.0015979803278525855 110.58993188594273 0.20456488360295152 0.02350110514207489 9.042521860618697 2.0 -1.0 -1.0 -1.0 -1.0 
1.67 55.03 27.0 -1.0 471.90567042843 50.76585532117983 2.483930921929429 0.011059343596270537 -inf 1.0 -1.0 -1.0 -1.0 -1.0 
1.67 55.03 27.0 -1.0 107.49977692155183 221.17986377188546 1.2673900435120207 0.005529671798135269 63.19572668696169 1.0 63.19572517161409 1.0 107.4998484303554 221.21868177219966 
1.67 55.03 27.0 -1.0 2.52937356474 331.7697956578282 7.343220827890098 0.07188573337575849 147.79277947660105 8.0 147.79277935373247 8.0 2.529365398610632 331.72682472519233 
1.69 55.42 27.0 -1.0 0.992418 57.76080761683756 0.2434661812176039 0.029030776940210157 2.869621952588909 16.0 -1.0 -1.0 -1.0 -1.0 
1.69 55.42 27.0 -1.0 0.526039 87.97936503280184 0.2867779491143187 0.038707702586946884 3.862944206949381 16.0 -1.0 -1.0 -1.0 -1.0 
1.69 55.42 27.0 -1.0 6.053935856195947 104.85026367983123 0.015378666956538868 0.045619792334615966 1.408150562429584 2.0 -1.0 -1.0 -1.0 -1.0 
1.69 55.42 27.0 -1.0 306.5134806648327 66.09462502079184 0.011450010385340766 0.03041319488974398 1.3811018811696005 1.0 -1.0 -1.0 -1.0 -1.0 
1.69 55.42 27.0 -1.0 2.672874306425 0.0 0.4596912599290711 0.008294507697202903 58.311738600006805 32.0 -1.0 -1.0 -1.0 -1.0 
1.69 55.42 27.0 -1.0 455.23717843241 112.91306263162438 0.01650143648732039 0.02073626924300726 1.0364824086615678 1.0 -1.0 -1.0 -1.0 -1.0 
1.69 55.42 27.0 -1.0 0.013354580554731528 338.73918789487317 0.04073436927058741 0.031795612839277794 0.3256136248520801 4.0 -1.0 -1.0 -1.0 -1.0 
1.69 55.42 27.0 -1.0 0.6027636566114403 155.93724191220133 4.234115261660174 0.019353851293473442 229.59988366768803 32.0 229.8747622136755 32.0 0.6027524553549787 155.84481698498968 
1.69 55.42 27.0 -1.0 5.4467125220896975 85.8789720285532 1.4292740593793147 0.022118687192541075 91.669575153964 32.0 91.71478585235643 32.0 5.446721236997595 85.9170452079586 
1.69 55.42 27.0 -1.0 316.53385579922593 225.82612526324877 4.748622618155897 0.013824179495338172 86.09317510215804 1.0 86.09317386659878 1.0 316.53423017511767 225.87378669512788 
1.99 49.98 27.0 -1.0 0.17111903377682028 51.259455976178984 0.012586645222787884 0.052531882082285056 1.009317652257717 1.0 -1.0 -1.0 -1.0 -1.0 
1.99 49.98 27.0 -1.0 0.0413615341267772 86.85630040408105 0.03918856094677923 0.02073626924300726 2.4893069746267336 8.0 -1.0 -1.0 -1.0 -1.0 
1.99 49.98 27.0 -1.0 3.35439493491 39.143584563627584 0.12117369210379668 0.02903077694021016 1.7704799649400311 16.0 -1.0 -1.0 -1.0 -1.0 
1.99 49.98 27.0 -1.0 4.187917144798 75.98308246974005 0.7675178929261796 0.03041319488974398 31.927601429980317 16.0 33.17007188264222 16.0 4.187919936763744 75.99964776345924 
1.99 49.98 27.0 -1.0 1.450907946316 17.21592839603991 0.045495222839135055 0.022118687192541075 -0.7603227984585308 4.0 -1.0 -1.0 -1.0 -1.0 
1.99 49.98 27.0 -1.0 0.0017518115885725878 0.0 0.2946096205232792 0.019353851293473442 7.599956845378089 1.0 -1.0 -1.0 -1.0 -1.0 
1.99 49.98 27.0 -1.0 0.04248922536 172.57350178646925 0.39706342643953574 0.12856486930664499 1.9548943710923363 1.0 -1.0 -1.0 -1.0 -1.0 
1.99 49.98 27.0 -1.0 246.55815713199 258.8602526797039 0.011689791918721566 0.01520659744487199 1.5464523728954636 2.0 -1.0 -1.0 -1.0 -1.0 
1.99 49.98 27.0 -1.0 439.68050153408 91.10203312129991 1.3347887611263103 0.027648358990676344 14.542888268183876 1.0 -1.0 -1.0 -1.0 -1.0 
1.99 49.98 27.0 -1.0 458.12007798349 86.28675089323463 7.590808387572497 0.017971433343939622 111.32348430720371 1.0 111.32348307659463 1.0 458.1204848363996 86.32183694038714 
10.53 50.37 27.0 -1.0 22.026432 66.45185188719623 0.5105882391532524 0.04423737438508215 10.797712934219932 4.0 10.797713517016316 4.0 22.026506485417485 66.48704205138844 
10.53 50.37 27.0 -1.0 8.663833231278064 43.346164462811146 0.01435210792660761 0.02073626924300726 2.1113763206326066 8.0 -1.0 -1.0 -1.0 -1.0 
10.53 50.37 27.0 -1.0 1.25786689679 72.89200367214998 0.17816610368291114 0.019353851293473442 5.524499476476176 32.0 -1.0 -1.0 -1.0 -1.0 
10.53 50.37 27.0 -1.0 0.463298405496 101.7281118684531 0.08830689192089927 0.009676925646736721 1.1007454723193135 32.0 -1.0 -1.0 -1.0 -1.0 
10.53 50.37 27.0 -1.0 2.67192804814 101.88582987134991 0.08507324120391956 0.016589015394405805 2.0429403727070023 16.0 -1.0 -1.0 -1.0 -1.0 
10.53 50.37 27.0 -1.0 3.020874 0.0 0.19830320481378014 0.04423737438508215 1.7376317726536072 2.0 -1.0 -1.0 -1.0 -1.0 
10.53 50.37 27.0 -1.0 0.805719788443 87.61235060918712 0.04942758560428077 0.05529671798135268 0.8105874529715652 16.0 -1.0 -1.0 -1.0 -1.0 
10.53 50.37 27.0 -1.0 1.1964621075 262.83705182756137 0.768579097086966 0.013824179495338172 67.86425797488323 32.0 68.28517181895289 32.0 1.1964705966723463 262.81103227923256 
10.53 50.37 27.0 -1.0 1.752273 76.5983767402254 3.592158867031385 0.01520659744487199 416.8144678640162 32.0 416.8928832480908 32.0 1.7522628089257828 76.60683536210207 
10.53 50.37 27.0 -1.0 0.01195999759818204 175.22470121837424 2.267438693612251 0.05944397182995413 0.9388437839300536 4.0 -1.0 -1.0 -1.0 -1.0 
10.69 51.14 27.0 -1.0 3.3157992982212305 107.98766686116794 0.3582246075336796 0.016589015394405805 18.47261697072339 32.0 18.812198108860628 32.0 3.315805467233683 107.97819462531429 
10.69 51.14 27.0 -1.0 12.628900635367113 45.497066279365875 0.34701962441141215 0.02488352309160871 11.234960258867208 16.0 12.165076194201113 16.0 12.628879630938174 45.43787196510413 
10.69 51.14 27.0 -1.0 2.274361 59.23305407015295 0.09416670836315172 0.013824179495338172 2.3567585831291757 8.0 -1.0 -1.0 -1.0 -1.0 
10.69 51.14 27.0 -1.0 247.586036 0.0 0.6281737843536547 0.009676925646736721 18.139329622918442 1.0 -1.0 -1.0 -1.0 -1.0 
10.69 51.14 27.0 -1.0 3.57439188715 90.47835436105397 0.5021923433847281 0.008294507697202903 57.891201114358466 32.0 59.55438460562981 32.0 3.5744051274377857 90.47095219777972 
10.69 51.14 27.0 -1.0 0.08788354420717183 271.43506308316194 0.03377947265074539 0.019353851293473442 0.6096835228042352 1.0 -1.0 -1.0 -1.0 -1.0 
10.69 51.14 27.0 -1.0 0.0015688746124169679 63.46786453529679 4.118712484354565 0.08570991287109667 424.3490469453554 8.0 -1.0 -1.0 -1.0 -1.0 
10.69 51.14 27.0 -1.0 173.010381 75.76510261677217 6.422154777230443 0.059443971829954124 94.11554705200784 1.0 94.11554512469561 1.0 173.01063053309917 75.79725189724498 
10.69 51.14 27.0 -1.0 0.3880144792 41.588010465386944 6.118974845614151 0.008294507697202903 1030.5252863373203 32.0 1032.7205264308438 32.0 0.3880207562663903 41.38995464081869 
10.69 51.14 27.0 -1.0 0.7014688713287092 180.95670872210795 10.0 0.08570991287109667 108.64040048921426 8.0 118.62090474343042 16.0 0.7014629469874005 181.04310232866658 
100.15 58.29 27.0 -1.0 462.20187192375 84.4736094791931 0.010969934144688583 0.016589015394405805 1.3446646027823934 1.0 -1.0 -1.0 -1.0 -1.0 
100.15 58.29 27.0 -1.0 0.3387604641 54.34725635186182 0.07994481079808956 0.052531882082285056 -0.05373949389694731 1.0 -1.0 -1.0 -1.0 -1.0 
100.15 58.29 27.0 -1.0 0.506509 142.1801253772133 0.017295128471299184 0.03456044873834543 3.823100441878975 2.0 -1.0 -1.0 -1.0 -1.0 
100.15 58.29 27.0 -1.0 0.877 51.266152054748396 0.46673127862588354 0.008294507697202903 171.06324111580457 32.0 171.15227621235303 32.0 0.8769954244295757 51.30735208531804 
100.15 58.29 27.0 -1.0 5.7088623902 107.00418465183503 0.1398989907543169 0.016589015394405805 3.1886661613364278 16.0 -1.0 -1.0 -1.0 -1.0 
100.15 58.29 27.0 -1.0 194.931774 0.0 0.12042261972663751 0.031795612839277794 1.7666439861934116 2.0 -1.0 -1.0 -1.0 -1.0 
100.15 58.29 27.0 -1.0 2.505196756058 142.62945308720901 0.021292802374430913 0.04009012053648069 1.0309487355048497 1.0 -1.0 -1.0 -1.0 -1.0 
100.15 58.29 27.0 -1.0 2.1692763393033 213.94417963081352 0.06967617614873729 0.03041319488974398 2.295934957886109 16.0 -1.0 -1.0 -1.0 -1.0 
100.15 58.29 27.0 -1.0 1.560164141185 106.10552923184362 4.9770235643321135 0.013824179495338172 542.4840708719859 32.0 544.6849339783765 32.0 1.5601775279113403 106.0554338962787 
100.15 58.29 27.0 -1.0 1.28377920873 71.31472654360451 3.064422446732965 0.016589015394405805 327.57967418327365 32.0 327.95365352567495 32.0 1.2837820880425475 71.34454284053099 
100.24 55.95 27.0 -1.0 183.82338873034 58.68607370962924 0.2571230517996264 0.04976704618321741 2.340084893252966 2.0 -1.0 -1.0 -1.0 -1.0 
100.24 55.95 27.0 -1.0 3.89018457273 41.16485215823386 0.014774641499094882 0.06220880772902177 0.7941929743697278 8.0 -1.0 -1.0 -1.0 -1.0 
100.24 55.95 27.0 -1.0 11.053183879553872 82.66365390131008 0.46576496396391776 0.07188573337575849 5.325126465186742 4.0 -1.0 -1.0 -1.0 -1.0 
100.24 55.95 27.0 -1.0 0.11263689558758383 43.21307627860029 0.09673832420684281 0.03456044873834543 0.9404472410414421 2.0 -1.0 -1.0 -1.0 -1.0 
100.24 55.95 27.0 -1.0 1.5250999938613108 32.32631981273963 0.13731366893478805 0.006912089747669086 6.722114903941631 16.0 6.865400988803183 16.0 1.5251013489129643 32.48453652739071 
100.24 55.95 27.0 -1.0 0.9247724034 0.0 0.025517650453102104 0.03456044873834543 -0.3766422646344018 16.0 -1.0 -1.0 -1.0 -1.0 
100.24 55.95 27.0 -1.0 0.009770481491765383 74.2035977519705 0.011053615420068413 0.07741540517389377 -0.5115418085606972 8.0 -1.0 -1.0 -1.0 -1.0 
100.24 55.95 27.0 -1.0 1.1352471998508 222.61079325591152 0.17010734737144495 0.011059343596270537 4.240047172047435 16.0 -1.0 -1.0 -1.0 -1.0 
100.24 55.95 27.0 -1.0 1.61499182415 75.04960336690446 1.4352107926607618 0.03317803078881161 67.78126181384253 16.0 68.87014726423706 32.0 1.614989741938189 75.08886636549504 
100.24 55.95 27.0 -1.0 0.33166013815647993 148.407195503941 1.0909473215800531 0.011059343596270537 148.9123773574659 32.0 149.67525315518213 32.0 0.33166240124652785 148.15377406884733 
100.38 57.51 27.0 -1.0 0.796 41.47740068747648 0.1559262706883713 0.017971433343939622 4.130982658194488 16.0 -1.0 -1.0 -1.0 -1.0 
100.38 57.51 27.0 -1.0 0.695232083547 84.42073861338768 0.6881510365405732 0.009676925646736721 78.683323937281 32.0 80.11204295947591 32.0 0.6952480665252855 84.29787827824441 
100.38 57.51 27.0 -1.0 3.31882067385 96.51472083047412 0.019051448136078133 0.20321543858147115 2.545887385093564 1.0 -1.0 -1.0 -1.0 -1.0 
100.38 57.51 27.0 -1.0 3.9302 0.0 0.5347771190483215 0.019353851293473442 25.992192797669304 32.0 -1.0 -1.0 -1.0 -1.0 
100.38 57.51 27.0 -1.0 312.1999096979769 215.55744775159943 0.632091685978404 0.08985716671969811 3.9997914782136883 1.0 -1.0 -1.0 -1.0 -1.0 
100.38 57.51 27.0 -1.0 1.228176467486 46.06923350786759 1.7116830195001613 0.07879782312342758 27.035995955521777 8.0 27.121480895067926 8.0 1.2281816452741623 46.14625749685408 
100.38 57.51 27.0 -1.0 10.082574241934545 73.74957783360553 3.6020990894041294 0.012441761545804352 442.7178874970747 32.0 442.81517169175083 32.0 10.082567314384505 73.77329323510226 
100.38 57.51 27.0 -1.0 0.2297634166 35.01003051791154 5.797974856117098 0.019353851293473442 340.3912479801157 32.0 341.1592979429638 32.0 0.22976867815790078 35.31807865439052 
100.38 57.51 27.0 -1.0 6.4907074323 71.85248258386648 8.25261641069257 0.024883523091608708 598.834242708924 32.0 599.3298457962417 32.0 6.4906998886726806 71.85053250606668 
100.38 57.51 27.0 -1.0 1.26346 143.70496516773295 1.1537353796843521 0.009676925646736721 188.2627010500736 32.0 188.5701783367727 32.0 1.263470039702952 143.70106501213337 
100.45 51.28 27.0 -1.0 0.42423 86.75306891519281 0.010789549214908137 0.04423737438508215 1.0854589893716506 16.0 -1.0 -1.0 -1.0 -1.0 
100.45 51.28 27.0 -1.0 114.11768190798892 48.756194038370936 0.08156261645706307 0.029030776940210154 1.0411342444350518 4.0 -1.0 -1.0 -1.0 -1.0 
100.45 51.28 27.0 -1.0 3.4198825526 25.129310744428757 0.952791556396117 0.031795612839277794 45.486449966587514 16.0 45.679034309128404 16.0 3.419881977606565 25.1982853436769 
100.45 51.28 27.0 -1.0 265.957447 57.72229333966181 0.01519911082952934 0.026265941041142528 1.3346463516300027 1.0 -1.0 -1.0 -1.0 -1.0 
100.45 51.28 27.0 -1.0 2.8604856126 0.0 0.5216410220767709 0.029030776940210157 12.426143324867686 16.0 -1.0 -1.0 -1.0 -1.0 
100.45 51.28 27.0 -1.0 1.095325 80.7675918140608 0.0353797594262941 0.04700221028414978 0.09657056855626611 2.0 -1.0 -1.0 -1.0 -1.0 
100.45 51.28 27.0 -1.0 1.0491179337 242.3027754421824 0.45182004714276314 0.01520659744487199 24.448558410891117 32.0 24.868178658055434 32.0 1.049132454985132 242.26785185848397 
100.45 51.28 27.0 -1.0 0.998004 30.387806821131786 3.739015587920551 0.024883523091608708 233.58960039078352 32.0 235.00462058830865 32.0 0.9980188527454933 30.359379932140847 
100.45 51.28 27.0 -1.0 1.660503 30.969391640674978 1.0351457422974637 0.030413194889743984 40.95808646376993 16.0 44.44214448426387 16.0 1.6604947935168943 30.865369597676526 
100.45 51.28 27.0 -1.0 1.184484581238005 161.5351836281216 7.7070590924057285 0.016589015394405805 802.1854570896412 32.0 802.341224572562 32.0 1.1844955830990027 161.51190123898928 
100.81 54.39 27.0 -1.0 0.007764724487021979 152.67301213856913 0.030496389432454397 0.06635606157762322 -1.281036773865096 1.0 -1.0 -1.0 -1.0 -1.0 
100.81 54.39 27.0 -1.0 463.52314928835057 69.24069111790642 0.09835564254624282 0.029030776940210157 -0.36494179060576615 1.0 -1.0 -1.0 -1.0 -1.0 
100.81 54.39 27.0 -1.0 0.19019613208108974 2.4405987730854743 0.3692808065379914 0.04285495643554833 1.6624620176630258 1.0 -1.0 -1.0 -1.0 -1.0 
100.81 54.39 27.0 -1.0 0.1251941493447234 57.10549166284254 0.09673832420684281 0.052531882082285056 3.349199196735519 4.0 -1.0 -1.0 -1.0 -1.0 
100.81 54.39 27.0 -1.0 407.996736 75.31958991383227 0.13137473444842837 0.08156265902249521 1.7475724468303178 1.0 -1.0 -1.0 -1.0 -1.0 
100.81 54.39 27.0 -1.0 3.46493998447 71.45530852311362 5.663374845755554 0.013824179495338174 785.5615833776473 32.0 785.7874638473568 32.0 3.464932281834384 71.44574077363812 
100.81 54.39 27.0 -1.0 0.2925653886 51.27517237158279 2.8401765316560112 0.022118687192541075 267.1123462026097 32.0 268.4756737625156 32.0 0.29255412907029194 51.5097479515323 
100.81 54.39 27.0 -1.0 2.448305150593299 0.0 7.338149555276163 0.011059343596270537 734.1785158532113 32.0 -1.0 -1.0 -1.0 -1.0 
100.81 54.39 27.0 -1.0 473.933649 150.63917982766455 4.248766129358422 0.013824179495338172 85.49891462264533 1.0 85.49891536897339 1.0 473.9335660512249 150.68372239652572 
100.81 54.39 27.0 -1.0 0.0010092333577727544 225.95876974149684 3.3500593819297015 0.01520659744487199 15.273873646634629 4.0 -1.0 -1.0 -1.0 -1.0 
100.81 55.95 27.0 -1.0 6.759848687347182 180.1832872775825 0.030686594526462482 0.09123958466923193 1.3827875643412866 2.0 -1.0 -1.0 -1.0 -1.0 
100.81 55.95 27.0 -1.0 4.80877862491 82.7117496411557 0.26560877829466867 0.022118687192541075 7.638316225932803 8.0 7.94637164384818 16.0 4.808801653174063 82.77990928163737 
100.81 55.95 27.0 -1.0 6.853688624366707 31.030592862461646 0.05358866120566024 0.03456044873834543 1.999030314229202 16.0 -1.0 -1.0 -1.0 -1.0 
100.81 55.95 27.0 -1.0 0.29194321051 53.32356642208476 0.021470056302420146 0.012441761545804354 0.9252512859770856 4.0 -1.0 -1.0 -1.0 -1.0 
100.81 55.95 27.0 -1.0 2.8307527983 0.0 0.07064556592194896 0.029030776940210157 1.0120363863186486 4.0 -1.0 -1.0 -1.0 -1.0 
100.81 55.95 27.0 -1.0 1.988072 72.98868455228275 0.3817316555416103 0.013824179495338172 27.89918630756426 32.0 29.7726801779941 32.0 1.988064468605444 72.96370977024517 
100.81 55.95 27.0 -1.0 241.545894 218.96605365684826 0.4260523315412531 0.006912089747669086 9.472981910034962 1.0 -1.0 -1.0 -1.0 -1.0 
100.81 55.95 27.0 -1.0 0.1703344611648925 16.73067956733994 2.2502730736303422 0.01520659744487199 120.28077493996727 32.0 122.61011107424304 32.0 0.17034835764206946 18.215627959284507 
100.81 55.95 27.0 -1.0 61.48547652886 63.944482116011294 8.367433302103008 0.04423737438508215 213.30263317961072 8.0 213.30264375655446 8.0 61.48547981865705 63.957093723710045 
100.81 55.95 27.0 -1.0 0.438658051563 145.9773691045655 4.042599017082547 0.017971433343939622 429.50065270154556 32.0 430.2574992065339 32.0 0.43864929466508334 146.1298154067046 
100.82 52.83 27.0 -1.0 0.785012 7.941887002779495 0.10055420575945401 0.08985716671969811 -0.0021555604348356596 1.0 -1.0 -1.0 -1.0 -1.0 
100.82 52.83 27.0 -1.0 0.19195228101558848 53.52039980172223 0.5493814451004181 0.011059343596270537 46.10739511898602 32.0 47.07115143774199 32.0 0.19196401505420607 53.23011281435362 
100.82 52.83 27.0 -1.0 0.04576191622055099 129.81841100731057 0.027761590538738463 0.019353851293473442 2.0169792116663348 1.0 -1.0 -1.0 -1.0 -1.0 
100.82 52.83 27.0 -1.0 0.300752 6.80067743346514 0.39487500641135964 0.024883523091608708 2.703839417064774 16.0 -1.0 -1.0 -1.0 -1.0 
100.82 52.83 27.0 -1.0 430.461054545748 87.89642682841588 0.9122124801314103 0.016589015394405805 15.469193793890282 1.0 -1.0 -1.0 -1.0 -1.0 
100.82 52.83 27.0 -1.0 1.577139 155.25108140917337 0.026524204292320722 0.022118687192541075 -1.6008033215830446 1.0 -1.0 -1.0 -1.0 -1.0 
100.82 52.83 27.0 -1.0 1.83801521991 232.87662211376005 0.018777050000498473 0.013824179495338172 2.9832232597719197 2.0 -1.0 -1.0 -1.0 -1.0 
100.82 52.83 27.0 -1.0 5.08957173317 43.342673642735015 7.632877084845537 0.011059343596270537 1298.8771046461306 32.0 1298.8983377491018 32.0 5.089562667611366 43.312715369854274 
100.82 52.83 27.0 -1.0 272.081088484952 0.0 1.7572133030486208 0.07465056927482613 17.249874282252154 1.0 -1.0 -1.0 -1.0 -1.0 
100.82 52.83 27.0 -1.0 1.649645949586 77.62554070458668 3.384955434907257 0.01520659744487199 468.71354792809205 32.0 469.1222423657366 32.0 1.6496414900757375 77.61881469317343 
100.96 51.28 27.0 -1.0 2.28263881746 1.3392826312072272 0.026652783666455408 0.12718245135711118 2.3392841510704887 2.0 -1.0 -1.0 -1.0 -1.0 
100.96 51.28 27.0 -1.0 0.005733282760724394 66.53364785747333 0.10394453964744334 0.0483846282336836 2.936302211064521 1.0 -1.0 -1.0 -1.0 -1.0 
100.96 51.28 27.0 -1.0 0.403403 103.91398272491789 0.24498467270948532 0.04423737438508215 2.4549721258366497 16.0 -1.0 -1.0 -1.0 -1.0 
100.96 51.28 27.0 -1.0 1.6336314252829 81.62449321982618 0.16040596785870803 0.03732528463741307 0.7514543676263978 16.0 -1.0 -1.0 -1.0 -1.0 
100.96 51.28 27.0 -1.0 0.971157 67.92076201122366 0.09993093939658365 0.030413194889743984 2.8285891984244356 8.0 -1.0 -1.0 -1.0 -1.0 
100.96 51.28 27.0 -1.0 41.71316172593156 39.867574039686566 0.10265997167873733 0.017971433343939622 2.6327739922054754 1.0 -1.0 -1.0 -1.0 -1.0 
100.96 51.28 27.0 -1.0 1.15226 0.0 0.6229876651759418 0.15621322829732134 0.3575254076992239 1.0 -1.0 -1.0 -1.0 -1.0 
100.96 51.28 27.0 -1.0 1.07069638835 79.71123231810158 0.026597602073066332 0.01520659744487199 1.0024185391131535 1.0 -1.0 -1.0 -1.0 -1.0 
100.96 51.28 27.0 -1.0 217.15243613666985 159.42246463620316 0.10626803258762316 0.027648358990676344 1.0123045405695792 2.0 -1.0 -1.0 -1.0 -1.0 
100.96 51.28 27.0 -1.0 1.864837 239.13369695430472 9.403668908068452 0.016589015394405805 968.9080299648863 32.0 969.1039737081659 32.0 1.8648279365152123 239.1307159321627 
100.99 55.56 27.0 -1.0 413.984744298621 35.53507711791873 0.018353815962816794 0.045619792334615966 -0.45448474010686907 1.0 -1.0 -1.0 -1.0 -1.0 
100.99 55.56 27.0 -1.0 1.065984 10.25008092283388 0.5726322292078694 0.01520659744487199 53.50098918454872 32.0 54.35268532602829 32.0 1.0659884234579902 10.322189176927887 
100.99 55.56 27.0 -1.0 103.14433451513285 96.11371383530954 0.7089001340999033 0.011059343596270537 15.836674667568014 2.0 16.98144384242604 2.0 103.1444602025052 96.13803645177934 
100.99 55.56 27.0 -1.0 0.35369950643211895 104.93712396588603 0.14642544806626093 0.10782860006363774 1.6328472679042367 2.0 -1.0 -1.0 -1.0 -1.0 
100.99 55.56 27.0 -1.0 0.29050272617 0.0 0.1220980339424975 0.01520659744487199 1.935679488079623 4.0 -1.0 -1.0 -1.0 -1.0 
100.99 55.56 27.0 -1.0 0.910265474731 73.15528847067519 0.14491592444291 0.013824179495338172 4.930983575103697 32.0 -1.0 -1.0 -1.0 -1.0 
100.99 55.56 27.0 -1.0 2.7212529168694544 146.31057694135038 0.04712673222244821 0.012441761545804356 1.0184317460141519 32.0 -1.0 -1.0 -1.0 -1.0 
100.99 55.56 27.0 -1.0 0.012522443348826483 219.46586541202558 0.16467272117475412 0.01520659744487199 0.12462335768582945 32.0 -1.0 -1.0 -1.0 -1.0 
100.99 55.56 27.0 -1.0 320.9279655591592 34.39374048411282 6.910093890968812 0.038707702586946884 130.20887866275078 1.0 130.20887519183924 1.0 320.92793844640255 34.40729725642629 
100.99 55.56 27.0 -1.0 0.031684024185842756 43.41468964746341 2.3149224869455183 0.01520659744487199 29.832521408518872 32.0 -1.0 -1.0 -1.0 -1.0 
101.42 50.51 27.0 -1.0 4.210849774619922 41.787306209558764 0.13394073915451488 0.10921101801317155 0.8282421241947034 1.0 -1.0 -1.0 -1.0 -1.0 
101.42 50.51 27.0 -1.0 0.8786229054449949 94.28500569645283 0.02441399008583908 0.07741540517389377 1.032392303388793 1.0 -1.0 -1.0 -1.0 -1.0 
101.42 50.51 27.0 -1.0 7.444726362361596 40.277787693961166 0.4361782105095138 0.005529671798135269 83.48612398440812 32.0 84.23463658834731 32.0 7.444729514342423 40.27677737664019 
101.42 50.51 27.0 -1.0 3.12087740359 74.90087110727104 0.27229740614506887 0.030413194889743984 0.07763040692019445 32.0 -1.0 -1.0 -1.0 -1.0 
101.42 50.51 27.0 -1.0 1.841566778822 159.72143531704054 0.01619649130098122 0.04423737438508215 0.42707866236734937 16.0 -1.0 -1.0 -1.0 -1.0 
101.42 50.51 27.0 -1.0 1.2925566305008442 239.58215297556083 0.13292674224474205 0.06635606157762322 1.4121954187175434 16.0 -1.0 -1.0 -1.0 -1.0 
101.42 50.51 27.0 -1.0 1.7107765053205546 123.61279399949177 1.2673900435120207 0.012441761545804354 103.3170718868267 32.0 104.05918195428366 32.0 1.7107898505249373 123.56267632381324 
101.42 50.51 27.0 -1.0 2.3072271 82.01717268080255 1.029440523625379 0.11474068981130682 7.987182995565309 4.0 8.034589052711418 4.0 2.3072061594575644 82.2739196161017 
101.42 50.51 27.0 -1.0 0.005920712181085924 0.0 2.062678031393121 0.017971433343939622 2.6325642445816855 8.0 -1.0 -1.0 -1.0 -1.0 
101.42 50.51 27.0 -1.0 5.459799192354 79.86071765852027 1.7632936050785848 0.02764835899067634 108.64224621322006 32.0 109.30670555082558 32.0 5.4597876442130655 79.84516922153043 
101.91 54.39 27.0 -1.0 1.313725400789 87.59426822870996 0.01362741372967789 0.045619792334615966 0.20468620532512793 4.0 -1.0 -1.0 -1.0 -1.0 
101.91 54.39 27.0 -1.0 209.24736 82.9138254319699 0.0220563859927319 0.016589015394405805 0.45079129251007194 2.0 -1.0 -1.0 -1.0 -1.0 
101.91 54.39 27.0 -1.0 364.963504 91.59670295676337 0.13320252309975797 0.038707702586946884 1.2731238938593297 1.0 -1.0 -1.0 -1.0 -1.0 
101.91 54.39 27.0 -1.0 1.051086977637501 86.65380542375752 0.01857064049598135 0.008294507697202903 0.7983507353064729 32.0 -1.0 -1.0 -1.0 -1.0 
101.91 54.39 27.0 -1.0 3.326895 72.89680299782529 0.19289835889677517 0.008294507697202903 18.957788820370247 32.0 21.390494387070632 32.0 3.3269013025953127 72.86251183713803 
101.91 54.39 27.0 -1.0 0.85045582777 145.79360599565058 0.14116107970145156 0.03456044873834543 2.4099833265503237 2.0 -1.0 -1.0 -1.0 -1.0 
101.91 54.39 27.0 -1.0 154.55235614459556 6.014587706091196 7.1233661553256065 0.017971433343939622 186.4029417251159 2.0 97.35003153822471 2.0 154.55346632127961 5.970678053321033 
101.91 54.39 27.0 -1.0 7.175998726134717 159.9005480699372 3.7441853161258685 0.02350110514207489 233.2195846321081 16.0 233.4192830354808 16.0 7.176034462948641 159.89273430927514 
101.91 54.39 27.0 -1.0 2.1725750607760346 0.0 2.0812863367917687 0.016589015394405805 170.23191986372848 32.0 -1.0 -1.0 -1.0 -1.0 
101.91 54.39 27.0 -1.0 1.617631522306 218.69040899347587 1.4411721851752102 0.03317803078881161 69.59786099986195 16.0 69.66034414428765 16.0 1.6176272765733304 218.6887334445212 
102.58 50.12 27.0 -1.0 0.370755 55.90825250575843 0.07118446715675182 0.029030776940210157 0.0039360011921830505 1.0 -1.0 -1.0 -1.0 -1.0 
102.58 50.12 27.0 -1.0 415.1186725386373 96.79116215059429 0.25306980126384854 0.02073626924300726 0.9262221434043659 1.0 -1.0 -1.0 -1.0 -1.0 
102.58 50.12 27.0 -1.0 0.06609491786439328 50.27083704476112 0.014723694633275039 0.009676925646736721 1.6393506281947394 4.0 -1.0 -1.0 -1.0 -1.0 
102.58 50.12 27.0 -1.0 1.07689483112 225.63638907115674 0.4499510986058557 0.013824179495338174 24.026497396233335 32.0 24.961744632796105 32.0 1.0769023598792653 225.87378669512788 
102.58 50.12 27.0 -1.0 168.59518497136 77.64258566737203 0.4861481941618454 0.06773847952715704 3.7126961020279516 1.0 -1.0 -1.0 -1.0 -1.0 
102.58 50.12 27.0 -1.0 0.0027483727270493745 232.9277570021161 0.04980463102203422 0.047002210284149776 12.602341550202066 1.0 -1.0 -1.0 -1.0 -1.0 
102.58 50.12 27.0 -1.0 1.70422082455 146.24667051297976 1.5635774988006865 0.011059343596270537 196.0052864084158 32.0 196.93204856686364 32.0 1.7042111721821132 146.2310133398117 
102.58 50.12 27.0 -1.0 1.177977 71.67903873342446 6.0978750043466965 0.05944397182995413 159.4628140388798 8.0 165.40401502269177 16.0 1.1779775377362967 71.74933457295953 
102.58 50.12 27.0 -1.0 1.1031415866 0.0 3.167743985497117 0.019353851293473442 138.49256227276763 32.0 -1.0 -1.0 -1.0 -1.0 
102.58 50.12 27.0 -1.0 0.4102676860891 155.28517133474406 3.720977686506908 0.013824179495338172 465.45668127332095 32.0 465.56749936548715 32.0 0.410273059969768 155.338827319454 
103.01 54.39 27.0 -1.0 1.8991317266911 40.885742103634875 0.1524116981052268 0.015206597444871989 2.7219297476826023 2.0 -1.0 -1.0 -1.0 -1.0 
103.01 54.39 27.0 -1.0 4.212470392 95.15188575939584 0.599760414219192 0.026265941041142528 29.66508718669948 16.0 29.93835292311625 16.0 4.212476293711613 95.12605712070797 
103.01 54.39 27.0 -1.0 0.016049525047125916 7.381556977087046 0.016286253188600722 0.006912089747669086 1.2151473540920321 2.0 -1.0 -1.0 -1.0 -1.0 
103.01 54.39 27.0 -1.0 3.664 173.05177524093116 0.11379039645988791 0.019353851293473442 2.520705354929399 16.0 -1.0 -1.0 -1.0 -1.0 
103.01 54.39 27.0 -1.0 0.004432397032690505 43.310806931842144 0.12311445046370002 0.01520659744487199 5.799954041815653 1.0 -1.0 -1.0 -1.0 -1.0 
