0.08 70.63 29.0 -1.0 0.50077645051 54.86412101365442 0.11015499634878988 0.017971433343939622 -0.6610103794759442 1.0 -1.0 -1.0 -1.0 -1.0 
0.08 70.63 29.0 -1.0 0.6577596477986581 158.40670233844338 0.16387830076108614 0.027648358990676344 2.168537880339984 16.0 -1.0 -1.0 -1.0 -1.0 
0.08 70.63 29.0 -1.0 0.0637091309086624 6.096013445961602 0.055740982252145105 0.013824179495338172 1.5409301581875088 1.0 -1.0 -1.0 -1.0 -1.0 
0.08 70.63 29.0 -1.0 0.38068628161576884 0.0 0.05263469700238243 0.013824179495338172 1.4639190918702174 2.0 -1.0 -1.0 -1.0 -1.0 
0.08 70.63 29.0 -1.0 0.66895 149.39715305433836 0.5730279657787807 0.005529671798135268 174.7668675767047 32.0 177.05875711349657 32.0 0.6689485113990183 149.4693471992401 
0.08 70.63 29.0 -1.0 0.3425364911 448.1914591630151 0.5166201213960514 0.06635606157762322 4.6869789967087545 8.0 -1.0 -1.0 -1.0 -1.0 
0.08 70.63 29.0 -1.0 3.39287005624701 214.21211954595952 1.5063219053801964 0.10782860006363776 36.245611383147875 8.0 36.30590662814828 8.0 3.39283966847385 214.1348264547001 
0.08 70.63 29.0 -1.0 2.358491 110.31094919493752 2.927835381106808 0.009676925646736721 731.0751822488901 32.0 731.0829346248553 32.0 2.358486502392528 110.3057470867784 
0.08 70.63 29.0 -1.0 1.29716868462 298.7943061086767 6.453286970028832 0.015206597444871989 1064.483736794731 32.0 1064.654408378753 32.0 1.297166818403639 298.7362985322659 
0.85 66.52 29.0 -1.0 67.27227804237953 33.160672794598916 0.05109410981587429 0.10091651031596865 0.5302674239839148 1.0 -1.0 -1.0 -1.0 -1.0 
0.85 66.52 29.0 -1.0 76.1140249316119 83.14997321374472 0.12050584178812834 0.017971433343939622 0.6891492104586968 2.0 -1.0 -1.0 -1.0 -1.0 
0.85 66.52 29.0 -1.0 1.569859 90.87458917255312 0.01218452436843789 0.008294507697202903 -2.5680062105919337 4.0 -1.0 -1.0 -1.0 -1.0 
0.85 66.52 29.0 -1.0 14.8661645038 31.560573774560037 0.6018357026646761 0.017971433343939622 26.307523858408977 16.0 26.307524778183527 16.0 14.866175964319458 31.573755129426477 
0.85 66.52 29.0 -1.0 4.077548727660106 0.0 0.04006455063324554 0.012441761545804354 1.2312650183877358 16.0 -1.0 -1.0 -1.0 -1.0 
0.85 66.52 29.0 -1.0 0.004535421422424813 551.7031069437514 0.1396093456155592 0.022118687192541075 1.1064402133546676 1.0 -1.0 -1.0 -1.0 -1.0 
0.85 66.52 29.0 -1.0 1.355473 53.244674287500764 1.7989765511541298 0.038707702586946884 48.0378490973352 16.0 48.151509008521835 16.0 1.3554502705422542 53.43250868056789 
0.85 66.52 29.0 -1.0 0.041935713215245925 251.16037031782741 1.087185447099887 0.03732528463741307 2.5786135818172657 8.0 -1.0 -1.0 -1.0 -1.0 
0.85 66.52 29.0 -1.0 0.23496782854016696 183.90103564791715 3.1655563223860477 0.013824179495338172 233.16374118493889 32.0 234.20690716558366 32.0 0.23495279795800647 183.77544652255924 
0.85 66.52 29.0 -1.0 1.560164141185 367.8020712958343 2.719214355501518 0.027648358990676344 76.81178357161497 32.0 83.272189327284 16.0 1.5601472114212813 367.8544868444399 
100.91 60.66 29.0 -1.0 1.305483 86.24966110757516 0.17152342191960426 0.01520659744487199 9.621077876907725 32.0 9.902272072661876 32.0 1.3054886949248612 86.22063900728 
100.91 60.66 29.0 -1.0 0.009119667231422064 56.85370919450647 0.2726738965735471 0.01520659744487199 -0.07285206440096668 32.0 -1.0 -1.0 -1.0 -1.0 
100.91 60.66 29.0 -1.0 2.1232239202884653 21.966205825150226 0.1770617745443083 0.038707702586946884 1.143258766014796 8.0 -1.0 -1.0 -1.0 -1.0 
100.91 60.66 29.0 -1.0 0.4389721569797828 116.35224648009262 0.1435210792660761 0.017971433343939622 3.178530453100228 16.0 -1.0 -1.0 -1.0 -1.0 
100.91 60.66 29.0 -1.0 4.708586 40.05602238703865 0.4316815788006796 0.02073626924300726 24.766911399124545 16.0 25.040603785390914 16.0 4.7085753370386865 40.074381510425916 
100.91 60.66 29.0 -1.0 280.05934666221 0.0 0.17608589636506689 0.0400901205364807 0.7250039333394206 1.0 -1.0 -1.0 -1.0 -1.0 
100.91 60.66 29.0 -1.0 0.63414571572 67.2916948669354 0.048715679756539225 0.019353851293473442 1.8214349582429974 16.0 -1.0 -1.0 -1.0 -1.0 
100.91 60.66 29.0 -1.0 0.011688320208362397 134.5833897338708 0.028519736887022848 0.011059343596270537 0.3979955796054107 4.0 -1.0 -1.0 -1.0 -1.0 
100.91 60.66 29.0 -1.0 4.573978487088626 56.42972911883721 5.718415757714971 0.022118687192541075 537.2315145548574 32.0 537.3073101358566 32.0 4.573970121176293 56.46844667378197 
100.91 60.66 29.0 -1.0 125.8345875794094 201.8750846008062 1.1481694855213498 0.01520659744487199 28.43698634711313 1.0 28.436985853882046 1.0 125.83429149041574 201.68748068252236 
101.19 64.24 29.0 -1.0 89.03890941296716 113.5544069067295 0.13912793572153867 0.03317803078881161 1.3963448049637088 1.0 -1.0 -1.0 -1.0 -1.0 
101.19 64.24 29.0 -1.0 10.036346119712515 63.54003320521237 0.011746459636708841 0.04147253848601452 0.7950948517429763 2.0 -1.0 -1.0 -1.0 -1.0 
101.19 64.24 29.0 -1.0 1.04963855904 132.21905286027504 0.014703365110827447 0.016589015394405805 1.233461235770461 1.0 -1.0 -1.0 -1.0 -1.0 
101.19 64.24 29.0 -1.0 1.864197737742 69.72974179164918 0.4025876851773462 0.03317803078881161 11.64129019919189 16.0 11.729233195225572 16.0 1.8642216067140303 69.62417797770968 
101.19 64.24 29.0 -1.0 0.8626196119029128 0.0 0.022394172205584643 0.1534483923982537 1.538095207927786 4.0 -1.0 -1.0 -1.0 -1.0 
101.19 64.24 29.0 -1.0 2.1825820956319593 63.67376147714156 0.2227074644610693 0.026265941041142528 4.743204963341408 16.0 -1.0 -1.0 -1.0 -1.0 
101.19 64.24 29.0 -1.0 0.915860185362 127.34752295428312 0.11091863093336349 0.02350110514207489 1.9003899577328904 16.0 -1.0 -1.0 -1.0 -1.0 
101.19 64.24 29.0 -1.0 446.7916437659388 152.88962289275844 7.917532577300839 0.013824179495338172 346.1093714315854 1.0 346.10937272849134 1.0 446.79133376727503 152.91007692488273 
101.19 64.24 29.0 -1.0 2.228545107 57.25480442454043 1.2595343643110177 0.019353851293473442 128.3470164560953 32.0 -1.0 -1.0 -1.0 -1.0 
101.19 64.24 29.0 -1.0 188.31935498014272 191.02128443142468 1.9170271464057311 0.017971433343939622 34.32152445762167 1.0 34.321523990457145 1.0 188.3192453533411 190.85930184005878 
101.21 63.84 29.0 -1.0 1.9888513628 41.1231730106895 0.026874657260811403 0.05529671798135269 0.30532458295697423 8.0 -1.0 -1.0 -1.0 -1.0 
101.21 63.84 29.0 -1.0 0.24715089350725405 8.216955204750281 0.923626850440197 0.07603298722435994 0.20326240953712613 1.0 -1.0 -1.0 -1.0 -1.0 
101.21 63.84 29.0 -1.0 2.35776350287 23.767734914674882 0.17779723078722473 0.0884747487701643 0.990713759664325 2.0 -1.0 -1.0 -1.0 -1.0 
101.21 63.84 29.0 -1.0 1.95270271662 121.00810433537623 0.15820489688171066 0.019353851293473442 2.1388840695892197 2.0 -1.0 -1.0 -1.0 -1.0 
101.21 63.84 29.0 -1.0 0.4737149506 63.988578732319375 0.1578773514215014 0.029030776940210157 1.107617346515092 32.0 -1.0 -1.0 -1.0 -1.0 
101.21 63.84 29.0 -1.0 0.37033302017362885 44.463710874302926 7.450530874157711 0.008294507697202903 1327.2242460460532 32.0 1327.2656450493582 32.0 0.3703462425619364 44.42589263403278 
101.21 63.84 29.0 -1.0 1.83365211 32.810225338594 3.4249439246819984 0.07465056927482613 80.02066913591098 8.0 80.06841083951001 8.0 1.8336625847344599 32.88932825981925 
101.21 63.84 29.0 -1.0 290.697674 0.0 1.6062775223934014 0.05529671798135269 23.312983799665396 1.0 -1.0 -1.0 -1.0 -1.0 
101.21 63.84 29.0 -1.0 0.7941361352305215 127.97715746463875 4.3768747250644155 0.08294507697202903 64.64294088348723 8.0 64.70470353730315 8.0 0.794170773588121 127.81298951431297 
101.21 63.84 29.0 -1.0 134.03119273086813 191.96573619695812 1.2176109662385635 0.026265941041142528 16.299395895268646 1.0 16.299395596229477 1.0 134.03090027471384 191.770083238023 
101.34 52.83 29.0 -1.0 0.34069385843 29.5216189748607 0.518407728152382 0.07188573337575849 1.4211024153113099 2.0 -1.0 -1.0 -1.0 -1.0 
101.34 52.83 29.0 -1.0 292.02 65.0484119958499 0.12431096876126296 0.01520659744487199 1.626247900886785 1.0 -1.0 -1.0 -1.0 -1.0 
101.34 52.83 29.0 -1.0 0.15681158742456863 27.114965254084012 0.4181789195669733 0.03317803078881161 0.7730895959620886 1.0 -1.0 -1.0 -1.0 -1.0 
101.34 52.83 29.0 -1.0 5.757659 0.0 0.014009242128205649 0.012441761545804352 1.4231558328044283 1.0 -1.0 -1.0 -1.0 -1.0 
101.34 52.83 29.0 -1.0 0.29050272617 76.39406525094 0.018189718689592425 0.011059343596270537 0.9057938230299968 4.0 -1.0 -1.0 -1.0 -1.0 
101.34 52.83 29.0 -1.0 151.73732968936153 229.18219575282 0.4898566485950714 0.13962421290291552 10.895414218601328 1.0 10.895413511231515 1.0 151.73767072459063 229.11212055455624 
101.34 52.83 29.0 -1.0 1.114243 31.424021439855608 5.198422660690873 0.012441761545804354 851.5969846763522 32.0 851.8295812757452 32.0 1.1142522756320736 31.472557196319343 
101.34 52.83 29.0 -1.0 0.2916745530517 91.22363627324968 1.1394772809123324 0.02350110514207489 58.51045547176142 32.0 58.881709627451265 32.0 0.2916749508585781 90.9769418633154 
101.34 52.83 29.0 -1.0 70.43590801893238 70.75561939083461 4.574735998438599 0.012441761545804354 219.75129740335765 4.0 219.82480617782775 4.0 70.43587781178455 70.73735524188817 
101.34 52.83 29.0 -1.0 0.20563971182 152.78813050188 1.0118135941650404 0.04423737438508215 15.822444860586176 16.0 16.035044200705716 16.0 0.20566706856091818 154.83283765391832 
102.56 74.15 29.0 -1.0 5.372136744278732 63.62814726649581 1.8725233532412369 0.017971433343939622 319.1915689735897 32.0 319.60354905253195 32.0 5.372142671452215 63.65349992438864 
102.56 74.15 29.0 -1.0 2.358491 34.7324079601478 5.874581018442158 0.023501105142074888 774.727660915097 32.0 774.7426711283169 32.0 2.358486502392528 34.7108910557477 
102.56 74.15 29.0 -1.0 0.0024727047830328253 169.1618836792586 2.851973688702285 0.004147253848601451 37.3720089344858 32.0 37.372007840967335 32.0 0.0024707939398164553 168.39336069027456 
103.38 73.72 29.0 -1.0 0.04155204828721927 22.734165265674946 1.6547099264003002 0.027648358990676344 4.2569071382884385 16.0 7.082653269322107 4.0 0.1661343655238549 31.573755129426477 
103.38 73.72 29.0 -1.0 0.3211609168549823 30.379730867271643 7.049930221673033 0.1534483923982537 14.73054942590103 8.0 15.067378415523518 8.0 0.3211728956860801 33.29411999224779 
103.38 73.72 29.0 -1.0 7.209051885344254 70.93667157507929 2.667120296015812 0.012441761545804354 461.8318539736483 32.0 461.85263440930134 32.0 7.209049120622998 70.93975110810246 
103.38 73.72 29.0 -1.0 0.0022555699629165453 168.75940496769397 4.260523315412531 0.07603298722435994 19.901111699158395 4.0 13.113215959382538 1.0 0.0043655745685100555 167.07778755988178 
103.49 72.45 29.0 -1.0 5.014297347659681 84.77783196534682 0.054259207637194926 0.0483846282336836 3.079111204336218 1.0 -1.0 -1.0 -1.0 -1.0 
103.49 72.45 29.0 -1.0 0.909755891651 44.121155337734585 0.5948088720445762 0.07465056927482613 7.868867066371603 8.0 8.446238617956594 4.0 1.8194744673868022 43.11031950364 
103.49 72.45 29.0 -1.0 0.4626931850835 48.36684003151197 0.02623263304627603 0.015206597444871989 1.6104957177939296 4.0 -1.0 -1.0 -1.0 -1.0 
103.49 72.45 29.0 -1.0 1.88965575261 63.34561563115858 0.19571727614076428 0.06773847952715704 2.1965898747604538 4.0 -1.0 -1.0 -1.0 -1.0 
103.49 72.45 29.0 -1.0 0.4584366348 56.6034683374401 0.17730658797940135 0.07188573337575849 1.983751234329142 8.0 -1.0 -1.0 -1.0 -1.0 
