10.41 54.25 30.0 -1.0 276.3963275801 9.380184193384876 0.1690529689206087 0.009676925646736721 3.1730366719426026 1.0 -1.0 -1.0 -1.0 -1.0 
10.41 54.25 30.0 -1.0 10.017073 37.92721142191951 0.13912793572153864 0.022118687192541075 3.014788155447689 4.0 -1.0 -1.0 -1.0 -1.0 
10.41 54.25 30.0 -1.0 4.89941319293 140.57769377819466 0.021219379168489504 0.013824179495338172 0.6138291638776286 16.0 -1.0 -1.0 -1.0 -1.0 
10.41 54.25 30.0 -1.0 0.013051224508255634 0.0 0.13702937641432392 0.06497364362808941 0.7741720741278738 16.0 -1.0 -1.0 -1.0 -1.0 
10.41 54.25 30.0 -1.0 2.012072 104.21384638850596 0.2250273073630341 0.04147253848601452 2.224557534876727 16.0 -1.0 -1.0 -1.0 -1.0 
10.41 54.25 30.0 -1.0 10.175670257180695 208.4276927770119 0.25552932284423435 0.024883523091608708 8.068777686595546 8.0 8.200485757471125 8.0 10.175669255355995 208.2653463344862 
10.41 54.25 30.0 -1.0 0.495493 312.6415391655179 0.039733783034277194 0.022118687192541075 0.4838489024424044 32.0 -1.0 -1.0 -1.0 -1.0 
10.41 54.25 30.0 -1.0 0.0010812561020884215 58.157141998986226 6.3515582892056885 0.02350110514207489 11.16488977301749 2.0 -1.0 -1.0 -1.0 -1.0 
10.41 54.25 30.0 -1.0 322.40618253567385 168.03036618416772 2.1131605445517665 0.031795612839277794 31.470834154466377 1.0 31.470834800623468 1.0 322.4064130336046 167.98856895784598 
10.41 54.25 30.0 -1.0 0.45935 13.820138044920382 1.6524252102722583 0.011059343596270537 109.86526457174801 32.0 110.7705724062921 32.0 0.459355457375447 13.965314768784792 
100.27 69.53 30.0 -1.0 0.10807331856800009 9.739755574797455 3.0517464977915516 0.011059343596270537 139.42636152052376 32.0 178.705170831074 32.0 0.10807828706068298 15.28088789917756 
100.27 69.53 30.0 -1.0 2.1507181757 60.5645621843282 1.3759855127211713 0.0884747487701643 31.715460681483687 4.0 31.744874956013867 4.0 2.1507730707526207 60.819957797388824 
100.42 64.64 30.0 -1.0 1.75052694621 17.045728204212725 0.017223587367143956 0.03456044873834543 3.122981333808833 2.0 -1.0 -1.0 -1.0 -1.0 
100.42 64.64 30.0 -1.0 0.21237375227076602 87.38828079354306 0.027819187039232543 0.03041319488974398 0.45061515307756056 1.0 -1.0 -1.0 -1.0 -1.0 
100.42 64.64 30.0 -1.0 0.04555210001633608 175.27790653426885 0.49873493106103073 0.013824179495338172 13.114113803263102 32.0 14.58215308302835 32.0 0.045565684558823705 175.7808098070955 
100.42 64.64 30.0 -1.0 0.01911184088305906 56.285611570245415 0.479477328389371 0.011059343596270537 1.4865826423329214 8.0 -1.0 -1.0 -1.0 -1.0 
100.42 64.64 30.0 -1.0 15.107815784735827 0.0 0.5209207739914885 0.21427478217774165 1.1017839640802016 2.0 -1.0 -1.0 -1.0 -1.0 
100.42 64.64 30.0 -1.0 6.393872581394 64.26856572923191 0.6886266062301213 0.05391430003181887 15.054509886118224 8.0 15.054509842959389 8.0 6.3938690194239225 64.26068752303146 
100.42 64.64 30.0 -1.0 1.25242411862 128.53713145846382 0.07879336515072571 0.026265941041142528 1.3478920542134705 2.0 -1.0 -1.0 -1.0 -1.0 
100.42 64.64 30.0 -1.0 1.22896880609 72.00084741462706 1.704602661965842 0.01520659744487199 125.61975810549829 32.0 125.8353136192835 32.0 1.228969874015699 71.95173043917382 
100.42 64.64 30.0 -1.0 6.2435670953068 192.70928469785292 2.7838412414827753 0.012441761545804354 242.47237954062115 16.0 244.64474206868744 16.0 6.243559861710916 192.5796667028801 
100.42 64.64 30.0 -1.0 1.25904326788 192.80569718769573 6.161393809520712 0.01520659744487199 771.4638100002153 32.0 771.5534936746893 32.0 1.2590438321543238 192.5796667028801 
100.49 66.26 30.0 -1.0 2.66723044134 148.96316291752393 0.27780776110354016 0.006912089747669086 78.46407686900415 32.0 80.10256417376831 32.0 2.6672144789093486 148.9633575337044 
100.49 66.26 30.0 -1.0 1.887929 19.653423743952356 0.6127435210676334 0.038707702586946884 14.778282656839243 16.0 14.92784180941984 16.0 1.8879291019402447 19.531201089677275 
100.49 66.26 30.0 -1.0 0.80130712057 78.35014331640777 0.020913756307675824 0.052531882082285056 3.0174390597563985 1.0 -1.0 -1.0 -1.0 -1.0 
100.49 66.26 30.0 -1.0 0.7834238655625 39.00564559144567 0.08258319656079105 0.012441761545804354 1.754395751711501 1.0 -1.0 -1.0 -1.0 -1.0 
100.49 66.26 30.0 -1.0 0.448544888919 0.0 0.03463011592765149 0.06635606157762322 1.1937854844053168 16.0 -1.0 -1.0 -1.0 -1.0 
100.49 66.26 30.0 -1.0 246.91358 62.744120056123755 0.09767849958473801 0.013824179495338172 1.7335120471297902 2.0 -1.0 -1.0 -1.0 -1.0 
100.49 66.26 30.0 -1.0 0.008630369933207007 188.23236016837126 0.013468304644516448 0.013824179495338172 -0.6934770761938723 8.0 -1.0 -1.0 -1.0 -1.0 
100.49 66.26 30.0 -1.0 0.08393625336192884 134.7313733098343 2.78769030342082 0.04285495643554833 19.09789122066071 16.0 23.25347257915294 32.0 0.08394636097364128 137.7303869588123 
100.49 66.26 30.0 -1.0 0.0193771506596152 59.18617265420135 1.4622327330595073 0.017971433343939622 1.4524467439588298 2.0 -1.0 -1.0 -1.0 -1.0 
100.49 66.26 30.0 -1.0 3.60099929741 125.48824011224751 7.80888916834315 0.06220880772902178 236.32985918087715 16.0 236.48818189258023 16.0 3.600992689219614 125.48543705284884 
100.55 63.04 30.0 -1.0 450.75258218597 85.99381623546131 0.03205166427360524 0.01382417949533817 -0.12735747710176898 1.0 -1.0 -1.0 -1.0 -1.0 
100.55 63.04 30.0 -1.0 0.001885472350448696 115.85086923241347 0.7923004251845865 0.016589015394405805 23.622954804883623 2.0 -1.0 -1.0 -1.0 -1.0 
100.55 63.04 30.0 -1.0 0.6279752367 0.0 0.18596317084298622 0.027648358990676344 1.5539405011558252 16.0 -1.0 -1.0 -1.0 -1.0 
100.55 63.04 30.0 -1.0 1.088837931564 65.51254617435258 0.31221189475784467 0.07603298722435994 2.636885190131889 8.0 -1.0 -1.0 -1.0 -1.0 
100.55 63.04 30.0 -1.0 0.970346 131.02509234870516 0.6435478712697457 0.03732528463741307 15.63955037809326 16.0 15.755732828420081 16.0 0.9703095808314781 130.64653164131278 
100.55 63.04 30.0 -1.0 0.0026249295204437808 196.53763852305775 0.12235134866027213 0.04147253848601452 20.013113914188956 1.0 -1.0 -1.0 -1.0 -1.0 
100.55 63.04 30.0 -1.0 307.92530350133717 21.3657778852449 1.376936433330689 0.011059343596270537 41.231903047855816 1.0 41.23190297916399 1.0 307.92531712601584 21.35276388560573 
100.55 63.04 30.0 -1.0 2.00370471529 43.3408833826725 8.775953823312232 0.012441761545804354 1464.1158165853672 32.0 1464.516505866838 32.0 2.003707777475938 43.312715369854274 
100.55 63.04 30.0 -1.0 0.012294358768361494 74.67211608651829 1.02589074082829 0.009676925646736721 1.551330909334474 8.0 -1.0 -1.0 -1.0 -1.0 
100.55 63.04 30.0 -1.0 0.30854403133 172.77386164793253 3.589678100442135 0.016589015394405805 350.00606237400245 32.0 350.40677898541446 32.0 0.3085309193314364 172.74487181388142 
100.61 62.24 30.0 -1.0 12.22911299943848 92.74271830128707 0.357977215458131 0.016589015394405805 12.56707135865677 8.0 12.908605414321487 16.0 12.229126393018912 92.79850465924385 
100.61 62.24 30.0 -1.0 0.34069385843 85.37651224481576 0.8891906748226454 0.015206597444871992 80.81639888200826 32.0 81.00540605835631 32.0 0.3406967152841389 85.6134514086372 
100.61 62.24 30.0 -1.0 141.145053 31.768004556210517 0.13092171966844393 0.016589015394405805 1.426595384859992 1.0 -1.0 -1.0 -1.0 -1.0 
100.61 62.24 30.0 -1.0 0.35169302087 88.15621264348418 0.07863023234283902 0.009676925646736721 2.593742876479343 32.0 -1.0 -1.0 -1.0 -1.0 
100.61 62.24 30.0 -1.0 0.6468 60.89529373368603 0.3174316050154982 0.013824179495338172 29.849480486718253 32.0 -1.0 -1.0 -1.0 -1.0 
100.61 62.24 30.0 -1.0 0.246245 0.0 0.8910354636170879 0.05391430003181887 0.5380163920484992 4.0 -1.0 -1.0 -1.0 -1.0 
100.61 62.24 30.0 -1.0 0.904609 66.17672449115604 0.29542486429438003 0.011059343596270537 23.929018507280876 32.0 -1.0 -1.0 -1.0 -1.0 
100.61 62.24 30.0 -1.0 0.811766073133 198.5301734734681 0.7414587739333255 0.031795612839277794 20.604144199271737 16.0 20.778352721523156 16.0 0.8117543378223976 198.2467509568797 
100.61 62.24 30.0 -1.0 1.97406732779 47.55273182007762 2.734284398071609 0.02350110514207489 205.72803833067846 32.0 206.20670528259072 32.0 1.974058250198141 47.563028560353985 
100.61 62.24 30.0 -1.0 0.3967613979300639 132.35344898231207 2.210214600222975 0.03732528463741307 97.47761721154828 16.0 97.5866903752813 16.0 0.3967822218934695 132.56929237034836 
100.64 61.85 30.0 -1.0 5.38416 50.066678045389466 0.04011994565168601 0.009676925646736721 1.211649096813781 2.0 -1.0 -1.0 -1.0 -1.0 
100.64 61.85 30.0 -1.0 459.2824302907366 76.86601986083707 0.011161042720880969 0.12441761545804357 2.192518568981283 1.0 -1.0 -1.0 -1.0 -1.0 
100.64 61.85 30.0 -1.0 1.1401938973 66.50946111011682 0.06996558801565783 0.022118687192541075 1.3186977194819394 1.0 -1.0 -1.0 -1.0 -1.0 
100.64 61.85 30.0 -1.0 186.651669856731 199.52838333035044 0.9468858568438856 0.019353851293473442 16.019040461494953 1.0 16.019040149113998 1.0 186.65159586817026 199.3599282210582 
100.64 61.85 30.0 -1.0 0.16646522779542708 168.69816508398665 1.107654816828812 0.031795612839277794 19.326401842727947 16.0 24.180306604344835 32.0 0.16646784691450497 169.20294415513166 
100.64 61.85 30.0 -1.0 267.04459254652 58.70712108789789 6.924430145429816 0.02350110514207489 125.33811398223317 1.0 125.33811351790514 1.0 267.0441366111239 58.69480120213896 
100.64 61.85 30.0 -1.0 0.448916 96.46166666855827 2.9501696080549085 0.03456044873834543 146.9130118218736 16.0 147.1169786447444 16.0 0.44892658479511743 96.34043231799362 
100.64 61.85 30.0 -1.0 0.0017679866917203356 92.31106123474359 1.8202289300418886 0.006912089747669086 16.825878215640397 2.0 -1.0 -1.0 -1.0 -1.0 
100.64 61.85 30.0 -1.0 0.0010812561020884215 0.0 5.686898637929253 0.05391430003181887 10.927247953188395 2.0 -1.0 -1.0 -1.0 -1.0 
100.64 61.85 30.0 -1.0 5.75880304823 133.01892222023363 1.6592888398725765 0.011059343596270537 167.74877739088592 16.0 168.085146859844 16.0 5.7587991856659455 133.07528203588404 
100.93 60.26 30.0 -1.0 7.98533519368 27.688710026686753 0.052236226600888856 0.013824179495338172 1.5094440205013462 8.0 -1.0 -1.0 -1.0 -1.0 
100.93 60.26 30.0 -1.0 5.866135 42.80272342349889 0.7923004251845865 0.022118687192541075 56.96177387203415 16.0 57.1772669211742 32.0 5.86614987696521 42.8067257043186 
100.93 60.26 30.0 -1.0 0.10087452729594669 116.99140208634557 0.09653803837785298 0.019353851293473442 2.6989749868418373 2.0 -1.0 -1.0 -1.0 -1.0 
100.93 60.26 30.0 -1.0 2.548086 58.68868911746004 0.02214800094924229 0.022118687192541075 1.8936445986643025 8.0 -1.0 -1.0 -1.0 -1.0 
100.93 60.26 30.0 -1.0 201.403784 55.60087992886401 0.016410488614265587 0.026265941041142524 1.4878189485634037 2.0 -1.0 -1.0 -1.0 -1.0 
100.93 60.26 30.0 -1.0 0.15254689116371892 0.0 0.632091685978404 0.011059343596270537 16.49066478537058 32.0 -1.0 -1.0 -1.0 -1.0 
100.93 60.26 30.0 -1.0 0.38243974963539146 135.41668454724424 0.47061662687629635 0.016589015394405805 33.13780141769942 32.0 33.27657664587803 32.0 0.3824425220955164 135.5040324304553 
100.93 60.26 30.0 -1.0 0.9031862366998201 203.12502682086637 0.20217645303704457 0.04009012053648069 1.6762457002413287 16.0 -1.0 -1.0 -1.0 -1.0 
100.93 60.26 30.0 -1.0 22.84670265144544 74.33088040179518 5.035820100870976 0.015206597444871992 313.91686401678993 16.0 313.9915769487981 16.0 22.846688807476312 74.38048083374507 
100.93 60.26 30.0 -1.0 0.485343 67.70834227362212 2.264307961349155 0.031795612839277794 111.72003111183315 16.0 116.16876384825238 32.0 0.48533668935609364 67.60021931556696 
101.15 69.94 30.0 -1.0 2.7717375205464316 89.06359346980031 1.0195319497075284 0.022118687192541075 119.84484057039035 32.0 120.52490881231998 32.0 2.7717305783880875 89.05418113427982 
101.15 69.94 30.0 -1.0 0.525735 165.19197296324447 3.619560712055739 0.05391430003181887 138.8712302934264 8.0 -1.0 -1.0 -1.0 -1.0 
101.15 69.94 30.0 -1.0 3.266185930826 59.548436717120246 7.45567981162441 0.0483846282336836 449.34718062653286 16.0 463.25069673994847 32.0 3.2661925312519697 59.60558260010319 
101.26 66.66 30.0 -1.0 0.010229960329589642 6.995120521035537 0.251501195620805 0.04285495643554833 0.7572565896921528 16.0 -1.0 -1.0 -1.0 -1.0 
101.26 66.66 30.0 -1.0 0.06400257968525651 9.086254433408595 0.010744918366085439 0.038707702586946884 0.7762391590675337 1.0 -1.0 -1.0 -1.0 -1.0 
101.26 66.66 30.0 -1.0 0.06920317983408404 71.5796988766282 0.02985021714522505 0.024883523091608708 0.7722627646082707 4.0 -1.0 -1.0 -1.0 -1.0 
101.26 66.66 30.0 -1.0 186.651669856731 82.88662649131791 0.02521971497542445 0.05806155388042032 1.3407387456653983 2.0 -1.0 -1.0 -1.0 -1.0 
101.26 66.66 30.0 -1.0 55.493896 33.49515381765694 0.031809017497637995 0.013824179495338172 1.2393687186047462 8.0 -1.0 -1.0 -1.0 -1.0 
101.26 66.66 30.0 -1.0 42.7907451472 0.0 0.016987247418078028 0.031795612839277794 1.1063285264065286 8.0 -1.0 -1.0 -1.0 -1.0 
101.26 66.66 30.0 -1.0 39.475126410105304 61.679197610083186 0.044133104287210664 0.05391430003181887 0.9084728873385858 8.0 -1.0 -1.0 -1.0 -1.0 
101.26 66.66 30.0 -1.0 0.39765 123.35839522016637 0.03881136309613714 0.008294507697202903 0.13505564559405753 1.0 -1.0 -1.0 -1.0 -1.0 
101.26 66.66 30.0 -1.0 3.430655769877 103.24279731972821 6.796467247011047 0.02350110514207489 443.103352253758 32.0 443.15623028812115 32.0 3.4306443315775446 103.22189176927888 
101.26 66.66 30.0 -1.0 3.57361490181 185.03759283024957 6.7823959253509845 0.05529671798135269 253.41133753237892 8.0 15.129445120571273 2.0 3.571525060882171 179.120341599631 
101.28 62.64 30.0 -1.0 3.432398403432 91.79858280447121 0.19490769383204656 0.022118687192541075 4.507557768149587 4.0 -1.0 -1.0 -1.0 -1.0 
101.28 62.64 30.0 -1.0 0.04513534918907516 33.71993831929694 0.026214516631602274 0.013824179495338172 1.6813374095153908 1.0 -1.0 -1.0 -1.0 -1.0 
101.28 62.64 30.0 -1.0 0.8189874162 79.10241169639585 0.41904650827064804 0.04700221028414978 5.5736612426386944 16.0 -1.0 -1.0 -1.0 -1.0 
101.28 62.64 30.0 -1.0 1.287 71.08685666503028 0.04562111722428298 0.005529671798135269 1.514940723544744 16.0 -1.0 -1.0 -1.0 -1.0 
101.28 62.64 30.0 -1.0 0.72575866505 124.09483373376892 0.023732174541416837 0.011059343596270537 1.1914544070172162 16.0 -1.0 -1.0 -1.0 -1.0 
101.28 62.64 30.0 -1.0 1.0360830564734 0.0 0.10767210665768977 0.017971433343939622 1.4476090871278564 16.0 -1.0 -1.0 -1.0 -1.0 
101.28 62.64 30.0 -1.0 263.852243 65.00205576530753 0.2840176531656011 0.009676925646736721 9.879224160660556 1.0 -1.0 -1.0 -1.0 -1.0 
101.28 62.64 30.0 -1.0 0.633998928392 195.00616729592258 0.054146870045335145 0.006912089747669086 3.8617749323871404 16.0 -1.0 -1.0 -1.0 -1.0 
101.28 62.64 30.0 -1.0 0.30814881658266796 57.25953667175005 2.525458486798649 0.01520659744487199 255.7995298882388 32.0 256.50191404194226 32.0 0.3081368049606681 57.17683220553193 
101.28 62.64 30.0 -1.0 9.365805353968 130.00411153061506 2.8737292245580672 0.03041319488974398 124.5465683087203 16.0 125.74373273646427 16.0 9.36579453991726 130.03934404266994 
101.29 66.26 30.0 -1.0 2.4500513636 91.65384859867015 0.04781541800948389 0.022118687192541075 3.36542573149521 16.0 -1.0 -1.0 -1.0 -1.0 
101.29 66.26 30.0 -1.0 0.976926 90.61359413545054 0.6611226376675332 0.013824179495338172 77.49074496037342 32.0 80.59697626378333 32.0 0.9769185756643614 90.67334806399398 
101.29 66.26 30.0 -1.0 1.16904199244 94.12445294881671 0.04878303620845995 0.016589015394405805 -0.3492018560002408 2.0 -1.0 -1.0 -1.0 -1.0 
101.29 66.26 30.0 -1.0 2.3063232018406516 145.9699923567795 0.07543758187143425 0.02211868719254107 0.9146284222526535 8.0 -1.0 -1.0 -1.0 -1.0 
101.29 66.26 30.0 -1.0 1.596821246630255 61.91371653412396 0.03124276591845171 0.02073626924300726 1.5648406149740601 8.0 -1.0 -1.0 -1.0 -1.0 
101.29 66.26 30.0 -1.0 78.2101189443 123.82743306824791 0.013817009029464065 0.1354769590543141 1.0091424359287553 1.0 -1.0 -1.0 -1.0 -1.0 
101.29 66.26 30.0 -1.0 0.0370422602781121 116.28558820990578 5.801981739716653 0.02211868719254107 133.50209255033363 32.0 137.21528456017208 32.0 0.03704675085221728 123.05668665827756 
101.29 66.26 30.0 -1.0 0.368991 87.62286255369418 2.2565000295026394 0.13132970520571263 5.871044622841987 4.0 -1.0 -1.0 -1.0 -1.0 
101.29 66.26 30.0 -1.0 277.9377069492822 0.0 1.8417323759088686 0.0483846282336836 30.56058985627447 1.0 -1.0 -1.0 -1.0 -1.0 
101.29 66.26 30.0 -1.0 0.544366 185.74114960237188 1.1836064433841873 0.07326815132529231 10.622246226369526 8.0 10.680276910299206 8.0 0.5443628955011567 185.49581138538056 
101.31 65.85 30.0 -1.0 35.84361176729218 63.466447333787045 0.0124139328239447 0.013824179495338172 2.1212325308054902 1.0 -1.0 -1.0 -1.0 -1.0 
101.31 65.85 30.0 -1.0 8.312810859527579 145.77507920817519 0.6047531759704804 0.06220880772902178 8.739740298532551 4.0 10.151446666834376 8.0 8.312781574204564 145.62382574116893 
101.31 65.85 30.0 -1.0 0.005087595857611346 83.52124771115949 0.11418413350785181 0.012441761545804354 0.41801414557014593 1.0 -1.0 -1.0 -1.0 -1.0 
101.31 65.85 30.0 -1.0 16.18596718059686 134.97347044678108 0.13941658208736357 0.03041319488974398 3.703421938374696 1.0 -1.0 -1.0 -1.0 -1.0 
101.31 65.85 30.0 -1.0 5.060596149049595 13.599953000097223 0.3143762614089719 0.012441761545804354 28.92751061254946 32.0 29.65725664632034 32.0 5.060610419604927 13.560523036356244 
101.31 65.85 30.0 -1.0 0.1011112983493 0.0 0.02741850710128852 0.008294507697202903 2.334889782335354 1.0 -1.0 -1.0 -1.0 -1.0 
101.31 65.85 30.0 -1.0 1.41844 124.35841796796721 0.6169912824917189 0.006912089747669086 75.15062451656905 16.0 75.15062614787833 16.0 1.4184479368850589 124.37225978867033 
101.31 65.85 30.0 -1.0 3.504856 52.75811671368306 8.667498783590988 0.016589015394405805 1111.899998942191 32.0 1111.9058106293503 32.0 3.5048590992422155 52.72412314881794 
101.31 65.85 30.0 -1.0 0.10321920367257825 62.17920898398361 8.235530295828552 0.017971433343939622 420.7977060675079 32.0 425.2449418316652 32.0 0.10322764865122737 64.66547925546 
101.31 65.85 30.0 -1.0 0.1056183785183329 186.5376269519508 1.4352107926607618 0.006912089747669086 159.63712622449302 32.0 160.33450739693387 32.0 0.10562265136589608 186.30539485023766 
101.37 72.45 30.0 -1.0 1.8413063480231104 78.71781707511342 0.1897264203540807 0.016589015394405805 19.641970753767453 16.0 20.08115819786083 32.0 1.8413023402293525 78.83318989045907 
101.37 72.45 30.0 -1.0 2.6716878429782267 59.43255834638763 0.19157032358907672 0.011059343596270537 16.75043604417953 8.0 16.750434696956006 8.0 2.671671002948036 59.40318673388892 
101.37 72.45 30.0 -1.0 1.194572 104.18891350927954 0.12708971653659945 0.031795612839277794 4.242721409167782 16.0 -1.0 -1.0 -1.0 -1.0 
101.37 72.45 30.0 -1.0 4.295902 114.65458850671922 0.48047209186097195 0.04147253848601452 16.358211192863042 8.0 19.83972256052783 8.0 4.295907274354249 114.55606027727812 
101.37 72.45 30.0 -1.0 1.0463823251756 57.75181252726238 1.1852429499647235 0.02350110514207489 118.28921257782505 16.0 119.06011803553656 16.0 1.046373654389754 57.78401980417475 
101.37 72.45 30.0 -1.0 1.2232071190499312 115.50362505452476 6.838856615578881 0.011059343596270537 2025.5684122671898 32.0 2027.9753919930372 32.0 1.2232097409044704 115.5680396083495 
101.37 72.45 30.0 -1.0 0.7344570205862105 173.25543758178713 2.668963498312709 0.03041319488974398 237.32288604249126 32.0 237.7996589629691 32.0 0.7344624464167282 173.0484656132028 
101.58 60.26 30.0 -1.0 2.11347 157.9163332209717 0.04219514914022988 0.016589015394405805 1.6918471492210658 8.0 -1.0 -1.0 -1.0 -1.0 
101.58 60.26 30.0 -1.0 2.0089502995 63.6032421637175 0.022658727867683442 0.012441761545804354 -1.8138199515373286 4.0 -1.0 -1.0 -1.0 -1.0 
101.58 60.26 30.0 -1.0 6.02064 98.19939939733645 0.05296297807688796 0.022118687192541075 1.5541348225605098 16.0 -1.0 -1.0 -1.0 -1.0 
101.58 60.26 30.0 -1.0 0.7305228974971 55.069389829310055 0.15886202787099993 0.04147253848601452 0.6922564747288024 2.0 -1.0 -1.0 -1.0 -1.0 
101.58 60.26 30.0 -1.0 45.3103564778872 75.56265494221809 0.037235491920474366 0.011059343596270537 -4.951246058862808 8.0 -1.0 -1.0 -1.0 -1.0 
101.58 60.26 30.0 -1.0 30.467142155106 0.0 0.08472133669971817 0.015206597444871989 1.9810175049872254 1.0 -1.0 -1.0 -1.0 -1.0 
101.58 60.26 30.0 -1.0 0.10087452729594669 66.76837988399069 0.6698577683562248 0.019353851293473442 3.6444977671291734 32.0 6.122821317419185 32.0 0.10089327891667685 65.98105238585276 
101.58 60.26 30.0 -1.0 0.3569653405190533 133.53675976798138 0.11261731286113437 0.05529671798135269 -0.08900613690373634 8.0 -1.0 -1.0 -1.0 -1.0 
101.58 60.26 30.0 -1.0 0.020102788454756684 200.30513965197207 0.01776744429467855 0.05944397182995413 0.857069741356181 2.0 -1.0 -1.0 -1.0 -1.0 
101.58 60.26 30.0 -1.0 3.60099929741 79.7093860061203 1.1992449291625817 0.012441761545804354 177.0337578575538 32.0 177.87285207115892 32.0 3.600992689219614 79.74397128842328 
101.65 72.87 30.0 -1.0 0.016650549530696494 58.01677326785912 0.9896908382846966 0.1755670795907948 1.1191310246101511 2.0 -1.0 -1.0 -1.0 -1.0 
101.65 72.87 30.0 -1.0 7.8664037135 33.84598701620506 0.07857592982991538 0.03041319488974398 2.8509384136920812 1.0 -1.0 -1.0 -1.0 -1.0 
101.65 72.87 30.0 -1.0 2.66804205168 39.88868357911857 0.021603964419195924 0.017971433343939622 0.8889273100746935 8.0 -1.0 -1.0 -1.0 -1.0 
101.65 72.87 30.0 -1.0 0.0011853443605271085 50.14921677426517 0.05726322292078694 0.0884747487701643 9.628155101748783 2.0 -1.0 -1.0 -1.0 -1.0 
101.65 72.87 30.0 -1.0 2.515150138446 0.0 0.010641496346621235 0.0027648358990676344 1.1737897664015864 32.0 -1.0 -1.0 -1.0 -1.0 
101.65 72.87 30.0 -1.0 0.0022043335512826594 114.75958771618662 0.25908444779529555 0.038707702586946884 6.858729730968231 1.0 -1.0 -1.0 -1.0 -1.0 
101.65 72.87 30.0 -1.0 0.003395332831576623 36.2217480580343 8.721557721439991 0.013824179495338172 92.85061489690405 32.0 -1.0 -1.0 -1.0 -1.0 
101.65 72.87 30.0 -1.0 0.008551411689614681 27.200742362972527 1.6320042001547708 0.011059343596270537 3.393163779458206 4.0 -1.0 -1.0 -1.0 -1.0 
101.87 68.71 30.0 -1.0 1.857557562173 48.405557546371845 9.065583023636844 0.016589015394405805 1701.722937117362 32.0 1701.796107295303 32.0 1.8575671371460583 48.372612025211076 
101.87 68.71 30.0 -1.0 6.129329 62.271546273570884 7.2174841460961225 0.01382417949533817 1361.7506911020039 32.0 1361.9229409788338 32.0 6.1293273271682365 62.23672886088873 
101.87 68.71 30.0 -1.0 0.981881470652 119.4194843094429 1.776744429467855 0.04700221028414978 68.02330354638232 16.0 68.02330492849694 16.0 0.9818904800340534 119.41356106642067 
101.92 64.24 30.0 -1.0 0.685994 77.31803558977326 0.5842203191873787 0.026265941041142524 30.033697501314442 16.0 30.217695486057053 16.0 0.6860015370572607 77.61881469317343 
101.92 64.24 30.0 -1.0 3.5852282245022074 26.256112451192188 0.4196259004936027 0.02073626924300726 32.33373732998561 16.0 33.10971344825439 16.0 3.5852281143888836 26.210264674748267 
101.92 64.24 30.0 -1.0 1.187501460259 68.72923553400308 0.46480064994786663 0.052531882082285056 4.5162814686164525 4.0 -1.0 -1.0 -1.0 -1.0 
101.92 64.24 30.0 -1.0 0.17429362903338624 101.99200066227094 0.03026551684776553 0.022118687192541075 1.110270274036353 1.0 -1.0 -1.0 -1.0 -1.0 
101.92 64.24 30.0 -1.0 475.3568747441 35.07093356106159 0.5471089349395308 0.009676925646736721 11.044263634632543 1.0 11.044263517226865 1.0 475.35674336055916 35.11568278817624 
101.92 64.24 30.0 -1.0 2.932827817 0.0 0.41272575072094025 0.019353851293473442 15.774857920502955 32.0 -1.0 -1.0 -1.0 -1.0 
101.92 64.24 30.0 -1.0 0.368991 188.3320433281712 0.06178443619080862 0.017971433343939622 2.8687549839778272 1.0 -1.0 -1.0 -1.0 -1.0 
101.92 64.24 30.0 -1.0 14.29723648860406 81.65010579334155 5.834136656680635 0.026265941041142528 275.9541011408402 16.0 276.3097684375376 16.0 14.297196078890314 81.66673201745887 
101.92 64.24 30.0 -1.0 207.96816335836 62.77734777605707 8.304087739247217 0.02350110514207489 229.90919174740932 1.0 229.90919541150436 1.0 207.96821142236394 62.74271852642442 
101.92 64.24 30.0 -1.0 5.1544801792219594 125.55469555211414 2.974728571317075 0.013824179495338172 438.61711296985106 32.0 438.65965269492057 32.0 5.1544702728278935 125.58663498595597 
102.01 61.45 30.0 -1.0 0.006002903260188594 92.69611274296594 0.0575805790002629 0.045619792334615966 0.7934567024525566 16.0 -1.0 -1.0 -1.0 -1.0 
102.01 61.45 30.0 -1.0 5.771544847 45.15613755248614 0.20856043462141063 0.017971433343939622 5.236277115646881 8.0 -1.0 -1.0 -1.0 -1.0 
102.01 61.45 30.0 -1.0 1.5105891872725 19.832747561996296 0.01081193410945589 0.030413194889743977 1.3286319086150096 2.0 -1.0 -1.0 -1.0 -1.0 
102.01 61.45 30.0 -1.0 0.01061305307569805 76.9276129572211 0.12957202648833627 0.019353851293473442 0.22331683474860556 8.0 -1.0 -1.0 -1.0 -1.0 
102.01 61.45 30.0 -1.0 0.439068 70.01057587648545 0.049942450401932834 0.029030776940210157 -0.700569664265372 1.0 -1.0 -1.0 -1.0 -1.0 
102.01 61.45 30.0 -1.0 193.2993976116 39.02068658256808 0.026052030872682656 0.01382417949533817 0.7516112917786738 2.0 -1.0 -1.0 -1.0 -1.0 
102.01 61.45 30.0 -1.0 0.0578482087833699 0.0 0.0947540233846993 0.012441761545804354 0.5105428285303547 1.0 -1.0 -1.0 -1.0 -1.0 
102.01 61.45 30.0 -1.0 1.27888080581 130.25132536775104 0.011885227543732946 0.038707702586946884 1.0113408468647413 2.0 -1.0 -1.0 -1.0 -1.0 
102.01 61.45 30.0 -1.0 0.1257708024780806 195.37698805162657 0.023213283406807464 0.01520659744487199 1.683383047062342 1.0 -1.0 -1.0 -1.0 -1.0 
102.01 61.45 30.0 -1.0 10.183299 65.12566268387552 1.8532192071769897 0.017971433343939622 154.58682725484275 16.0 154.6984587651836 16.0 10.183309010850888 65.07027098788855 
102.15 72.03 30.0 -1.0 1.889795514512 67.79395932833776 2.508071620172219 0.03041319488974398 267.19751534589113 16.0 269.2587621913574 32.0 1.8897935660788792 67.80261518178122 
102.21 60.66 30.0 -1.0 0.21307273988 6.353847058445684 0.6787083125912104 0.016589015394405805 12.726632099378042 32.0 17.89840750600503 32.0 0.213064292135338 9.107813979642254 
102.21 60.66 30.0 -1.0 0.762838173423 46.44406472133207 0.01045928387183566 0.017971433343939622 0.44241033977854055 16.0 -1.0 -1.0 -1.0 -1.0 
102.21 60.66 30.0 -1.0 0.9839138013 0.0 0.03222929644301044 0.022118687192541075 1.069695315385996 1.0 -1.0 -1.0 -1.0 -1.0 
102.21 60.66 30.0 -1.0 0.72915 65.56461995603549 0.6404432431172375 0.019353851293473442 79.78771808839791 32.0 81.16342930047978 32.0 0.7291419024113566 65.57626065342423 
102.21 60.66 30.0 -1.0 0.007280896776164848 196.69385986810647 0.013883988696557655 0.016589015394405805 0.6176057615765276 1.0 -1.0 -1.0 -1.0 -1.0 
102.21 60.66 30.0 -1.0 215.9269311725 88.38338957769801 2.4112276982303826 0.04285495643554833 48.92044967285029 1.0 48.92045079155394 1.0 215.92713892459872 88.34579560252986 
102.21 60.66 30.0 -1.0 0.46174887333 22.543370677952797 9.627163549856318 0.019353851293473442 865.2902132958907 32.0 865.3109464313395 32.0 0.4617504600901157 22.567139082891362 
102.21 60.66 30.0 -1.0 1.26385141176 81.97052845988595 3.055965977377591 0.05114946413275124 99.02588237206079 16.0 99.10557731262038 16.0 1.263833837583661 81.97032581678029 
102.21 60.66 30.0 -1.0 0.0189369888895036 66.23344596218767 5.858369737125164 0.022118687192541075 24.76398761938448 32.0 -1.0 -1.0 -1.0 -1.0 
102.21 60.66 30.0 -1.0 1.4741290419615 131.12923991207097 7.895683640747891 0.008294507697202903 1565.528542886533 32.0 1565.5925945004224 32.0 1.4741393291236213 131.15252130684846 
102.24 73.72 30.0 -1.0 3.435246 65.29720053176233 5.347771190483215 0.015206597444871992 940.4892535102897 32.0 940.7055680260946 32.0 3.4352524380665277 65.27266685410282 
102.24 73.72 30.0 -1.0 3.06858581302 49.903168868536554 7.378818002748848 0.008294507697202903 1820.492401079215 32.0 1820.5087701155219 32.0 3.0685896490467717 49.89058102181812 
102.24 73.72 30.0 -1.0 0.626629 126.97527441422324 1.5963213127890261 0.013824179495338172 238.3899382741604 32.0 238.9352631821759 32.0 0.626626691276518 126.90220811634873 
102.24 73.72 30.0 -1.0 7.617767808009269 56.63168601935047 1.2665147763003324 0.016589015394405805 149.8939277811763 32.0 152.68973560391004 32.0 7.617760881354722 56.670842539996244 
102.24 73.72 30.0 -1.0 2.96453705931 113.26337203870094 1.6096100390942392 0.01382417949533817 325.8762234509492 32.0 326.3311171575685 32.0 2.9645434551639482 113.24048714688536 
102.24 73.72 30.0 -1.0 0.965 169.8950580580514 2.7117105099098313 0.029030776940210157 148.91119136859285 32.0 149.25876505696132 32.0 0.965004195071136 169.50653795445305 
102.43 72.45 30.0 -1.0 1.4235126948841859 15.311763398400878 3.589678100442135 0.017971433343939622 685.9154934192155 32.0 686.247148019199 32.0 1.4235107907249283 15.28088789917756 
102.66 63.44 30.0 -1.0 0.3985889090758253 138.56991020549282 0.2793473877157862 0.013824179495338174 15.874418085364153 32.0 18.76894172713906 32.0 0.39860121129701537 138.43877249056226 
102.66 63.44 30.0 -1.0 3.100775 83.54370687094473 0.037235491920474366 0.06773847952715704 0.5897193336252202 4.0 -1.0 -1.0 -1.0 -1.0 
102.66 63.44 30.0 -1.0 42.68272131163817 75.33952711755083 0.14959514248507325 0.02073626924300726 2.5430232899601375 8.0 -1.0 -1.0 -1.0 -1.0 
102.66 63.44 30.0 -1.0 0.021836381453634295 0.0 0.3697913905022333 0.04700221028414978 0.8783930168155899 2.0 -1.0 -1.0 -1.0 -1.0 
102.66 63.44 30.0 -1.0 0.005893565998000033 62.573297753001974 0.9009391709551404 0.06220880772902178 -1.5047516089585733 16.0 -1.0 -1.0 -1.0 -1.0 
102.66 63.44 30.0 -1.0 0.1910721889582764 122.7059928333696 1.9954001613524004 0.013824179495338174 178.89853380956646 32.0 179.7564323425263 32.0 0.19108483684249225 122.8542907920633 
102.66 63.44 30.0 -1.0 0.003054773339146541 16.333264039937507 3.261004027141294 0.07741540517389377 9.129204032386452 1.0 -1.0 -1.0 -1.0 -1.0 
102.66 63.44 30.0 -1.0 376.7625236987 55.87102733661382 8.996952125903384 0.01520659744487199 252.1859230121462 1.0 252.18592428882403 1.0 376.7626670499643 55.861259075139166 
102.66 63.44 30.0 -1.0 117.8372326493 125.14659550600395 1.688195515473132 0.009676925646736721 66.78380079230391 1.0 66.78380031157285 1.0 117.83752900858721 125.18184325352743 
102.66 63.44 30.0 -1.0 73.41018229354404 187.71989325900591 8.554472200642591 0.06635606157762322 105.84756271046118 1.0 105.84756411124465 1.0 73.41053181638321 187.51977004752328 
102.66 64.24 30.0 -1.0 44.68997215183244 0.14888692344383575 0.060308432097771966 0.022118687192541075 0.9440971104957017 2.0 -1.0 -1.0 -1.0 -1.0 
102.66 64.24 30.0 -1.0 424.76748052902826 1.6377561578821933 0.03791035714069148 0.029030776940210157 -0.13522403245110629 1.0 -1.0 -1.0 -1.0 -1.0 
102.66 64.24 30.0 -1.0 1.70193416389 75.72761143662096 0.09255430833834606 0.022118687192541075 3.0886420650157804 8.0 -1.0 -1.0 -1.0 -1.0 
102.66 64.24 30.0 -1.0 1.6206459261456 76.80704163158877 0.01593016308902639 0.017971433343939622 2.4183773012678516 16.0 -1.0 -1.0 -1.0 -1.0 
102.66 64.24 30.0 -1.0 18.07331488113158 180.13456650161078 0.03098482980024649 0.02073626924300726 1.2137900920872795 16.0 -1.0 -1.0 -1.0 -1.0 
102.66 64.24 30.0 -1.0 79.01127601779217 0.0 0.681527443185034 0.027648358990676344 13.907156920973021 4.0 -1.0 -1.0 -1.0 -1.0 
102.66 64.24 30.0 -1.0 2.93487997706 62.03001447978807 0.035063437084338026 0.013824179495338174 0.6827834687794634 2.0 -1.0 -1.0 -1.0 -1.0 
102.66 64.24 30.0 -1.0 3.3166335305 124.06002895957614 0.23601374365373645 0.029030776940210157 4.542077738538578 8.0 -1.0 -1.0 -1.0 -1.0 
102.66 64.24 30.0 -1.0 13.54975 186.09004343936422 0.011689791918721566 0.07326815132529231 1.1301869016389232 1.0 -1.0 -1.0 -1.0 -1.0 
102.66 64.24 30.0 -1.0 0.917 16.47061590597433 1.47950695714271 0.09815167441690101 7.040915675866358 4.0 -1.0 -1.0 -1.0 -1.0 
102.68 61.45 30.0 -1.0 500.15992794812 60.580228902197845 0.014784852007105203 0.06635606157762322 1.6257334698177301 1.0 -1.0 -1.0 -1.0 -1.0 
102.68 61.45 30.0 -1.0 246.91358 17.482108690516526 0.8530865588540776 0.01520659744487199 16.5045376477379 1.0 16.87953021008315 1.0 246.9139872118831 17.507242427534553 
102.68 61.45 30.0 -1.0 1.3090145 80.14399992852009 0.07242458054174665 0.09400442056829957 1.5390383486187196 4.0 -1.0 -1.0 -1.0 -1.0 
102.68 61.45 30.0 -1.0 2.9854313983 98.85968629951407 0.08625684705825062 0.005529671798135269 3.8807108351543955 16.0 -1.0 -1.0 -1.0 -1.0 
102.68 61.45 30.0 -1.0 0.781284 0.0 0.210587380891587 0.029030776940210157 1.3783733561103328 1.0 -1.0 -1.0 -1.0 -1.0 
102.68 61.45 30.0 -1.0 0.07113786719497286 64.24241264111531 0.047914619845314046 0.05114946413275124 0.2880197323476299 4.0 -1.0 -1.0 -1.0 -1.0 
102.68 61.45 30.0 -1.0 0.7046998867133859 128.48482528223062 0.0681998435419825 0.008294507697202903 9.169591256828785 32.0 9.4148541576105 32.0 0.7047068114237239 128.82496884538432 
102.68 61.45 30.0 -1.0 0.03986853267103526 192.7272379233459 0.01899887444882103 0.01520659744487199 1.3536970017876082 1.0 -1.0 -1.0 -1.0 -1.0 
102.68 61.45 30.0 -1.0 0.03932265718704996 84.40369785641882 1.7319041480317268 0.017971433343939622 30.47588700079337 32.0 31.62099550243089 32.0 0.0393204876066496 90.87574393020826 
102.68 61.45 30.0 -1.0 0.99506614549 40.03345066174512 1.8481051304768321 0.06497364362808941 27.92624831067586 8.0 32.73399385818642 8.0 0.9951084696998199 39.973183577318785 
102.73 72.87 30.0 -1.0 1.797862293773 113.93862230340561 1.259534364311018 0.04285495643554833 86.0650384862474 16.0 86.57154311490652 16.0 1.7978588099746655 113.94887267863531 
102.73 72.87 30.0 -1.0 1.3628723398 82.99296061053745 3.96789212041291 0.011059343596270537 647.5873874588383 32.0 647.6627275855401 32.0 1.362877810606733 82.98230514785165 
102.75 68.71 30.0 -1.0 2.698764 83.31418765523188 2.351999059352172 0.04285495643554833 146.65990039175287 16.0 147.33686748837218 16.0 2.698773945060869 83.28589894717305 
102.75 69.12 30.0 -1.0 4.63747426532408 18.907990413158107 0.3236316631602409 0.09123958466923193 2.5132591164753135 16.0 -1.0 -1.0 -1.0 -1.0 
102.75 69.12 30.0 -1.0 2.87253929366 4.1548284334313905 0.014312502368635096 0.038707702586946884 0.13467674782136366 1.0 -1.0 -1.0 -1.0 -1.0 
102.75 69.12 30.0 -1.0 1.53598 129.02854910431634 0.5008065115563315 0.056679135930886505 11.863232564376064 8.0 11.928581985072993 8.0 1.5360152853342395 128.82496884538432 
102.75 69.12 30.0 -1.0 2.3159744218 46.88266151791437 0.3929700353651379 0.1451538847010508 4.853966951304454 4.0 -1.0 -1.0 -1.0 -1.0 
102.75 69.12 30.0 -1.0 3.20031 58.67814901960518 0.37597374276556894 0.049767046183217416 12.248098483826023 8.0 12.25382861581378 8.0 3.2003299565985803 58.79599913524611 
102.75 69.12 30.0 -1.0 0.3854191 117.35629803921036 0.24313001890783234 0.006912089747669086 68.76018392711156 32.0 68.80753665097677 32.0 0.3854135381213079 117.38960240427792 
102.75 69.12 30.0 -1.0 0.0015545211623595857 176.03444705881554 0.17199806154973407 0.04423737438508215 27.667546695523225 1.0 6.446751346407135 8.0 0.00418367562815547 175.4772160077741 
102.75 69.12 30.0 -1.0 2.812781 18.50307069295081 1.0466512108254267 0.012441761545804354 161.2196786317707 32.0 164.73041717022176 32.0 2.8127791059281058 18.519221758605916 
102.75 69.12 30.0 -1.0 0.02444348491 141.3345875575729 1.5094470458596805 0.017971433343939622 28.23571672942118 32.0 7.247992197894901 1.0 0.46420609578490263 150.78492032963288 
102.75 69.12 30.0 -1.0 0.14073 0.0 1.9981590898062889 0.013824179495338172 109.83298797902356 32.0 -1.0 -1.0 -1.0 -1.0 
102.87 60.66 30.0 -1.0 74.08800477082337 60.649669767972156 0.6316551596459228 0.012441761545804354 18.29891223369144 1.0 18.29891178474816 1.0 74.08768093834321 60.617561931174556 
102.87 60.66 30.0 -1.0 0.75729440297 51.00085866852204 0.014067431901849526 0.02488352309160871 1.4973669517975663 2.0 -1.0 -1.0 -1.0 -1.0 
102.87 60.66 30.0 -1.0 0.378514 94.10017585318856 0.6611226376675332 0.008294507697202903 74.29843870090595 32.0 74.51420561535848 32.0 0.37850137838783365 94.3164736558509 
102.87 60.66 30.0 -1.0 5.172242227 37.97399297892239 0.15052816303829475 0.017971433343939622 4.930743246056433 16.0 6.727087509764815 32.0 5.172266052492584 37.84802698206892 
102.87 60.66 30.0 -1.0 0.0025653029197927 73.59887903021205 0.01650143648732039 0.056679135930886505 11.267233321030352 1.0 -1.0 -1.0 -1.0 -1.0 
102.87 60.66 30.0 -1.0 101.7320938393003 0.0 0.015624976827451327 0.016589015394405805 4.636003532752789 2.0 -1.0 -1.0 -1.0 -1.0 
102.87 60.66 30.0 -1.0 5.526694 129.41443619503917 0.05632161084642734 0.012441761545804356 2.4339695898023597 4.0 -1.0 -1.0 -1.0 -1.0 
102.87 60.66 30.0 -1.0 7.050694 56.55329322474485 4.269362550790595 0.03456044873834543 124.07031882682269 16.0 124.07031864717695 16.0 7.050706093044331 56.569644606889106 
102.87 60.66 30.0 -1.0 0.01195999759818204 64.70721809751959 8.229842788911716 0.03732528463741307 7.47278075210844 16.0 -1.0 -1.0 -1.0 -1.0 
102.87 60.66 30.0 -1.0 31.661042452687738 194.12165429255876 1.8609168688485656 0.02073626924300726 62.35282398981629 2.0 62.352825305447524 2.0 31.661087026198707 193.99643776637998 
102.87 65.45 30.0 -1.0 2.6255980205 39.71162162399182 0.018442788364909382 0.21427478217774165 1.4621313269414193 4.0 -1.0 -1.0 -1.0 -1.0 
102.87 65.45 30.0 -1.0 0.49241574695015805 36.63858964203391 0.04758474504869344 0.016589015394405805 2.1497165271904266 32.0 -1.0 -1.0 -1.0 -1.0 
102.87 65.45 30.0 -1.0 1.126697 33.492390231934145 0.8879629380191977 0.10921101801317155 3.355421512034088 4.0 -1.0 -1.0 -1.0 -1.0 
102.87 65.45 30.0 -1.0 0.621231324318 69.63709973401053 0.5985186776815571 0.008294507697202903 86.34271101308762 32.0 86.50911617319697 32.0 0.6212151978009691 69.72537591081682 
102.87 65.45 30.0 -1.0 288.758695112907 65.63118304324396 0.08643580267418616 0.005529671798135269 1.6455971027344507 1.0 -1.0 -1.0 -1.0 -1.0 
102.87 65.45 30.0 -1.0 1.0090512530345 106.69640208786011 0.048749346349289575 0.031795612839277794 -0.7824983898360826 16.0 -1.0 -1.0 -1.0 -1.0 
102.87 65.45 30.0 -1.0 448.8495977732469 0.0 0.5976922819163438 0.02350110514207489 7.147222341707448 1.0 -1.0 -1.0 -1.0 -1.0 
102.87 65.45 30.0 -1.0 0.0065506065119920924 60.96675949920071 0.11015499634878988 0.009676925646736721 -1.1046329003330446 16.0 -1.0 -1.0 -1.0 -1.0 
102.87 65.45 30.0 -1.0 1.18486164335 121.93351899840142 0.27780776110354016 0.029030776940210157 7.279587165070182 16.0 7.379047673753458 16.0 1.184889697469771 122.14590526031334 
102.87 65.45 30.0 -1.0 0.23932694474989316 182.90027849760213 1.873817422860385 0.022118687192541075 127.45676341896484 32.0 128.16075466279406 32.0 0.23931837252651653 182.7634671914879 
102.87 66.26 30.0 -1.0 1.159958 56.113957768889456 0.2504608637573597 0.016589015394405805 7.754191122436122 8.0 8.765788018311138 32.0 1.1599695426411927 56.16485287446056 
102.87 66.26 30.0 -1.0 0.427033734907566 5.508118554001419 0.137788801110556 0.017971433343939622 2.349708130613293 1.0 -1.0 -1.0 -1.0 -1.0 
102.87 66.26 30.0 -1.0 0.014439721715634837 89.56128293562175 0.17952519723707433 0.12165277955897592 0.08036923669557972 8.0 -1.0 -1.0 -1.0 -1.0 
102.87 66.26 30.0 -1.0 197.17549563595534 59.64712592030484 0.8105706589434478 0.011059343596270537 18.945834141368266 1.0 18.94583458107916 1.0 197.1755409613252 59.60558260010319 
102.87 66.26 30.0 -1.0 0.043506126688812916 60.389997172653715 0.6462209569809844 0.013824179495338172 11.715455222038898 32.0 13.077461758047159 32.0 0.04350416323480507 66.08225031895991 
102.87 66.26 30.0 -1.0 1.958267 120.77999434530743 0.5437177829394906 0.04009012053648069 16.185981132318577 16.0 16.310178951885018 16.0 1.958263358877351 120.62793626370629 
102.87 66.26 30.0 -1.0 27.17087 181.16999151796114 0.052344600213237495 0.012441761545804354 1.5595041758342358 1.0 -1.0 -1.0 -1.0 -1.0 
102.87 66.26 30.0 -1.0 1.8841047393720531 38.70178036627313 1.6558534687975424 0.038707702586946884 86.85051420514856 16.0 86.90635240610531 16.0 1.8841092241927984 38.657610446926014 
102.87 66.26 30.0 -1.0 1.285357 41.60079013153703 5.3662755257103925 0.02350110514207489 454.4785117882962 32.0 454.5201678848166 32.0 1.2853585455256205 41.59235050703296 
102.87 66.26 30.0 -1.0 0.16343321953744705 0.0 2.1783808644775213 0.03732528463741307 11.131630302128917 16.0 -1.0 -1.0 -1.0 -1.0 
102.88 71.61 30.0 -1.0 2.771798 67.10572483640706 9.13473745423541 0.055296717981352696 500.0729534310339 16.0 512.3027949447036 16.0 2.7718063696132353 67.19542758313841 
102.88 71.61 30.0 -1.0 6.02617884891099 114.46437097223374 2.865798985321953 0.031795612839277794 205.4979604460223 16.0 210.07093188587498 32.0 6.0261754697421575 114.45486234417099 
103.29 70.36 30.0 -1.0 1.3398655379865 96.34243503088005 3.458230090997768 0.01520659744487199 400.6529827501136 32.0 402.0266088523038 32.0 1.3398675946518779 96.34043231799362 
103.29 70.36 30.0 -1.0 0.008242736724558733 57.59808716734049 2.0315652849980985 0.011059343596270537 13.348441830049259 2.0 -1.0 -1.0 -1.0 -1.0 
103.29 70.36 30.0 -1.0 0.80755526467 115.19617433468098 9.613870986925058 0.024883523091608708 1024.2984931154115 32.0 1024.4344336296217 32.0 0.8075555039492126 115.16324787592094 
103.35 61.85 30.0 -1.0 384.138167 187.34449459556288 0.06148637336044553 0.026265941041142528 1.4041523354314271 1.0 -1.0 -1.0 -1.0 -1.0 
103.35 61.85 30.0 -1.0 0.0018596566742026077 94.85390346008063 0.035797721545813094 0.027648358990676344 21.1024189728906 2.0 -1.0 -1.0 -1.0 -1.0 
103.35 61.85 30.0 -1.0 2.683993826716843 116.3694988632243 0.08437088784453546 0.11474068981130683 1.8808691232870642 1.0 -1.0 -1.0 -1.0 -1.0 
103.35 61.85 30.0 -1.0 0.00485908640531042 14.009715460219205 0.09720727524659023 0.056679135930886505 1.8641051786605922 1.0 -1.0 -1.0 -1.0 -1.0 
103.35 61.85 30.0 -1.0 191.81305008725303 41.499764419947574 0.16387830076108614 0.01382417949533817 2.456697167631063 1.0 -1.0 -1.0 -1.0 -1.0 
103.35 61.85 30.0 -1.0 46.13344 0.0 0.49393450615408324 0.01520659744487199 28.211725844696332 8.0 -1.0 -1.0 -1.0 -1.0 
103.35 61.85 30.0 -1.0 0.415809 63.01535982309124 0.9862781229004143 0.02626594104114253 39.3112059217641 16.0 41.9228814509262 16.0 0.41582097765058285 63.451104058174366 
103.35 61.85 30.0 -1.0 21.2271044207833 126.03071964618248 0.29197558324778966 0.038707702586946884 4.212419303974149 8.0 -1.0 -1.0 -1.0 -1.0 
103.35 61.85 30.0 -1.0 2.356759664005 189.0460794692737 0.04260523315412531 0.052531882082285056 3.6029433914396014 1.0 -1.0 -1.0 -1.0 -1.0 
103.35 61.85 30.0 -1.0 3.064857408039 26.658163021469743 1.184424414031528 0.01520659744487199 153.65844757625032 32.0 154.47668730039553 32.0 3.064845562524473 26.61505640717681 
103.36 67.89 30.0 -1.0 3.4241976393528035 99.2771035184217 0.1507362899294123 0.06635606157762322 2.8848209897201738 4.0 -1.0 -1.0 -1.0 -1.0 
103.36 67.89 30.0 -1.0 24.623136935 52.9607474625685 0.5116475479031465 0.02073626924300726 18.46763681741539 8.0 18.57566516300991 8.0 24.623174491959315 52.926519015032206 
103.36 67.89 30.0 -1.0 48.5438764505726 118.29137254402187 0.015188614231876547 0.009676925646736721 1.6615060985823524 2.0 -1.0 -1.0 -1.0 -1.0 
103.36 67.89 30.0 -1.0 7.481282565107 65.18925505152325 0.011951096159304527 0.005529671798135269 2.0214941660718355 4.0 -1.0 -1.0 -1.0 -1.0 
103.36 67.89 30.0 -1.0 10.51106824831 19.63276290654441 0.010351457422974636 0.13132970520571263 0.669275974824946 4.0 -1.0 -1.0 -1.0 -1.0 
103.36 67.89 30.0 -1.0 5.8086556360048 0.0 0.09281042462954986 0.06773847952715704 1.4319655573570063 2.0 -1.0 -1.0 -1.0 -1.0 
103.36 67.89 30.0 -1.0 0.6658 58.89828871963323 0.5414687004533514 0.03041319488974398 3.068760926929717 2.0 -1.0 -1.0 -1.0 -1.0 
103.36 67.89 30.0 -1.0 11.679842186300434 117.79657743926646 0.014048008504410793 0.14930113854965227 1.8595570312200662 1.0 -1.0 -1.0 -1.0 -1.0 
103.36 67.89 30.0 -1.0 4.5887792577 110.23328083800544 4.440836117519115 0.03456044873834543 255.3731307595779 16.0 255.40677465014357 16.0 4.588764568325132 110.20454915367127 
103.36 67.89 30.0 -1.0 2.06709800946 176.69486615889969 2.5341970675601457 0.011059343596270537 399.42881675483324 32.0 400.1977042387829 32.0 2.0670995581895113 176.48919533884543 
103.37 63.05 30.0 -1.0 0.230354542767 47.61987929201277 0.08022143549387194 0.019353851293473442 0.2831934702511303 1.0 -1.0 -1.0 -1.0 -1.0 
103.37 63.05 30.0 -1.0 2.812781 104.01821774118326 0.014846263408505684 0.011059343596270537 1.0455842157048088 1.0 -1.0 -1.0 -1.0 -1.0 
103.37 63.05 30.0 -1.0 132.19605265172896 0.0 0.03482203802462814 0.013824179495338172 1.3548754483950531 1.0 -1.0 -1.0 -1.0 -1.0 
103.37 63.05 30.0 -1.0 0.2158 62.12017913122448 0.07712385312240151 0.011059343596270537 1.1767441522886235 1.0 -1.0 -1.0 -1.0 -1.0 
103.37 63.05 30.0 -1.0 1.0319424125036423 124.24035826244896 0.6199822243527843 0.012441761545804354 84.77851004861364 32.0 84.95626932986139 32.0 1.0319430051216236 124.16986392245606 
103.37 63.05 30.0 -1.0 3.255405118685032 30.323891823132982 9.794879553846654 0.016589015394405805 1131.4523309080878 32.0 1131.8925223059257 32.0 3.2554150190359605 30.359379932140847 
103.37 63.05 30.0 -1.0 0.0031984309168074355 61.98971370850664 3.109204337711029 0.016589015394405805 11.020158883316546 1.0 -1.0 -1.0 -1.0 -1.0 
103.37 63.05 30.0 -1.0 1.3226001615907352 22.179121862033345 1.371240751280365 0.016589015394405805 132.42258634676656 32.0 133.97378069706514 32.0 1.3225871953181922 22.162347350462817 
103.37 63.05 30.0 -1.0 6.985276348019 35.262939968879905 8.849010073010126 0.012441761545804354 1145.5467438370526 32.0 1145.7298354640666 32.0 6.985283107496799 35.21688072128338 
103.37 63.05 30.0 -1.0 0.0065506065119920924 186.36053739367344 1.928983588967751 0.035942866687879244 1.206290848594866 1.0 -1.0 -1.0 -1.0 -1.0 
