214.02 88.41 32.0 -1.0 0.021242512493659646 101.81690961691044 3.0015648767853427 0.04147253848601452 10.78227271531075 16.0 -1.0 -1.0 -1.0 -1.0 
245.19 88.87 32.0 -1.0 3.53267858106 8.69288701002858 0.028856657484299865 0.06635606157762322 0.37164831399558834 16.0 -1.0 -1.0 -1.0 -1.0 
245.19 88.87 32.0 -1.0 3.12087740359 0.0 0.010894410122863865 0.03317803078881161 -2.968865760151675 16.0 -1.0 -1.0 -1.0 -1.0 
245.19 88.87 32.0 -1.0 0.1641860045408534 52.3931146553802 0.32565014443166246 0.016589015394405805 21.940737504132727 32.0 23.348332037782804 32.0 0.16418653103755787 53.93849834610357 
245.19 88.87 32.0 -1.0 1.1775198318 157.1793439661406 0.09660475420403515 0.02350110514207489 9.511373523212725 16.0 9.80126043867296 16.0 1.1775227903854102 157.16039011538246 
245.19 88.87 32.0 -1.0 0.029168625623975982 86.08001675753435 3.0538555088334154 0.017971433343939622 145.4957106692747 32.0 147.2731136818998 32.0 0.029172042559366677 94.6200674551723 
245.19 88.87 32.0 -1.0 0.022343935234731525 76.61687393649059 6.6985776835622515 0.06082638977948796 12.170557299942226 8.0 -1.0 -1.0 -1.0 -1.0 
245.19 88.87 32.0 -1.0 3.9303639987862793 25.842868434877005 6.089455454099885 0.18524400523753148 253.66671344527617 4.0 257.3996691917433 8.0 3.93038135371171 25.906670875426855 
245.19 88.87 32.0 -1.0 0.659399658 104.7862293107604 3.520907904329928 0.012441761545804354 1578.5981168306573 32.0 1578.6884211492359 32.0 0.6593988170304026 104.73986076588592 
69.64 88.78 32.0 -1.0 2.4898809777858 133.13985151597637 4.178901226817606 0.03456044873834543 756.4767529714569 16.0 763.064055281088 32.0 2.489878170308657 133.07528203588404 
69.64 88.78 32.0 -1.0 0.7225616 65.29695340958831 3.614563057419527 0.04700221028414979 359.6977062709146 16.0 361.5567020504521 32.0 0.7225632240685325 65.27266685410282 
69.64 88.78 32.0 -1.0 0.0010912397265229778 54.3950876566253 1.7572133030486208 0.03456044873834543 5.136711858456967 1.0 -1.0 -1.0 -1.0 -1.0 
69.64 88.78 32.0 -1.0 0.547615 163.1852629698759 3.220703869641005 0.005529671798135269 3165.3262830202793 32.0 3165.45808808649 32.0 0.5476143390599949 163.13106816870348 
214.02 88.41 32.0 -1.0 0.021242512493659646 101.81690961691044 3.0015648767853427 0.04147253848601452 10.78227271531075 16.0 -1.0 -1.0 -1.0 -1.0 
245.19 88.87 32.0 -1.0 3.53267858106 8.69288701002858 0.028856657484299865 0.06635606157762322 0.37164831399558834 16.0 -1.0 -1.0 -1.0 -1.0 
245.19 88.87 32.0 -1.0 3.12087740359 0.0 0.010894410122863865 0.03317803078881161 -2.968865760151675 16.0 -1.0 -1.0 -1.0 -1.0 
245.19 88.87 32.0 -1.0 0.1641860045408534 52.3931146553802 0.32565014443166246 0.016589015394405805 21.940737504132727 32.0 23.348332037782804 32.0 0.16418653103755787 53.93849834610357 
245.19 88.87 32.0 -1.0 1.1775198318 157.1793439661406 0.09660475420403516 0.02350110514207489 9.51137352321282 16.0 9.80126043867296 16.0 1.1775227903854102 157.16039011538246 
245.19 88.87 32.0 -1.0 0.029168625623975986 86.08001675753435 3.0538555088334154 0.017971433343939622 145.49571066931207 32.0 147.2731136818998 32.0 0.029172042559366677 94.6200674551723 
245.19 88.87 32.0 -1.0 0.02234393523473152 76.61687393649059 6.6985776835622515 0.06082638977948796 12.170557299942038 8.0 -1.0 -1.0 -1.0 -1.0 
245.19 88.87 32.0 -1.0 3.9303639987862793 25.842868434877005 6.089455454099885 0.18524400523753148 253.66671344527617 4.0 257.3996691917433 8.0 3.93038135371171 25.906670875426855 
245.19 88.87 32.0 -1.0 0.659399658 104.7862293107604 3.520907904329928 0.012441761545804354 1578.5981168306573 32.0 1578.6884211492359 32.0 0.6593988170304026 104.73986076588592 
69.64 88.78 32.0 -1.0 2.4898809777858 133.13985151597637 4.178901226817606 0.03456044873834543 756.4767529714569 16.0 763.064055281088 32.0 2.489878170308657 133.07528203588404 
69.64 88.78 32.0 -1.0 0.7225616 65.29695340958831 3.614563057419527 0.04700221028414979 359.6977062709146 16.0 361.5567020504521 32.0 0.7225632240685325 65.27266685410282 
69.64 88.78 32.0 -1.0 0.0010912397265229778 54.3950876566253 1.7572133030486208 0.03456044873834543 5.136711858456967 1.0 -1.0 -1.0 -1.0 -1.0 
69.64 88.78 32.0 -1.0 0.547615 163.1852629698759 3.220703869641005 0.005529671798135269 3165.3262830202793 32.0 3165.45808808649 32.0 0.5476143390599949 163.13106816870348 
245.19 88.87 32.0 -1.0 3.53267858106 8.69288701002858 0.028856657484299865 0.06635606157762322 0.37164831399558834 16.0 -1.0 -1.0 -1.0 -1.0 
245.19 88.87 32.0 -1.0 3.12087740359 0.0 0.010894410122863865 0.03317803078881161 -2.968865760151675 16.0 -1.0 -1.0 -1.0 -1.0 
245.19 88.87 32.0 -1.0 0.1641860045408534 52.3931146553802 0.32565014443166246 0.016589015394405805 21.940737504132727 32.0 23.348332037782804 32.0 0.16418653103755787 53.93849834610357 
245.19 88.87 32.0 -1.0 1.1775198318 157.1793439661406 0.09660475420403516 0.02350110514207489 9.51137352321282 16.0 9.80126043867296 16.0 1.1775227903854102 157.16039011538246 
214.02 88.41 32.0 -1.0 0.021242512493659646 101.81690961691044 3.0015648767853427 0.04147253848601452 10.78227271531075 16.0 -1.0 -1.0 -1.0 -1.0 
245.19 88.87 32.0 -1.0 0.029168625623975986 86.08001675753435 3.0538555088334154 0.017971433343939622 145.49571066931207 32.0 147.2731136818998 32.0 0.029172042559366677 94.6200674551723 
245.19 88.87 32.0 -1.0 0.02234393523473152 76.61687393649059 6.6985776835622515 0.06082638977948796 12.170557299942038 8.0 -1.0 -1.0 -1.0 -1.0 
245.19 88.87 32.0 -1.0 3.9303639987862793 25.842868434877005 6.089455454099885 0.18524400523753148 253.66671344527617 4.0 257.3996691917433 8.0 3.93038135371171 25.906670875426855 
245.19 88.87 32.0 -1.0 0.659399658 104.7862293107604 3.520907904329928 0.012441761545804354 1578.5981168306573 32.0 1578.6884211492359 32.0 0.6593988170304026 104.73986076588592 
69.64 88.78 32.0 -1.0 2.4898809777858 133.13985151597637 4.178901226817606 0.03456044873834543 756.4767529714569 16.0 763.064055281088 32.0 2.489878170308657 133.07528203588404 
69.64 88.78 32.0 -1.0 0.7225616 65.29695340958831 3.614563057419527 0.04700221028414979 359.6977062709146 16.0 361.5567020504521 32.0 0.7225632240685325 65.27266685410282 
69.64 88.78 32.0 -1.0 0.0010912397265229778 54.3950876566253 1.7572133030486208 0.03456044873834543 5.136711858456967 1.0 -1.0 -1.0 -1.0 -1.0 
69.64 88.78 32.0 -1.0 0.547615 163.1852629698759 3.220703869641005 0.005529671798135269 3165.3262830202793 32.0 3165.45808808649 32.0 0.5476143390599949 163.13106816870348 
0.03 60.12 32.0 -1.0 1.305483 49.27236630238196 0.023422700417298187 0.029030776940210157 1.3515470565402112 32.0 -1.0 -1.0 -1.0 -1.0 
0.03 60.12 32.0 -1.0 0.0013921866951902594 134.371727736446 0.010553641568759792 0.038707702586946884 12.501141755513967 2.0 -1.0 -1.0 -1.0 -1.0 
0.03 60.12 32.0 -1.0 243.5901169176192 182.08639859832005 0.08910354636170875 0.013824179495338172 2.5640197889884537 1.0 -1.0 -1.0 -1.0 -1.0 
0.03 60.12 32.0 -1.0 2.07848849726 273.2525738533096 0.07835909453575257 0.009676925646736721 1.0588916355208344 2.0 -1.0 -1.0 -1.0 -1.0 
0.03 60.12 32.0 -1.0 131.356872901228 409.87886077996444 0.8643580267418616 0.03317803078881161 10.718939004681756 1.0 10.71893837350608 1.0 131.3572283834219 409.8516290839014 
0.03 60.12 32.0 -1.0 3.79922415527 187.37436469899166 4.443905105200017 0.012441761545804354 362.08439751358725 32.0 362.2015751676138 32.0 3.7992322177160536 187.41857211441618 
0.03 60.12 32.0 -1.0 0.58015 73.37565364497813 1.23029426881317 0.035942866687879244 38.86406555650569 16.0 39.04754424520964 16.0 0.5801363537708919 73.46969943578085 
0.03 60.12 32.0 -1.0 1.75919355395 83.99257783159787 8.916512433461126 0.015206597444871989 985.4748978481866 32.0 985.7769088081413 32.0 1.759205285149316 83.99428447892299 
0.03 60.12 32.0 -1.0 0.80004893907 0.0 2.663437709322813 0.12165277955897592 4.629071506406021 4.0 -1.0 -1.0 -1.0 -1.0 
0.03 60.12 32.0 -1.0 4.6015632504 136.6262869266548 6.118974845614152 0.07465056927482613 72.551563652444 8.0 72.66065157828511 8.0 4.601558127130072 136.6172096946338 
0.03 60.52 32.0 -1.0 2.343743 22.41763138953674 0.028303828528942077 0.024883523091608708 0.023133191481167437 1.0 -1.0 -1.0 -1.0 -1.0 
0.03 60.52 32.0 -1.0 0.9284176174 66.21887058053196 0.026893229887649958 0.05529671798135269 1.4804674313041963 8.0 -1.0 -1.0 -1.0 -1.0 
0.03 60.52 32.0 -1.0 8.099122 63.19952170334343 0.017402997684605615 0.027648358990676344 0.5160041461798239 32.0 -1.0 -1.0 -1.0 -1.0 
0.03 60.52 32.0 -1.0 0.624130907903 82.26691666750659 0.016387830076108615 0.041472538486014524 -0.19056776483771262 4.0 -1.0 -1.0 -1.0 -1.0 
0.03 60.52 32.0 -1.0 311.58002361009 0.0 0.7162844260825418 0.012441761545804352 14.010089198109734 1.0 -1.0 -1.0 -1.0 -1.0 
0.03 60.52 32.0 -1.0 1.0384023515273 413.56807428778205 0.4851416789583008 0.019353851293473442 20.150090915456843 16.0 21.94748219514162 16.0 1.0384004175042114 413.5959526088655 
0.03 60.52 32.0 -1.0 2.49288614496 78.2135442022398 3.0328308201655876 0.01520659744487199 241.8020675492405 32.0 243.26533307264788 32.0 2.4928946610695375 78.22600229181624 
0.03 60.52 32.0 -1.0 1.15109885937 104.47774333942768 9.993093939658365 0.01382417949533817 866.1926358832635 32.0 866.6532288016681 32.0 1.1510868110538772 104.4362669665645 
0.03 60.52 32.0 -1.0 0.762068243394 137.85602476259402 1.5864268148803597 0.02350110514207489 92.21437298621385 32.0 92.27824045891984 32.0 0.7620656106155367 137.83158489191942 
0.03 60.52 32.0 -1.0 2.505196756058 275.71204952518804 1.5178124883237438 0.03317803078881161 54.244554574503944 16.0 55.302174235837256 16.0 2.505172839543472 275.66316978383884 
0.03 60.91 32.0 -1.0 0.008357162051348791 6.963047155529278 0.18265272784775224 0.0967692564673672 0.33661474288935334 8.0 -1.0 -1.0 -1.0 -1.0 
0.03 60.91 32.0 -1.0 7.617767808009269 72.88267322074957 0.011355480623157957 0.015206597444871989 1.1008587228448188 2.0 -1.0 -1.0 -1.0 -1.0 
0.03 60.91 32.0 -1.0 317.9918331944604 56.53827510717186 0.17152342191960424 0.06497364362808941 1.0724325654670377 1.0 -1.0 -1.0 -1.0 -1.0 
0.03 60.91 32.0 -1.0 0.576070636 39.776928062125336 0.048213461935858105 0.04700221028414978 1.4772562852533568 16.0 -1.0 -1.0 -1.0 -1.0 
0.03 60.91 32.0 -1.0 196.582994 277.9381577171148 0.021589044591006173 0.013824179495338172 0.39719008765533786 2.0 -1.0 -1.0 -1.0 -1.0 
0.03 60.91 32.0 -1.0 5.4199894818 51.785057288427325 1.1545327069384028 0.019353851293473442 58.7028212626781 32.0 59.52298052562215 32.0 5.419982092765471 51.81334175085371 
0.03 60.91 32.0 -1.0 0.45935 129.42094832792145 1.769394946143883 0.024883523091608708 79.876466823756 32.0 80.66738244080008 32.0 0.459355457375447 129.33095851092 
0.03 60.91 32.0 -1.0 237.20655892966 0.0 1.1673651412337918 0.022118687192541075 17.814851443093723 1.0 -1.0 -1.0 -1.0 -1.0 
0.03 60.91 32.0 -1.0 1.492346010566 138.9690788585574 3.1027670795366395 0.04147253848601452 97.507115836519 16.0 98.14007347990561 16.0 1.492359539649139 139.04596008920507 
0.03 60.91 32.0 -1.0 0.023502466665508176 416.9072365756722 3.4966677291472714 0.06635606157762322 2.922342418460467 2.0 -1.0 -1.0 -1.0 -1.0 
0.03 61.31 32.0 -1.0 19.541882000188995 95.50605363740453 0.11673651412337911 0.03456044873834543 1.6731181055925615 4.0 -1.0 -1.0 -1.0 -1.0 
0.03 61.31 32.0 -1.0 1.1031415866 70.58232472764327 0.8190140067865089 0.03317803078881161 23.119645112324548 16.0 23.15745627000728 16.0 1.103156440270444 70.53495937567389 
0.03 61.31 32.0 -1.0 262.17570045016595 57.76440700262318 0.2818675006097113 0.045619792334615966 1.393641916741778 1.0 -1.0 -1.0 -1.0 -1.0 
0.03 61.31 32.0 -1.0 17.420933725613875 97.09782119802794 0.08139375022555013 0.18524400523753148 0.6520397274227041 4.0 -1.0 -1.0 -1.0 -1.0 
0.03 61.31 32.0 -1.0 0.002864427372031162 0.0 0.9734167832162098 0.08294507697202903 6.122904510371822 1.0 -1.0 -1.0 -1.0 -1.0 
0.03 61.31 32.0 -1.0 3.7043334323208 279.22954102935904 0.03540420978720794 0.009676925646736721 1.369578346897084 1.0 -1.0 -1.0 -1.0 -1.0 
0.03 61.31 32.0 -1.0 3.3802334705 418.8443115440386 0.018609168688485656 0.022118687192541075 0.6383259007718411 32.0 -1.0 -1.0 -1.0 -1.0 
0.03 61.31 32.0 -1.0 1.791229613092596 59.98450386349267 1.3674567248957519 0.013824179495338172 131.3994942200334 32.0 132.04333400028472 32.0 1.7912194986517231 60.01037433253174 
0.03 61.31 32.0 -1.0 0.0073144331032344535 41.63728829630706 5.655555225142415 0.022118687192541075 21.39925331712365 2.0 -1.0 -1.0 -1.0 -1.0 
0.03 61.31 32.0 -1.0 6.25 139.61477051467952 6.457746728886907 0.017971433343939622 -inf 1.0 -1.0 -1.0 -1.0 -1.0 
0.03 61.71 32.0 -1.0 3.107583160828 87.56351123417825 0.043168157880067934 0.11474068981130683 -0.4323509384440553 1.0 -1.0 -1.0 -1.0 -1.0 
0.03 61.71 32.0 -1.0 0.0013731250308870993 86.21702763999578 0.662952096295988 0.0967692564673672 8.141058578456114 4.0 -1.0 -1.0 -1.0 -1.0 
0.03 61.71 32.0 -1.0 0.9357095566 82.68250820526681 0.01222668520805993 0.01520659744487199 0.6611841803391643 1.0 -1.0 -1.0 -1.0 -1.0 
0.03 61.71 32.0 -1.0 219.15748227074513 39.17425706824601 0.45842271255347444 0.026265941041142528 6.54633685202061 1.0 -1.0 -1.0 -1.0 -1.0 
0.03 61.71 32.0 -1.0 1.60777844482 280.4893637131342 0.03962413512363727 0.016589015394405805 4.162538286981963 1.0 -1.0 -1.0 -1.0 -1.0 
0.03 61.71 32.0 -1.0 0.0025070307675096643 420.73404556970127 0.01593016308902639 0.056679135930886505 7.504457621649854 1.0 -1.0 -1.0 -1.0 -1.0 
0.03 61.71 32.0 -1.0 45.93935295323366 41.404370521110714 2.191967362578587 0.009676925646736721 135.3954687291514 8.0 136.28323744830595 8.0 45.939304982312024 41.38995464081869 
0.03 61.71 32.0 -1.0 0.027858516320436483 176.01065232703874 3.3779472650745395 0.012441761545804354 57.53544161677225 32.0 59.01111123290773 32.0 0.027860854364310704 185.19221758605917 
0.03 61.71 32.0 -1.0 0.857118 0.0 9.83556425462428 0.022118687192541075 376.1937424401155 32.0 10.167941418763576 2.0 4.283598779390256 6.6790635850709865 
0.03 61.71 32.0 -1.0 0.29430830737650915 140.2446818565671 4.71267322224482 0.019353851293473442 289.31429520558356 32.0 289.95830560519846 32.0 0.2943124854937196 140.15913735338358 
0.05 65.31 32.0 -1.0 3.23207912775 62.622944485644716 0.030644224467329634 0.09400442056829957 1.9863533018401878 1.0 -1.0 -1.0 -1.0 -1.0 
0.05 65.31 32.0 -1.0 1.801523 68.35348598433109 0.3436794901146623 0.03732528463741307 7.167892082230694 8.0 7.414354787876254 16.0 1.8015271052718165 68.3086048473169 
0.05 65.31 32.0 -1.0 2.559409722714 40.784934990650726 0.7852166481863486 0.02211868719254108 42.05739556462571 32.0 42.18583677528752 32.0 2.5594090402591974 40.78276704217587 
0.05 65.31 32.0 -1.0 37.185887516168556 23.12867199469813 0.01957172761407643 0.011059343596270537 0.9363248038212609 4.0 -1.0 -1.0 -1.0 -1.0 
0.05 65.31 32.0 -1.0 0.7816149446 172.07112446055552 0.04702916161939977 0.015206597444871992 3.0763961350906426 1.0 -1.0 -1.0 -1.0 -1.0 
0.05 65.31 32.0 -1.0 13.283708222684412 344.14224892111105 0.025359484088336135 0.030413194889743984 1.0300323265058415 1.0 -1.0 -1.0 -1.0 -1.0 
0.05 65.31 32.0 -1.0 4.436951 516.2133733816665 0.9488503448527934 0.03456044873834543 26.824393221317884 8.0 26.824391826113388 8.0 4.43700021908929 516.2106567795015 
0.05 65.31 32.0 -1.0 0.0105643927333133 20.082708495396368 1.3636831407734944 0.016589015394405805 0.3541268164248037 8.0 -1.0 -1.0 -1.0 -1.0 
0.05 65.31 32.0 -1.0 0.417009 144.96721196676864 1.9343214725462596 0.022118687192541075 100.63601683213545 32.0 102.1524378615236 32.0 0.41700332076288765 144.81424227631183 
0.05 65.31 32.0 -1.0 0.21307273988 0.0 9.223515663992746 0.016589015394405805 186.92677083982315 32.0 -1.0 -1.0 -1.0 -1.0 
0.05 65.71 32.0 -1.0 173.6879456649435 34.702389547257155 0.328815056064285 0.03041319488974398 2.2269439505999356 1.0 -1.0 -1.0 -1.0 -1.0 
0.05 65.71 32.0 -1.0 3.92587396764 50.437671525173755 0.7717715212936164 0.04423737438508215 17.666976661248146 8.0 17.73016610252244 8.0 3.925864196692904 50.497768620460945 
0.05 65.71 32.0 -1.0 25.560636549613 15.47037824091464 0.036724551076599 0.03317803078881161 1.2750154674160714 16.0 -1.0 -1.0 -1.0 -1.0 
0.05 65.71 32.0 -1.0 2.344843177122 49.11315284016394 0.4184679160348908 0.027648358990676344 4.271816388088708 1.0 -1.0 -1.0 -1.0 -1.0 
0.05 65.71 32.0 -1.0 0.14839817889675647 154.33291717734366 0.03746772860071674 0.026265941041142528 1.068739300316031 1.0 -1.0 -1.0 -1.0 -1.0 
0.05 65.71 32.0 -1.0 1.114243 136.8492705352141 0.015897181476553893 0.019353851293473442 2.691392821596168 4.0 -1.0 -1.0 -1.0 -1.0 
0.05 65.71 32.0 -1.0 5.681290492668 176.58483108550854 0.13496247107468268 0.027648358990676344 2.15855923206535 4.0 -1.0 -1.0 -1.0 -1.0 
0.05 65.71 32.0 -1.0 4.9003950492680115 353.1696621710171 0.36826175257976695 0.11750552571037445 1.7539633038226303 2.0 -1.0 -1.0 -1.0 -1.0 
0.05 65.71 32.0 -1.0 105.05786516024189 0.0 8.584072349125751 0.038707702586946884 183.8266994444308 4.0 -1.0 -1.0 -1.0 -1.0 
0.05 65.71 32.0 -1.0 245.8392716170269 529.7544932565256 9.693902556544126 0.05391430003181887 125.2730809910011 1.0 125.27308156725985 1.0 245.8390857403477 529.7711798158579 
0.05 66.12 32.0 -1.0 164.82261748462858 24.721209442252086 0.1954470424217293 0.03456044873834543 -0.007374261131601117 2.0 -1.0 -1.0 -1.0 -1.0 
0.05 66.12 32.0 -1.0 6.137976340789783 65.12983844304489 0.031831000178434696 0.016589015394405805 0.5052255644186089 2.0 -1.0 -1.0 -1.0 -1.0 
0.05 66.12 32.0 -1.0 171.78252876918137 52.36352459540486 0.06229876651759419 0.08847474877016429 0.839720779669447 1.0 -1.0 -1.0 -1.0 -1.0 
0.05 66.12 32.0 -1.0 0.569699335665 96.77515031113563 0.4524447535090559 0.030413194889743984 6.46513671581838 16.0 8.31820271476074 16.0 0.5697074811905622 97.1500157828507 
0.05 66.12 32.0 -1.0 4.961548 61.667787230125555 0.8252616410692565 0.019353851293473442 27.282784445118757 16.0 27.726562049561156 16.0 4.961536130091797 61.62954126224592 
0.05 66.12 32.0 -1.0 4.6063 9.412451735124428 0.01898575371148436 0.07741540517389377 1.4425376702225232 2.0 -1.0 -1.0 -1.0 -1.0 
0.05 66.12 32.0 -1.0 0.58193 0.0 0.9521335527979697 0.011059343596270537 50.38951280490017 32.0 -1.0 -1.0 -1.0 -1.0 
0.05 66.12 32.0 -1.0 0.678187 360.5942716456289 0.017451155261522678 0.06635606157762322 -0.18618728831849088 1.0 -1.0 -1.0 -1.0 -1.0 
0.05 66.12 32.0 -1.0 2.0371997464197475 180.29713582281445 2.6016059918406365 0.027648358990676344 178.39961496256063 32.0 178.41626254898742 32.0 2.037207498991241 180.33471679691664 
0.05 66.12 32.0 -1.0 1.94354745058 540.8914074684434 2.0147929523288117 0.052531882082285056 43.3307999606426 8.0 43.41939348644145 8.0 1.9435295447086296 541.0041503907499 
0.05 66.52 32.0 -1.0 29.946923 47.96341449444675 0.015178124883237424 0.016589015394405805 0.3919360802803286 2.0 -1.0 -1.0 -1.0 -1.0 
0.05 66.52 32.0 -1.0 16.52 32.57583441773005 0.873965218915109 0.016589015394405805 50.343155518840554 16.0 51.488238156586206 16.0 16.520001130023353 32.58573446049785 
0.05 66.52 32.0 -1.0 1.230618 64.76970762788203 0.38278798341664555 0.01520659744487199 20.319028949862197 32.0 20.460491295735928 32.0 1.2306069644788902 64.76667718856713 
0.05 66.52 32.0 -1.0 2.5194409506 208.71451699801915 0.020957145722768147 0.04009012053648069 0.6484704227813642 16.0 -1.0 -1.0 -1.0 -1.0 
0.05 66.52 32.0 -1.0 45.51905919421435 34.75846988960476 0.048447182679834354 0.08294507697202903 1.1930567439348299 2.0 -1.0 -1.0 -1.0 -1.0 
0.05 66.52 32.0 -1.0 1.3802360573 0.0 0.14774641499094882 0.012441761545804354 0.7843380834907802 8.0 -1.0 -1.0 -1.0 -1.0 
0.05 66.52 32.0 -1.0 0.18249017842308915 181.8681006939602 0.019303166773129495 0.05529671798135269 0.980714010504841 2.0 -1.0 -1.0 -1.0 -1.0 
0.05 66.52 32.0 -1.0 0.93120469958 545.6043020818806 0.14371951785347767 0.013824179495338172 3.207245376732938 16.0 -1.0 -1.0 -1.0 -1.0 
0.05 66.52 32.0 -1.0 0.86242599125 39.942229135307194 6.131669778825089 0.04285495643554833 221.05897881745915 16.0 221.05897660915755 16.0 0.8624435092012088 39.973183577318785 
0.05 66.52 32.0 -1.0 18.474044 363.7362013879204 3.220703869641005 0.017971433343939622 125.76297290608352 8.0 125.76297411483813 8.0 18.474020180292428 363.70537158704735 
0.05 66.93 32.0 -1.0 2.812781 32.195320011999655 0.23101297000831603 0.03456044873834543 1.2784548620087954 4.0 -1.0 -1.0 -1.0 -1.0 
0.05 66.93 32.0 -1.0 0.83854355767 117.94110495978326 0.06444376689994806 0.012441761545804354 0.9059917919181354 16.0 -1.0 -1.0 -1.0 -1.0 
0.05 66.93 32.0 -1.0 4.3217007 79.56688514750084 0.10730082479810865 0.024883523091608708 1.6344204433107268 16.0 -1.0 -1.0 -1.0 -1.0 
0.05 66.93 32.0 -1.0 7.1551197652 180.6515178451092 0.018634898547584714 0.013824179495338172 2.193530448686464 1.0 -1.0 -1.0 -1.0 -1.0 
0.05 66.93 32.0 -1.0 2.10134828979 361.3030356902184 0.019423560062927593 0.02350110514207489 0.23379099253494406 1.0 -1.0 -1.0 -1.0 -1.0 
0.05 66.93 32.0 -1.0 0.805719788443 21.409345799225363 5.063728905905742 0.03456044873834543 146.65170537070566 16.0 155.71013897253488 32.0 0.8057213563006372 21.453961818712866 
0.05 66.93 32.0 -1.0 0.008280703354665122 67.53429079958177 1.1114875193354339 0.013824179495338172 1.3490659449814875 16.0 -1.0 -1.0 -1.0 -1.0 
0.05 66.93 32.0 -1.0 4.514265 148.23939433134524 3.2029529200852935 0.056679135930886505 61.07744937122304 8.0 61.077449436416714 8.0 4.5142466357598705 148.25497200195446 
0.05 66.93 32.0 -1.0 0.0019381837942647764 0.0 3.1006242898689074 0.012441761545804354 8.829621647685284 2.0 -1.0 -1.0 -1.0 -1.0 
0.05 66.93 32.0 -1.0 0.7977939826066957 541.9545535353276 8.7638365555548 0.016589015394405805 595.5368671036932 32.0 596.0521688994214 32.0 0.7977784359051536 542.0161297218212 
0.06 67.34 32.0 -1.0 4.191543229151595 64.55329099241177 0.5581805219779393 0.0884747487701643 1.5305444855811199 4.0 -1.0 -1.0 -1.0 -1.0 
0.06 67.34 32.0 -1.0 0.560061 120.90338138528949 0.1418453755649639 0.05391430003181887 1.8925884279901115 16.0 -1.0 -1.0 -1.0 -1.0 
0.06 67.34 32.0 -1.0 0.4022692230775742 26.271688194586186 0.3607079510807291 0.053914300031818865 0.1276427214724912 1.0 -1.0 -1.0 -1.0 -1.0 
0.06 67.34 32.0 -1.0 1.78411007426 178.7010954133791 0.15974245037904644 0.058061553880420315 1.704732059786816 2.0 -1.0 -1.0 -1.0 -1.0 
0.06 67.34 32.0 -1.0 347.66288115516 357.4021908267582 0.024770763559917114 0.006912089747669086 1.2056876009505224 1.0 -1.0 -1.0 -1.0 -1.0 
0.06 67.34 32.0 -1.0 2.5050945385182 536.1032862401373 0.0748147792333613 0.016589015394405805 1.8679002974064363 2.0 -1.0 -1.0 -1.0 -1.0 
0.06 67.34 32.0 -1.0 0.38977960839 102.03065843734187 3.7158400018911233 0.03456044873834543 30.66203865093907 32.0 23.11635143082294 4.0 1.9489865129192672 102.61470417063607 
0.06 67.34 32.0 -1.0 1.370126 15.763012916751713 1.396093456155592 0.08156265902249521 2.8578498787400335 4.0 -1.0 -1.0 -1.0 -1.0 
0.06 67.34 32.0 -1.0 0.001688577540147115 59.19172197310847 3.304090278814548 0.02350110514207489 5.958424745982082 2.0 -1.0 -1.0 -1.0 -1.0 
0.06 67.34 32.0 -1.0 298.177445577374 0.0 1.4836010489410998 0.04009012053648069 22.88209248395766 1.0 -1.0 -1.0 -1.0 -1.0 
0.07 68.97 32.0 -1.0 1.2195270126 41.09778561360659 2.1603964419195925 0.03456044873834543 103.83062006583715 16.0 111.24944169458945 32.0 1.21952628736229 41.08636084149728 
0.07 68.97 32.0 -1.0 0.9319943359 81.111456978413 1.0715267077965671 0.08709233082063048 7.797211756306651 16.0 7.8750676186527935 16.0 0.9319895373967787 80.75595061949464 
0.07 69.39 32.0 -1.0 1.88704458069 160.32394475926114 9.377718883445079 0.04700221028414978 459.6164861724022 16.0 459.63981995484124 16.0 1.8870499237285308 160.29752604170366 
0.08 71.05 32.0 -1.0 3.250099739409 34.399788754659134 0.08769893096646313 0.03041319488974398 2.353530006011568 16.0 -1.0 -1.0 -1.0 -1.0 
0.08 71.05 32.0 -1.0 0.4059835187352174 211.68764541145384 0.09242651535323931 0.049767046183217416 0.7022070771324728 1.0 -1.0 -1.0 -1.0 -1.0 
0.08 71.05 32.0 -1.0 0.544366 68.62473741399599 0.2589055225122902 0.04700221028414978 2.940729801004531 8.0 -1.0 -1.0 -1.0 -1.0 
0.08 71.05 32.0 -1.0 4.3285709235193 95.5938221174581 0.15930163089026392 0.015206597444871992 8.141089801114457 16.0 8.228222894787828 16.0 4.328558134147897 95.73324471935081 
0.08 71.05 32.0 -1.0 3.2703997456053986 291.37101885458424 0.44870942982718154 0.02350110514207489 29.601602461340086 16.0 29.601602154481743 16.0 3.2703913651251546 291.348849415445 
0.08 71.05 32.0 -1.0 0.761961052649868 437.05652828187635 0.06703206958736198 0.012441761545804352 2.4873947571098807 32.0 -1.0 -1.0 -1.0 -1.0 
0.08 71.05 32.0 -1.0 0.443166465253 76.09915148902357 1.2396792470772953 0.06359122567855559 21.246801199624205 8.0 21.618990213674778 8.0 0.44316645168388885 77.01162709453061 
0.08 71.05 32.0 -1.0 0.5394 0.0 3.6597915125661866 0.019353851293473442 238.46219321536952 32.0 -1.0 -1.0 -1.0 -1.0 
0.08 71.05 32.0 -1.0 2.232847446178 145.68550942729212 1.6638804241146685 0.009676925646736721 348.5044119789156 32.0 350.19802625215857 32.0 2.2328549675876275 145.62382574116893 
0.67 60.12 32.0 -1.0 2.906132 52.388624920066626 0.029076782953572116 0.012441761545804354 0.9871835066839564 1.0 -1.0 -1.0 -1.0 -1.0 
0.67 60.12 32.0 -1.0 1.52812 124.72641451062198 0.6005896694755324 0.049767046183217416 7.534572748800477 8.0 7.635187879843812 8.0 1.528072364938756 124.27106185556319 
0.67 60.12 32.0 -1.0 1.25130512248 0.0 0.032497592240359925 0.06220880772902178 2.289760835920796 1.0 -1.0 -1.0 -1.0 -1.0 
0.67 60.12 32.0 -1.0 2.3236006177 147.1030217848206 0.017535751903771574 0.06773847952715704 1.4024027910933579 2.0 -1.0 -1.0 -1.0 -1.0 
0.67 60.12 32.0 -1.0 0.273883 38.750811019223676 1.2867997003409435 0.02350110514207489 37.42792825577347 32.0 38.31501064742893 32.0 0.2738791711938878 39.06240217935455 
0.67 60.12 32.0 -1.0 0.0025653029197927 218.99945817470143 3.592158867031385 0.03456044873834543 9.045587333002649 1.0 -1.0 -1.0 -1.0 -1.0 
0.67 60.12 32.0 -1.0 4.97561445281 52.300354279931724 1.257795280964715 0.011059343596270537 121.92423273991868 32.0 123.0765864939672 32.0 4.975602981479218 52.31933141638939 
0.67 60.12 32.0 -1.0 1.875466208964955 44.31186134772274 1.4018923681492572 0.02350110514207489 58.553487081216545 32.0 64.35426397114682 32.0 1.8754690245259555 44.32469470092563 
0.67 60.12 32.0 -1.0 0.008912509381337459 294.2060435696412 1.436202642872211 0.21150994627867403 0.45349931839311247 4.0 -1.0 -1.0 -1.0 -1.0 
0.67 60.12 32.0 -1.0 1.9546609131310237 441.30906535446184 1.0502728289128864 0.03456044873834543 27.14151439606766 16.0 29.971091509781782 8.0 1.9546860130503776 440.716998681578 
0.68 60.52 32.0 -1.0 0.7337347034058 21.605812997558786 0.013056043282579298 0.035942866687879244 0.367928675392573 1.0 -1.0 -1.0 -1.0 -1.0 
0.68 60.52 32.0 -1.0 7.050694 179.4221861971186 0.328815056064285 0.022118687192541075 20.504217445031543 16.0 20.504216873576237 16.0 7.050706093044331 179.4239353989524 
0.68 60.52 32.0 -1.0 0.7446527222569242 91.07543532718361 0.745567981162441 0.029030776940210154 15.591681620211869 16.0 15.854544290523412 16.0 0.7446336288315555 90.26855633156545 
0.68 60.52 32.0 -1.0 2.2998477764 209.07985497016514 0.019926450422479557 0.022118687192541075 1.0702736840323455 8.0 -1.0 -1.0 -1.0 -1.0 
0.68 60.52 32.0 -1.0 34.70892607885949 74.65859605160583 0.034415467656731445 0.011059343596270537 1.3980191550846854 4.0 -1.0 -1.0 -1.0 -1.0 
0.68 60.52 32.0 -1.0 0.971157 447.28058832834427 0.01873817422860384 0.013824179495338172 3.345468252136663 1.0 -1.0 -1.0 -1.0 -1.0 
0.68 60.52 32.0 -1.0 271.73913 79.17658179229616 3.0244615299203415 0.011059343596270537 60.31505695187273 1.0 60.315057022534255 1.0 271.7395545914769 79.13678368978046 
0.68 60.52 32.0 -1.0 0.07979869669243513 0.0 2.058407488329202 0.016589015394405805 20.817159142421865 32.0 -1.0 -1.0 -1.0 -1.0 
0.68 60.52 32.0 -1.0 0.03139415075990475 149.09352944278143 8.145000008709298 0.07741540517389377 1.590915906065062 1.0 -1.0 -1.0 -1.0 -1.0 
0.68 60.52 32.0 -1.0 1.1562393852218 298.18705888556286 5.710520140181013 0.026265941041142528 344.2335052824293 32.0 344.3839657816894 32.0 1.1562406143639237 298.1291109336231 
0.69 60.91 32.0 -1.0 252.41973709737 85.30821285379585 0.5325650195176843 0.03456044873834543 4.213908612219589 1.0 -1.0 -1.0 -1.0 -1.0 
0.69 60.91 32.0 -1.0 1.27888080581 73.22476838060567 0.3441546765673144 0.009676925646736721 26.39490386037638 32.0 28.19984318167385 32.0 1.2788708166529736 73.26730356956658 
0.69 60.91 32.0 -1.0 7.192749594 452.51820706902106 0.10619464324307946 0.045619792334615966 1.246920860343181 1.0 -1.0 -1.0 -1.0 -1.0 
0.69 60.91 32.0 -1.0 6.173602 21.17997008783897 9.821983945518491 0.005529671798135269 1965.964358966709 32.0 1965.9759280749824 32.0 6.173589402654519 21.150368019391458 
0.69 60.91 32.0 -1.0 1.5564067924676 19.822279697592883 5.734239758366275 0.009676925646736721 791.9789905463887 32.0 792.6663849430126 32.0 1.5564182831440123 19.834794888998687 
0.69 60.91 32.0 -1.0 1.0178131725710262 102.958187926995 8.519086722719447 0.01520659744487199 794.8965825588448 32.0 795.2539109628308 32.0 1.017815520754084 103.0194959030646 
0.69 60.91 32.0 -1.0 14.562478397332464 75.62335473670709 1.95852533081917 0.01520659744487199 155.4799074968899 32.0 155.88700739431962 32.0 14.56246536690742 75.59485603103072 
0.69 60.91 32.0 -1.0 0.5038612089543385 0.0 1.0575537029719833 0.03041319488974398 4.483866301325372 16.0 -1.0 -1.0 -1.0 -1.0 
0.69 60.91 32.0 -1.0 1.096491 150.83940235634034 2.1723694834277514 0.011059343596270537 300.90747202926315 32.0 301.0110904590714 32.0 1.0964868124574423 150.88611826274 
0.69 60.91 32.0 -1.0 14.696938970433026 301.6788047126807 3.6471715848927673 0.017971433343939622 196.16913691498416 16.0 196.18823043921657 16.0 14.696888683829458 301.6710385923729 
0.69 61.31 32.0 -1.0 0.04725794036410242 92.60660008251693 0.7575092471847535 0.031795612839277794 1.1544179814757785 1.0 -1.0 -1.0 -1.0 -1.0 
0.69 61.31 32.0 -1.0 48.099754211159464 107.83645331160047 0.23913209231960003 0.026265941041142528 3.004383424472409 1.0 -1.0 -1.0 -1.0 -1.0 
0.69 61.31 32.0 -1.0 0.459063 76.24019064230775 0.013366342990611691 0.03041319488974398 0.8484272465336276 2.0 -1.0 -1.0 -1.0 -1.0 
0.69 61.31 32.0 -1.0 1.721551635017 77.87683158632866 0.010597477916820933 0.016589015394405805 1.7124979389391148 2.0 -1.0 -1.0 -1.0 -1.0 
0.69 61.31 32.0 -1.0 1.180767 18.594059614015425 0.01731904148031727 0.01520659744487199 1.3891272861104702 32.0 -1.0 -1.0 -1.0 -1.0 
0.69 61.31 32.0 -1.0 258.397933 0.0 0.046255834094871634 0.04009012053648069 0.36043344782544456 1.0 -1.0 -1.0 -1.0 -1.0 
0.69 61.31 32.0 -1.0 1.333917875234 151.52567406726996 0.21499741751177023 0.035942866687879244 0.8582836643737523 16.0 -1.0 -1.0 -1.0 -1.0 
0.69 61.31 32.0 -1.0 0.516935299969 303.0513481345399 0.0179401216052578 0.011059343596270537 1.949003306685844 2.0 -1.0 -1.0 -1.0 -1.0 
0.69 61.31 32.0 -1.0 420.8813326052112 454.5770222018099 0.07227463358668022 0.027648358990676344 0.3519771263220326 1.0 -1.0 -1.0 -1.0 -1.0 
0.69 61.31 32.0 -1.0 0.0027865255224063497 74.1943894622816 6.338408101544686 0.023501105142074895 24.284006258963053 2.0 -1.0 -1.0 -1.0 -1.0 
0.71 61.71 32.0 -1.0 24.623136935 65.19039653238211 0.2020368287586114 0.024883523091608708 3.0556105054182043 4.0 -1.0 -1.0 -1.0 -1.0 
0.71 61.71 32.0 -1.0 1.193980028657 32.82345595713077 0.031502849250035346 0.026265941041142528 2.012977653912462 2.0 -1.0 -1.0 -1.0 -1.0 
0.71 61.71 32.0 -1.0 0.6921479136245 0.0 0.016286253188600722 0.04285495643554833 1.9789626263428564 4.0 -1.0 -1.0 -1.0 -1.0 
0.71 61.71 32.0 -1.0 0.754761301536 152.15657678041285 0.8212803824272329 0.02073626924300726 49.65169679511623 32.0 50.50185213046616 32.0 0.7547593365112941 152.2016913931328 
0.71 61.71 32.0 -1.0 160.34005078126992 304.3131535608257 0.0789023083398174 0.03317803078881161 0.7571258666846126 1.0 -1.0 -1.0 -1.0 -1.0 
0.71 61.71 32.0 -1.0 0.043706518994736585 145.9936191250406 1.9639449623086547 0.016589015394405805 50.13738393995754 32.0 51.38090049021115 32.0 0.043716378665218755 147.95137820263307 
0.71 61.71 32.0 -1.0 0.002214486867998854 47.614554330024184 8.501448911019828 0.14377146675151697 9.42581756891689 1.0 -1.0 -1.0 -1.0 -1.0 
0.71 61.71 32.0 -1.0 0.61894065595 38.34729207787183 4.801402749350858 0.08432749492156286 47.542802773894714 8.0 47.71383982976788 8.0 0.6189414610465368 38.96120424624742 
0.71 61.71 32.0 -1.0 42.33082901464 275.3244268114821 2.2721429101683848 0.06220880772902178 30.7203982695917 2.0 30.72039955324406 2.0 42.33103633547823 275.3595759845175 
0.71 61.71 32.0 -1.0 84.2617068346022 456.4697303412386 4.079069040987993 0.008294507697202903 49.80565891241832 1.0 49.80566008803338 1.0 84.26140993833542 455.5930948483269 
0.81 65.31 32.0 -1.0 1.6638978240971 88.6455732467664 0.03697913905022333 0.027648358990676348 0.7895286622200341 1.0 -1.0 -1.0 -1.0 -1.0 
0.81 65.31 32.0 -1.0 77.700078 148.4799863512484 0.04555812654498708 0.00967692564673672 1.5325857578471416 2.0 -1.0 -1.0 -1.0 -1.0 
0.81 65.31 32.0 -1.0 0.811766073133 25.034416303408165 0.11537353796843516 0.03041319488974398 1.6148932533835576 1.0 -1.0 -1.0 -1.0 -1.0 
0.81 65.31 32.0 -1.0 2.87253929366 49.25953035562856 0.15325637251420762 0.01520659744487199 5.107185617710066 16.0 -1.0 -1.0 -1.0 -1.0 
0.81 65.31 32.0 -1.0 103.26352668931 96.95440969229412 0.07648712885325884 0.024883523091608708 2.5156746767901854 4.0 -1.0 -1.0 -1.0 -1.0 
0.81 65.31 32.0 -1.0 6.107714243738 0.0 0.05422173590099175 0.038707702586946884 1.2374830525670766 4.0 -1.0 -1.0 -1.0 -1.0 
0.81 65.31 32.0 -1.0 1.381215 179.82696021392113 0.028500040984635915 0.06635606157762322 0.510754071177752 2.0 -1.0 -1.0 -1.0 -1.0 
0.81 65.31 32.0 -1.0 2.6716878429782267 539.4808806417634 0.21117011831285426 0.08709233082063046 0.16398669405401517 1.0 -1.0 -1.0 -1.0 -1.0 
0.81 65.31 32.0 -1.0 1.79129810299 40.411159075975675 9.600596777502428 0.005529671798135269 2116.9391076827214 32.0 2117.051947259093 32.0 1.7913104481219004 40.37797530974732 
0.81 65.31 32.0 -1.0 2.25403455265 359.65392042784225 1.8881113493056803 0.012441761545804354 240.89011785052065 32.0 241.09333755079479 32.0 2.2540310358939073 359.65745426276186 
0.84 66.12 32.0 -1.0 32.546178349804535 71.62416986146812 0.17632936050785838 0.013824179495338172 4.698018754110429 4.0 -1.0 -1.0 -1.0 -1.0 
0.84 66.12 32.0 -1.0 213.675214 56.530740598281604 0.01615179604935319 0.02073626924300726 2.329506032900098 1.0 -1.0 -1.0 -1.0 -1.0 
0.84 66.12 32.0 -1.0 0.014242014663178862 185.63247134391386 0.13320252309975797 0.011059343596270537 0.7108420189734552 8.0 -1.0 -1.0 -1.0 -1.0 
0.84 66.12 32.0 -1.0 95.83245304881702 371.2649426878277 0.013874400330185555 0.038707702586946884 1.2391430532305114 2.0 -1.0 -1.0 -1.0 -1.0 
0.84 66.12 32.0 -1.0 9.790868913 556.8974140317416 0.03798900911492681 0.006912089747669086 1.4388518555387253 8.0 -1.0 -1.0 -1.0 -1.0 
0.84 66.12 32.0 -1.0 76.1140249316119 120.301871618018 2.040003737485031 0.012441761545804354 67.84214501177279 4.0 67.8421428478867 4.0 76.1140351338933 120.32434246438488 
0.84 66.12 32.0 -1.0 0.9776359779173 74.35324009724724 7.857592982991546 0.022118687192541075 479.2059841096058 32.0 479.789295485168 32.0 0.9776461714257797 74.27928290063794 
0.84 66.12 32.0 -1.0 0.001158418664325096 84.65687262008674 3.156820767645053 0.03456044873834543 8.912912750355344 4.0 -1.0 -1.0 -1.0 -1.0 
0.84 66.12 32.0 -1.0 418.51147259915 166.5289796934601 8.898051796489408 0.012441761545804354 154.490522701503 1.0 154.49052204234656 1.0 418.5111417124669 166.5717978943461 
0.84 66.12 32.0 -1.0 3.09703753311 0.0 1.6342606812916758 0.006912089747669086 178.535149074233 32.0 -1.0 -1.0 -1.0 -1.0 
0.87 66.93 32.0 -1.0 323.624595 57.28661878070476 0.02444774594755811 0.04423737438508215 0.9747100807278788 1.0 -1.0 -1.0 -1.0 -1.0 
0.87 66.93 32.0 -1.0 2.822961401283 75.61833679053028 0.01598528457188781 0.027648358990676344 1.8810644478679825 4.0 -1.0 -1.0 -1.0 -1.0 
0.87 66.93 32.0 -1.0 87.01634558691941 47.084144769284 0.23552510372030508 0.019353851293473442 1.6112053397446382 2.0 -1.0 -1.0 -1.0 -1.0 
0.87 66.93 32.0 -1.0 0.7941361352305215 49.64840294327745 0.0722247202886083 0.04700221028414978 1.4985127493176251 8.0 -1.0 -1.0 -1.0 -1.0 
0.87 66.93 32.0 -1.0 358.3494338642141 363.6881912306456 0.2877702569594295 0.02350110514207489 0.8036843766701339 1.0 -1.0 -1.0 -1.0 -1.0 
0.87 66.93 32.0 -1.0 0.80262320764 545.5322868459684 0.016376512541771207 0.031795612839277794 5.289799201936382 1.0 -1.0 -1.0 -1.0 -1.0 
0.87 66.93 32.0 -1.0 16.562185596668744 18.168041956166366 2.1102428295491236 0.029030776940210157 42.74506551272508 16.0 46.0467137195571 16.0 16.562201684185617 18.11443002617737 
0.87 66.93 32.0 -1.0 6.25 29.570807027754263 2.7723259135371627 0.06220880772902178 -6.19673273531229 16.0 -1.0 -1.0 -1.0 -1.0 
0.87 66.93 32.0 -1.0 4.316040583 0.0 5.762037197684092 0.012441761545804354 330.2052321685585 32.0 -1.0 -1.0 -1.0 -1.0 
0.87 66.93 32.0 -1.0 134.6485499129762 181.8440956153228 8.483847616427235 0.03456044873834543 110.75271328578152 1.0 110.75271472073017 1.0 134.64887160807848 181.85268579352368 
0.88 67.34 32.0 -1.0 0.013477888174898433 136.02804198481113 0.4307878306033789 0.017971433343939622 4.421865614341713 2.0 -1.0 -1.0 -1.0 -1.0 
0.88 67.34 32.0 -1.0 7.1671888360297 151.4649925777889 0.5227232618477181 0.02350110514207489 10.72029832627997 16.0 11.525545378275961 16.0 7.167182047851385 151.3921079282757 
0.88 67.34 32.0 -1.0 116.74869454326 76.5393055533358 0.09397174677577265 0.13962421290291552 1.5709584444478821 1.0 -1.0 -1.0 -1.0 -1.0 
0.88 67.34 32.0 -1.0 12.981962077048623 160.55504362382808 0.013292674224474204 0.017971433343939622 0.6600192223810152 8.0 -1.0 -1.0 -1.0 -1.0 
0.88 67.34 32.0 -1.0 0.0021053258732772247 0.0 0.012534580706566297 0.08570991287109667 6.073509197833321 1.0 -1.0 -1.0 -1.0 -1.0 
0.88 67.34 32.0 -1.0 0.008750176368002394 60.40312026450886 1.6823741714892713 0.029030776940210157 0.25825583962213083 4.0 -1.0 -1.0 -1.0 -1.0 
0.88 67.34 32.0 -1.0 9.74485168391 26.463343873676187 3.6070795108072926 0.009676925646736723 364.8099775734976 32.0 364.8332878059271 32.0 9.744841615126159 26.513858474069675 
0.88 67.34 32.0 -1.0 1.05458870231 179.27301855886734 4.0064550633245535 0.031795612839277794 120.49082465189255 32.0 120.5530785941577 32.0 1.0545894231957695 179.22153953273815 
0.88 67.34 32.0 -1.0 49.444461011588196 358.54603711773467 7.084105633896749 0.06635606157762322 79.53598311597584 2.0 79.58640484697003 2.0 49.444497562944896 358.5442769985834 
0.88 67.34 32.0 -1.0 6.485967824735405 537.819055676602 3.793655635542592 0.011059343596270537 215.76396227720662 16.0 215.76396436316924 16.0 6.485970516223461 537.5634206651073 
1.31 60.12 32.0 -1.0 0.20563971182 46.48319979665635 0.07338149555276155 0.022118687192541075 1.6918969297438922 1.0 -1.0 -1.0 -1.0 -1.0 
1.31 60.12 32.0 -1.0 0.006858663496666888 31.104321951537056 0.24447745947558114 0.03732528463741307 0.3998465431863005 1.0 -1.0 -1.0 -1.0 -1.0 
1.31 60.12 32.0 -1.0 0.257347 158.46742297872223 0.8842898893257327 0.013824179495338172 93.35251577794386 32.0 93.71101666343601 32.0 0.2573566841116796 158.6783591119895 
1.31 60.12 32.0 -1.0 0.5061820294275116 173.10984751858228 0.652050794085705 0.012441761545804354 47.06333273656236 32.0 7.469943009892339 1.0 14.67900195469459 172.9472676800957 
1.31 60.12 32.0 -1.0 0.45813851213 0.0 0.09587340896247087 0.02903077694021016 0.4115230687470587 2.0 -1.0 -1.0 -1.0 -1.0 
1.31 60.12 32.0 -1.0 60.033861 82.95929879831958 1.2439687799583798 0.07879782312342758 6.6247514810336545 8.0 9.143468852992271 1.0 120.06785254925491 82.98230514785165 
1.31 60.12 32.0 -1.0 276.3963275801 137.71676808347675 2.101513833848854 0.0718857333757585 22.163522523324797 1.0 22.16352265286246 1.0 276.3961674645543 137.7303869588123 
1.31 60.12 32.0 -1.0 1.00534775968 144.38816861347215 3.222929644301044 0.029030776940210157 146.99937964432158 16.0 153.5935563336657 32.0 1.0053554433397949 144.30825261077615 
1.31 60.12 32.0 -1.0 0.8438795009324 288.7763372269443 3.9926397481754927 0.029030776940210157 213.57503061710216 32.0 213.8880515354778 32.0 0.8438898172850411 288.71770315465943 
1.31 60.12 32.0 -1.0 274.50510164192235 433.16450584041644 1.6627313382536484 0.022118687192541075 11.63574439477496 1.0 11.635745072275153 1.0 274.50538861254853 433.02595576543564 
1.33 60.52 32.0 -1.0 74.097014488305 37.976509793218185 0.12000737073062885 0.019353851293473442 1.8820814386382698 2.0 -1.0 -1.0 -1.0 -1.0 
1.33 60.52 32.0 -1.0 2.1134890398366455 52.16263062084725 0.7873894997730058 0.011059343596270537 69.65608209839318 32.0 70.41967060280594 32.0 2.1134837879799306 52.11693555017512 
1.33 60.52 32.0 -1.0 1.84348415434 49.29897268980412 0.010879367828068812 0.10644618211410392 0.45294596603959003 4.0 -1.0 -1.0 -1.0 -1.0 
1.33 60.52 32.0 -1.0 0.0012017992614106908 8.370692413818393 0.03265512835435977 0.03041319488974398 9.618959254666711 4.0 -1.0 -1.0 -1.0 -1.0 
1.33 60.52 32.0 -1.0 1.19783535921 53.1759249656779 0.45937379437111164 0.09400442056829957 3.0136067288676776 1.0 -1.0 -1.0 -1.0 -1.0 
1.33 60.52 32.0 -1.0 2.190521178604 0.0 0.022456141361130662 0.016589015394405805 1.3736300526673648 1.0 -1.0 -1.0 -1.0 -1.0 
1.33 60.52 32.0 -1.0 0.76941220286 146.83956744871952 0.24770763559917114 0.02073626924300726 4.40491741055091 32.0 -1.0 -1.0 -1.0 -1.0 
1.33 60.52 32.0 -1.0 429.838515818049 293.67913489743904 0.9944884875250298 0.02073626924300726 15.537497366471444 1.0 -1.0 -1.0 -1.0 -1.0 
1.33 60.52 32.0 -1.0 3.331072105017001 440.51870234615853 0.014744052264218882 0.030413194889743977 1.4295340425076377 8.0 -1.0 -1.0 -1.0 -1.0 
1.33 60.52 32.0 -1.0 403.8289771809141 138.60104386248773 2.06695743448022 0.058061553880420315 16.081810549213383 1.0 -1.0 -1.0 -1.0 -1.0 
1.34 60.91 32.0 -1.0 32.696088356162285 56.882341826175086 0.05866469778046373 0.011059343596270537 2.168705399909479 8.0 -1.0 -1.0 -1.0 -1.0 
1.34 60.91 32.0 -1.0 1.75744734512 95.0569118900524 0.02042824336814625 0.022118687192541075 0.2121641632545408 1.0 -1.0 -1.0 -1.0 -1.0 
1.34 60.91 32.0 -1.0 0.70414584243 46.747105095765555 0.016029519052938892 0.11750552571037445 1.5120455581244765 2.0 -1.0 -1.0 -1.0 -1.0 
1.34 60.91 32.0 -1.0 0.005087595857611346 0.0 0.017427059838365518 0.09538683851783337 -1.1615102544692872 1.0 -1.0 -1.0 -1.0 -1.0 
1.34 60.91 32.0 -1.0 26.957044087089127 148.81385031918492 0.9147367545968079 0.038707702586946884 17.2434140407386 2.0 19.286715485893946 4.0 26.95693789670865 148.76096166749014 
1.34 60.91 32.0 -1.0 320.9279655591592 297.62770063836984 0.015996331735108556 0.024883523091608708 2.118109597242294 1.0 -1.0 -1.0 -1.0 -1.0 
1.34 60.91 32.0 -1.0 1.903892 446.44155095755474 0.2521971497542445 0.022118687192541075 5.499766131367467 8.0 -1.0 -1.0 -1.0 -1.0 
1.34 60.91 32.0 -1.0 2.015398 61.07931210220371 1.974829258402277 0.016589015394405805 194.07471791374192 32.0 194.93047734885198 32.0 2.01540994263875 61.12355159671024 
1.34 60.91 32.0 -1.0 3.04400829778 38.39781316366607 3.055965977377591 0.01520659744487199 224.3339465358958 32.0 224.86633158536927 32.0 3.0440181338538728 38.45521458071173 
1.34 60.91 32.0 -1.0 2.219165 37.370894904637794 6.085250039418514 0.026265941041142528 376.9100701653815 32.0 377.01318449044663 32.0 2.219167072325945 37.342037316533236 
1.36 61.31 32.0 -1.0 0.006372454198398374 133.46410794312874 0.14312502368635102 0.011059343596270537 0.6299626178998942 8.0 -1.0 -1.0 -1.0 -1.0 
1.36 61.31 32.0 -1.0 7.478313 28.805852796926974 0.05433422881577102 0.012441761545804354 2.042589992370142 8.0 -1.0 -1.0 -1.0 -1.0 
1.36 61.31 32.0 -1.0 0.4116193649784009 53.05153140499874 0.029953504740184676 0.013824179495338172 0.7023451100005016 1.0 -1.0 -1.0 -1.0 -1.0 
1.36 61.31 32.0 -1.0 0.91545239953 112.92074897353349 0.02974728571317075 0.009676925646736721 2.028119529150481 16.0 -1.0 -1.0 -1.0 -1.0 
1.36 61.31 32.0 -1.0 11.5199230952487 88.94597180242341 0.22847352570395624 0.013824179495338172 9.438766340995622 16.0 9.604341397018091 16.0 11.519902424576383 88.95298320117269 
1.36 61.31 32.0 -1.0 0.471125 150.48574823222194 0.14164952467166175 0.12718245135711118 1.137795579267999 1.0 -1.0 -1.0 -1.0 -1.0 
1.36 61.31 32.0 -1.0 0.621231324318 300.9714964644439 0.17259320851395066 0.016589015394405805 2.1906506627933884 16.0 -1.0 -1.0 -1.0 -1.0 
1.36 61.31 32.0 -1.0 0.20754957515789652 91.33893449558506 8.327066811662002 0.11474068981130682 14.651157650540368 4.0 16.735943954913587 8.0 0.20760732392470044 94.82246332138658 
1.36 61.31 32.0 -1.0 4.65279017907 0.0 2.3117261921407866 0.02073626924300726 134.21272440826513 32.0 -1.0 -1.0 -1.0 -1.0 
1.36 61.31 32.0 -1.0 271.98722878874 451.45724469666584 1.811447712307352 0.05529671798135269 20.03803130332624 1.0 20.038031736352277 1.0 271.98693715035915 451.4439795909344 
1.38 61.71 32.0 -1.0 0.617917537 84.0169199429595 0.34391700127099145 0.05529671798135269 -0.3882475486605002 32.0 -1.0 -1.0 -1.0 -1.0 
1.38 61.71 32.0 -1.0 0.4192557152705343 47.50766630126065 0.04533834329565705 0.026265941041142528 0.7238617366129777 1.0 -1.0 -1.0 -1.0 -1.0 
1.38 61.71 32.0 -1.0 0.9587882190546194 64.39319611054637 0.02343888745440828 0.04285495643554833 2.4572951592133965 16.0 -1.0 -1.0 -1.0 -1.0 
1.38 61.71 32.0 -1.0 2.4709112279856043 57.82153045504057 0.10202365312122574 0.011059343596270537 2.5505934595378053 16.0 -1.0 -1.0 -1.0 -1.0 
1.38 61.71 32.0 -1.0 1.4169859570427703 3.5596522300656392 0.25605946519140704 0.049767046183217416 1.0216483961298863 2.0 -1.0 -1.0 -1.0 -1.0 
1.38 61.71 32.0 -1.0 9.85354347246952 0.0 0.038784559734588844 0.008294507697202903 2.890515339627202 16.0 -1.0 -1.0 -1.0 -1.0 
1.38 61.71 32.0 -1.0 1.808645 304.2133559694558 0.09534500147295626 0.019353851293473442 0.5202854933622236 8.0 -1.0 -1.0 -1.0 -1.0 
1.38 61.71 32.0 -1.0 3.7538316346122813 456.32003395418366 0.04118712484354565 0.016589015394405805 1.5541771805150122 2.0 -1.0 -1.0 -1.0 -1.0 
1.38 61.71 32.0 -1.0 0.08951395712157724 103.91446317768539 2.7023598159184354 0.04700221028414978 9.014425788470785 16.0 9.392752834142614 16.0 0.08949427865445614 105.65064216385014 
1.38 61.71 32.0 -1.0 2.2081521031 152.1066779847279 3.9871269702072345 0.02073626924300726 331.99107653276445 32.0 332.0770851280966 32.0 2.2081621864344925 152.10049346002566 
1.58 65.31 32.0 -1.0 60.524717788002484 39.5514258821921 0.13449708483130232 0.04009012053648069 2.000757738268087 8.0 -1.0 -1.0 -1.0 -1.0 
1.58 65.31 32.0 -1.0 1.194572 22.340763573623153 0.022580594589905183 0.022118687192541075 2.4741958456685325 1.0 -1.0 -1.0 -1.0 -1.0 
1.58 65.31 32.0 -1.0 0.689 296.00132675570825 0.33338978978598516 0.12580003340757737 1.5703856903441644 2.0 -1.0 -1.0 -1.0 -1.0 
1.58 65.31 32.0 -1.0 2.441546665699 105.30498188159655 0.08122523361259269 0.006912089747669086 1.5919239554604554 8.0 -1.0 -1.0 -1.0 -1.0 
1.58 65.31 32.0 -1.0 3.2473552238 113.5241763815221 0.9034322499182685 0.016589015394405805 72.2621494091503 32.0 73.06452332917613 32.0 3.2473508326802407 113.54408094620675 
1.58 65.31 32.0 -1.0 1.11741294517 0.0 0.665705780761369 0.05391430003181887 1.3324345130219488 4.0 -1.0 -1.0 -1.0 -1.0 
1.58 65.31 32.0 -1.0 1.8899192477554 183.85620985403943 0.7491822145372189 0.024883523091608708 28.229151786889787 16.0 28.230184990477262 16.0 1.889929990284145 183.97784238877352 
1.58 65.31 32.0 -1.0 0.008710057226511528 367.71241970807887 0.035257760672121954 0.020736269243007262 -0.6775302003840448 8.0 -1.0 -1.0 -1.0 -1.0 
1.58 65.31 32.0 -1.0 0.012465028543067825 551.5686295621183 0.16174128236432772 0.009676925646736721 1.0652454059198695 4.0 -1.0 -1.0 -1.0 -1.0 
1.58 65.31 32.0 -1.0 231.894533 28.132813389006934 4.664089511885316 0.016589015394405805 129.53788220746657 2.0 129.53788498385882 2.0 231.8944704408447 28.13302540378385 
1.71 67.34 32.0 -1.0 2.93399568493 78.09870329619993 0.30412232699116293 0.01520659744487199 4.899754474827334 32.0 -1.0 -1.0 -1.0 -1.0 
1.71 67.34 32.0 -1.0 13.87699831012 17.754581587254243 0.036295767608167495 0.01520659744487199 2.33246774658788 16.0 -1.0 -1.0 -1.0 -1.0 
1.71 67.34 32.0 -1.0 16.562185596668744 57.66216074410366 0.015125786700150521 0.08709233082063048 1.468370634478563 1.0 -1.0 -1.0 -1.0 -1.0 
1.71 67.34 32.0 -1.0 0.290249 114.57337241805155 0.05850280880215019 0.017971433343939622 0.3674614166194432 4.0 -1.0 -1.0 -1.0 -1.0 
1.71 67.34 32.0 -1.0 132.978723 84.21357429603975 0.04612818816800296 0.1382417949533817 1.1242430071358913 1.0 -1.0 -1.0 -1.0 -1.0 
1.71 67.34 32.0 -1.0 0.04271370332724869 357.5590358327395 0.20245599113661636 0.009676925646736721 2.808503142519885 1.0 6.2173362187893595 1.0 1.1961674317717552 365.83052818229714 
1.71 67.34 32.0 -1.0 10.316928486503567 536.3385537491092 0.36928080653799145 0.008294507697202903 11.15073424846242 8.0 11.262981369618723 8.0 10.316944099031389 536.2478475347144 
1.71 67.34 32.0 -1.0 1.965177 11.586071368117572 2.363400666868233 0.01520659744487199 185.43662766257293 32.0 185.59293289911537 32.0 1.9651755186108253 11.637762307320658 
1.71 67.34 32.0 -1.0 33.764971427945504 0.0 1.0315762863996651 0.030413194889743984 18.258021717627585 8.0 -1.0 -1.0 -1.0 -1.0 
1.71 67.34 32.0 -1.0 0.03636757019090958 178.77951791636974 8.554472200642591 0.035942866687879244 39.48485686186881 16.0 -1.0 -1.0 -1.0 -1.0 
1.95 60.12 32.0 -1.0 0.143445 71.55718317012838 0.11585276161218677 0.022118687192541075 0.6765849591425848 1.0 -1.0 -1.0 -1.0 -1.0 
1.95 60.12 32.0 -1.0 3.455814481241569 97.20894346165298 0.713321523620373 0.12718245135711118 3.8614527246726635 1.0 -1.0 -1.0 -1.0 -1.0 
1.95 60.12 32.0 -1.0 1.3226001615907352 101.26831293539593 0.0188290098551202 0.017971433343939622 1.5264723842197943 2.0 -1.0 -1.0 -1.0 -1.0 
1.95 60.12 32.0 -1.0 1.951877 33.33865142265486 0.2883672890251542 0.04147253848601452 2.9238703865866364 2.0 6.512762782257525 8.0 1.9518968959649405 32.88932825981925 
1.95 60.12 32.0 -1.0 100.80135882925015 0.0 0.20120110569165656 0.006912089747669087 7.327687728539301 2.0 -1.0 -1.0 -1.0 -1.0 
1.95 60.12 32.0 -1.0 0.212104 287.8697543826649 0.22831574050845846 0.03732528463741307 0.6467358541885898 2.0 -1.0 -1.0 -1.0 -1.0 
1.95 60.12 32.0 -1.0 1.1682667510160731 431.80463157399737 0.22737131501898614 0.019353851293473442 3.8116180431622997 16.0 -1.0 -1.0 -1.0 -1.0 
1.95 60.12 32.0 -1.0 0.132180571 109.25749753797514 2.042824336814625 0.04285495643554833 18.527901595558077 16.0 19.048240975554663 16.0 0.13217989665766558 112.43090368202827 
1.95 60.12 32.0 -1.0 0.556185 18.87174957474116 1.026599716787374 0.019353851293473442 41.674406469876175 32.0 42.70906627233816 32.0 0.5561863266242048 18.822815557927324 
1.95 60.12 32.0 -1.0 0.604887 143.93487719133245 3.326995436919836 0.13132970520571263 13.910213190375835 4.0 14.012567935414197 2.0 1.209749219318231 144.1058567445619 
1.98 60.52 32.0 -1.0 0.9519 104.7528217890173 0.018751123867894355 0.03456044873834543 1.7275515575655946 2.0 -1.0 -1.0 -1.0 -1.0 
1.98 60.52 32.0 -1.0 1.1399400551075 54.11276694178779 0.08201464117502949 0.027648358990676348 1.7972278856532475 16.0 -1.0 -1.0 -1.0 -1.0 
1.98 60.52 32.0 -1.0 0.54347721486 41.93629542036194 0.15571097780848736 0.01520659744487199 2.6648030629663864 16.0 -1.0 -1.0 -1.0 -1.0 
1.98 60.52 32.0 -1.0 0.012991385266090137 38.15587465919724 0.010153146672788577 0.017971433343939622 1.657122660565896 4.0 -1.0 -1.0 -1.0 -1.0 
1.98 60.52 32.0 -1.0 0.827339092144 19.297729234317497 0.03697913905022333 0.019353851293473442 1.6643496695101416 1.0 -1.0 -1.0 -1.0 -1.0 
1.98 60.52 32.0 -1.0 0.21831100566414863 146.51328368560414 0.14764438042523004 0.07188573337575849 0.11959395914982901 2.0 -1.0 -1.0 -1.0 -1.0 
1.98 60.52 32.0 -1.0 0.0016276260116606348 293.0265673712083 0.06763679470849128 0.019353851293473442 4.125310447635787 1.0 -1.0 -1.0 -1.0 -1.0 
1.98 60.52 32.0 -1.0 111.5254410903368 439.5398510568124 0.7232458137899892 0.0483846282336836 4.9421703637952215 1.0 -1.0 -1.0 -1.0 -1.0 
1.98 60.52 32.0 -1.0 3.2703997456053986 48.925677990422265 6.8577811002830815 0.016589015394405805 730.8052148011161 32.0 730.8724682800431 32.0 3.2703913651251546 48.9797996238539 
1.98 60.52 32.0 -1.0 32.39695567367918 0.0 3.851754209371493 0.013824179495338172 235.90987899771997 8.0 -1.0 -1.0 -1.0 -1.0 
10.01 67.34 32.0 -1.0 6.02617884891099 50.65909262529949 0.1645589971998487 0.019353851293473442 3.521902869113354 4.0 -1.0 -1.0 -1.0 -1.0 
10.01 67.34 32.0 -1.0 12.6998621581 74.4768230847335 0.28618420759827207 0.04285495643554833 2.419454100347191 32.0 -1.0 -1.0 -1.0 -1.0 
10.01 67.34 32.0 -1.0 0.0028122545094976387 61.79878838583656 0.011168755931121101 0.02350110514207489 5.955631030454895 1.0 -1.0 -1.0 -1.0 -1.0 
10.01 67.34 32.0 -1.0 0.403403 192.02713644354364 0.18506604023110235 0.017971433343939622 3.9788649138677568 16.0 -1.0 -1.0 -1.0 -1.0 
10.01 67.34 32.0 -1.0 247.524752 0.0 0.0926182710752244 0.008294507697202903 0.7682337060305088 2.0 -1.0 -1.0 -1.0 -1.0 
10.01 67.34 32.0 -1.0 15.458974196304379 176.80288557080965 0.7923004251845865 0.052531882082285056 14.691481144732755 8.0 14.691481966411816 8.0 15.458984610935053 176.79278913816685 
10.01 67.34 32.0 -1.0 1.268433632689 353.6057711416193 0.8836791933922146 0.04147253848601452 21.558077143440673 16.0 21.661256304747006 16.0 1.268441944072644 353.28198447701226 
10.01 67.34 32.0 -1.0 0.015902689822446133 530.408656712429 0.1259534364311018 0.011059343596270537 1.7395360597270784 4.0 -1.0 -1.0 -1.0 -1.0 
10.01 67.34 32.0 -1.0 0.00721428470441448 31.615517491809946 3.4990842178221455 0.049767046183217416 1.3384821395278963 16.0 -1.0 -1.0 -1.0 -1.0 
10.01 67.34 32.0 -1.0 3.6287419642 124.76459251801509 1.141052772562456 0.016589015394405805 96.84668599774928 32.0 97.79548350875024 32.0 3.6287322776236883 124.77705152109887 
10.03 73.15 32.0 -1.0 2.151927137 137.46485856696262 4.3317528157161 0.035942866687879244 319.2975715113902 32.0 319.3728519245591 32.0 2.1519250973748667 137.42679315949093 
10.03 73.15 32.0 -1.0 0.731764 67.55913340914874 1.232846739442067 0.03732528463741307 59.181343571059266 16.0 59.67711818737829 32.0 0.7317642788014685 67.60021931556696 
10.13 71.47 32.0 -1.0 0.35829128584 423.0621623888791 7.13321523620373 0.12441761545804356 60.31512821710035 8.0 60.43209945374516 8.0 0.35828027951841557 423.00736038782907 
10.28 73.58 32.0 -1.0 1.6119541713 60.24369034833074 8.40218886170957 0.09538683851783337 185.65569200258682 8.0 203.02474168258084 16.0 1.611958092932279 60.313968131853144 
10.28 73.58 32.0 -1.0 0.8784237673 0.0 2.300573874593921 0.04009012053648069 47.04127578393077 32.0 -1.0 -1.0 -1.0 -1.0 
10.28 73.58 32.0 -1.0 0.03457486588770644 368.42609161648875 8.338580182267595 0.03041319488974398 187.2145793621203 32.0 187.95095594262042 32.0 0.034575956912400826 367.8544868444399 
10.37 71.89 32.0 -1.0 0.024494897713239542 39.81460542558933 8.739652189151094 0.022118687192541075 52.82354889374701 32.0 -1.0 -1.0 -1.0 -1.0 
10.37 71.89 32.0 -1.0 0.02494932633157745 34.18550228492293 1.293037621685656 0.08156265902249521 1.472345583972342 8.0 -1.0 -1.0 -1.0 -1.0 
10.37 71.89 32.0 -1.0 1.857557562173 184.24013491057022 4.596912599290712 0.022118687192541075 592.8146232980368 32.0 592.9984750468419 32.0 1.8575671371460583 184.28143618809491 
10.37 71.89 32.0 -1.0 0.0036881342625287427 273.894901720308 1.5251702728458223 0.030413194889743984 1.3976463851910772 1.0 -1.0 -1.0 -1.0 -1.0 
10.47 66.52 32.0 -1.0 0.28959308043 28.682712986215677 0.2523714389928635 0.027648358990676344 1.5769548613437694 1.0 -1.0 -1.0 -1.0 -1.0 
10.47 66.52 32.0 -1.0 202.020202 37.81391374961767 0.025998093070441555 0.012441761545804354 2.030580492262621 2.0 -1.0 -1.0 -1.0 -1.0 
10.47 66.52 32.0 -1.0 0.4135153129744352 64.0258312351481 0.014774641499094882 0.008294507697202903 1.5075230381339593 32.0 -1.0 -1.0 -1.0 -1.0 
10.47 66.52 32.0 -1.0 6.06185918633 0.0 0.05486228948385006 0.022118687192541075 3.1987211798458057 4.0 -1.0 -1.0 -1.0 -1.0 
10.47 66.52 32.0 -1.0 69.15298390559036 358.0504958166923 0.012388231171088358 0.026265941041142528 0.7891069555963858 1.0 -1.0 -1.0 -1.0 -1.0 
10.47 66.52 32.0 -1.0 104.491133 41.144116380976044 1.5831422964399675 0.008294507697202903 60.90859363485539 4.0 60.90859146748818 4.0 104.49123995689055 41.18755877460441 
10.47 66.52 32.0 -1.0 0.016574207554897545 139.81479757138464 1.04448423711421 0.0483846282336836 2.6475503127017683 4.0 -1.0 -1.0 -1.0 -1.0 
10.47 66.52 32.0 -1.0 1.58168952978 23.579983147843976 1.968019525573829 0.11750552571037445 7.852681858253211 8.0 8.498992901852455 8.0 1.5816719193632405 24.388701878819813 
10.47 66.52 32.0 -1.0 184.8892942581584 179.02524790834616 9.972404361662386 0.011059343596270537 248.34440021504886 2.0 248.34440397679973 2.0 184.88935893401504 179.01914366652386 
10.47 66.52 32.0 -1.0 155.80651370922 537.0757437250385 8.049901736525532 0.0483846282336836 110.07201851812128 1.0 110.07201635814857 1.0 155.806386222442 536.9562330664644 
10.55 74.01 32.0 -1.0 0.302357 3.4440973548889695 8.794161145692234 0.052531882082285056 68.6365832654421 16.0 83.04849808328642 32.0 0.30236151360441 10.52458504314216 
10.55 74.01 32.0 -1.0 2.466371 72.68480459380262 1.2805918722139784 0.024883523091608708 126.28654355598039 16.0 129.91278039374984 32.0 2.466367732267827 72.66011597092375 
10.55 74.01 32.0 -1.0 1.55245717093 239.14951008010283 9.869597232407607 0.017971433343939622 1335.626338721786 32.0 1335.9117114515773 32.0 1.5524619811913 239.1307159321627 
10.56 60.91 32.0 -1.0 1.505344 8.720073478141785 0.03905342843907334 0.09400442056829957 0.8046986891865529 1.0 -1.0 -1.0 -1.0 -1.0 
10.56 60.91 32.0 -1.0 22.351083818 81.32979422187684 0.15668214264876304 0.055296717981352696 2.148017322040105 2.0 -1.0 -1.0 -1.0 -1.0 
10.56 60.91 32.0 -1.0 3.430655769877 39.19716197105317 0.11199662113640256 0.024883523091608708 2.324670394988035 32.0 -1.0 -1.0 -1.0 -1.0 
10.56 60.91 32.0 -1.0 0.5972490425223961 25.944377031501052 0.018634898547584714 0.03456044873834543 1.0933204602231577 1.0 -1.0 -1.0 -1.0 -1.0 
10.56 60.91 32.0 -1.0 7.296358968158 0.0 0.24702407056662512 0.12165277955897594 0.8193793393168846 1.0 -1.0 -1.0 -1.0 -1.0 
10.56 60.91 32.0 -1.0 0.484599 431.64363716801836 0.62471159670474 0.13962421290291552 1.3745068100441176 2.0 -1.0 -1.0 -1.0 -1.0 
10.56 60.91 32.0 -1.0 1.55206115637 52.018260104756685 2.537700960429789 0.031795612839277794 113.07349337402559 16.0 117.19983347181243 32.0 1.5520527085755023 52.015737617067984 
10.56 60.91 32.0 -1.0 1.48250955451 36.34802905245239 4.465447487050318 0.022118687192541075 334.6072819016766 32.0 334.70515604676626 32.0 1.4825066803799323 36.33005798546188 
10.56 60.91 32.0 -1.0 2.46256179008 143.88121238933945 5.042782848310832 0.07879782312342759 91.3074019200271 8.0 91.41222549657864 8.0 2.4625478545203805 143.80226294524047 
10.56 60.91 32.0 -1.0 1.68446199761 287.7624247786789 1.4243455449563132 0.02073626924300726 119.66323053143961 32.0 120.1526312020696 32.0 1.6844751371536406 287.80692175669526 
10.61 72.31 32.0 -1.0 0.007280896776164848 71.71682940864682 1.95852533081917 0.012441761545804354 7.061202393816375 2.0 -1.0 -1.0 -1.0 -1.0 
10.61 72.31 32.0 -1.0 0.14908171143636184 80.91642269586866 3.8146802935686224 0.01520659744487199 252.26274995961214 32.0 252.74625931306522 32.0 0.1490813398656125 80.95834648570893 
10.61 72.31 32.0 -1.0 0.992418 133.31410620134963 2.9056702351810317 0.006912089747669086 668.8703724131274 32.0 669.2280014408617 32.0 0.9924254603295898 133.2776779020983 
10.66 66.93 32.0 -1.0 0.012407876981456374 149.9092500752259 0.07237456368940276 0.019353851293473442 0.41245521629956916 4.0 -1.0 -1.0 -1.0 -1.0 
10.66 66.93 32.0 -1.0 0.002864427372031162 192.50378565809757 0.1542122280526466 0.05529671798135269 9.055180002416021 1.0 -1.0 -1.0 -1.0 -1.0 
10.66 66.93 32.0 -1.0 3.506926 14.42976738692014 0.07723048797037538 0.011059343596270537 1.3075369358582742 32.0 -1.0 -1.0 -1.0 -1.0 
10.66 66.93 32.0 -1.0 0.1417393685 49.114652698442995 0.8044342425811861 0.016589015394405805 24.506442997161095 32.0 27.45358960701117 32.0 0.14172959102628133 50.90256035288949 
10.66 66.93 32.0 -1.0 2.051164249099 73.48492650746368 0.7776587786236845 0.011059343596270537 85.80466069705017 32.0 88.68404219266536 32.0 2.0511530844184263 73.46969943578085 
10.66 66.93 32.0 -1.0 0.729437 0.0 0.10401637398296779 0.04147253848601452 1.638795990062555 4.0 -1.0 -1.0 -1.0 -1.0 
10.66 66.93 32.0 -1.0 0.143445 356.2549237081839 0.0607265121306145 0.023501105142074888 0.6405183106538813 1.0 -1.0 -1.0 -1.0 -1.0 
10.66 66.93 32.0 -1.0 1.41844 534.3823855622759 0.13970582730290237 0.009676925646736721 3.0615778926503228 32.0 -1.0 -1.0 -1.0 -1.0 
10.66 66.93 32.0 -1.0 0.598275 45.48048906025571 7.202541156259633 0.031795612839277794 301.54366303905107 32.0 301.9717635770984 32.0 0.5982656148262322 45.43787196510413 
10.66 66.93 32.0 -1.0 9.59859125268 178.12746185409196 3.718407956863619 0.012441761545804354 369.93180529763015 32.0 371.83719263201874 32.0 9.598594867081072 178.10836226855963 
10.68 61.31 32.0 -1.0 3.53267858106 9.308266819052005 0.028856657484299865 0.06635606157762322 1.8388073578225992 2.0 -1.0 -1.0 -1.0 -1.0 
10.68 61.31 32.0 -1.0 3.12087740359 0.0 0.010894410122863865 0.03317803078881161 -3.0032251648698565 16.0 -1.0 -1.0 -1.0 -1.0 
10.68 61.31 32.0 -1.0 0.1641860045408534 144.9740808780389 0.32565014443166246 0.016589015394405805 1.520483491707028 1.0 -1.0 -1.0 -1.0 -1.0 
10.68 61.31 32.0 -1.0 1.1775198318 434.92224263411674 0.09660475420403516 0.02350110514207489 0.4273636730139411 8.0 -1.0 -1.0 -1.0 -1.0 
10.68 61.31 32.0 -1.0 0.029168625623975986 95.73595919968906 3.0538555088334154 0.017971433343939622 33.94834305040651 32.0 7.595543165787289 1.0 0.6713283558686575 104.33506903345737 
10.68 61.31 32.0 -1.0 0.02234393523473152 83.77440137146803 6.6985776835622515 0.06082638977948796 2.5442751265007693 4.0 -1.0 -1.0 -1.0 -1.0 
10.68 61.31 32.0 -1.0 3.9303639987862793 27.315848422264757 6.089455454099885 0.18524400523753148 62.603374222344215 4.0 69.32059697217038 8.0 3.9303510372216506 27.62703573824817 
10.68 61.31 32.0 -1.0 36.71246645742 54.54470369668791 1.7730658797940135 0.03456044873834543 59.5982814397662 8.0 60.11000305848087 8.0 36.71254186580579 54.54568594474638 
10.68 61.31 32.0 -1.0 168.0966779772235 96.30141466065952 1.4949183117699152 0.07741540517389377 15.228034456885222 1.0 15.228034281057505 1.0 168.09693382432064 96.34043231799362 
10.68 61.31 32.0 -1.0 0.659399658 289.9481617560778 3.520907904329928 0.012441761545804354 419.66146448993226 32.0 419.8821659869935 32.0 0.6594139752754321 289.8308804188379 
10.84 67.34 32.0 -1.0 367.4055519177 137.32529760892496 0.03087798592411044 0.06912089747669085 0.9181506174258837 1.0 -1.0 -1.0 -1.0 -1.0 
10.84 67.34 32.0 -1.0 432.900433 28.799137200946483 0.05793970739695535 0.04285495643554833 1.5264500015116789 1.0 -1.0 -1.0 -1.0 -1.0 
10.84 67.34 32.0 -1.0 0.04704126496051088 176.44765494624014 0.037727468551815566 0.008294507697202903 2.154689570544667 1.0 -1.0 -1.0 -1.0 -1.0 
10.84 67.34 32.0 -1.0 1.057949931 89.57378702941443 3.043325008526438 0.03456044873834543 104.2145720095429 16.0 108.48693818538769 32.0 1.0579545535923294 89.5601707998155 
10.84 67.34 32.0 -1.0 3.6685614519101657 114.7730320802426 9.781355419536549 0.052531882082285056 314.742614510174 16.0 318.40655668505116 32.0 3.6685681455613426 114.75845614349238 
10.84 67.34 32.0 -1.0 196.6887956594 50.71612764431384 5.589522870375586 0.027648358990676348 104.52867043981726 2.0 104.52866985378668 2.0 196.68853686501583 50.70016448667521 
10.84 67.34 32.0 -1.0 1.372855822306 60.82758941891086 5.347771190483215 0.009676925646736721 802.9139069641901 32.0 802.9426695649415 32.0 1.3728519358361762 60.819957797388824 
10.84 67.34 32.0 -1.0 3.07008076 0.0 1.889416191528596 0.02764835899067634 58.39793565610501 32.0 -1.0 -1.0 -1.0 -1.0 
10.84 67.34 32.0 -1.0 7.557780825655 352.89530989248027 2.634159475634404 0.011059343596270537 220.16323556087377 16.0 220.23519711270035 16.0 7.557779705772798 352.87719274458374 
10.84 67.34 32.0 -1.0 0.13661682929321278 529.3429648387204 2.656087782946687 0.019353851293473442 127.01707649906821 32.0 128.01128765882683 32.0 0.13660610420629382 528.9615963510007 
10.89 71.05 32.0 -1.0 0.1011112983493 55.151749794861395 4.536967586757926 0.045619792334615966 45.10744176181671 16.0 47.54224763578196 16.0 0.10110549434709053 61.022353663603106 
10.89 71.05 32.0 -1.0 1.06608191007 65.88656634279738 1.6835368321843143 0.035942866687879244 103.2631261639069 16.0 103.2631301019049 16.0 1.0660793729281675 65.87985445274563 
10.89 71.05 32.0 -1.0 0.7859985325964 94.09262277846723 1.3164729537922268 0.027648358990676344 101.1600199029526 32.0 102.11650221181768 32.0 0.7860004795171942 94.11407778963662 
10.89 71.05 32.0 -1.0 0.0682556576466749 0.0 1.5711571348942424 0.01520659744487199 26.84847590721589 32.0 -1.0 -1.0 -1.0 -1.0 
10.89 71.05 32.0 -1.0 1.987795 289.70966440704973 5.858369737125164 0.016589015394405805 998.6044223713465 32.0 999.0667370053262 32.0 1.9877916201949122 289.7296824857308 
10.89 71.05 32.0 -1.0 0.1574 434.56449661057457 1.1176474471832027 0.04700221028414978 14.819302297570916 8.0 16.017070248761776 16.0 0.1574032163868348 434.4427268289355 
10.93 65.71 32.0 -1.0 5.650681647103313 121.08263563149907 0.20484772405218535 0.03456044873834543 2.9273496202673233 8.0 -1.0 -1.0 -1.0 -1.0 
10.93 65.71 32.0 -1.0 0.6258 83.98270224153865 0.5437177829394906 0.023501105142074895 11.869422771262268 32.0 16.05678841332445 32.0 0.6257929877998929 83.99428447892299 
10.93 65.71 32.0 -1.0 0.96651 16.037435182980012 0.3220703869641005 0.016589015394405805 11.087138375590737 32.0 11.915386778784763 32.0 0.966520019574091 15.786877564713238 
10.93 65.71 32.0 -1.0 2.496256 356.35180976581586 0.03899950599841679 0.020736269243007262 -0.6500126696326229 1.0 -1.0 -1.0 -1.0 -1.0 
10.93 65.71 32.0 -1.0 1.10256396094 534.5277146487238 0.012176109662385635 0.0483846282336836 1.2055362203662443 1.0 -1.0 -1.0 -1.0 -1.0 
10.93 65.71 32.0 -1.0 0.92794739509 130.81201297584028 3.0665402179114594 0.019353851293473442 250.95998970868837 32.0 251.63107644123465 32.0 0.9279574442189188 130.84892750752704 
10.93 65.71 32.0 -1.0 6.00117895858 223.98951138895416 3.329294667907001 0.027648358990676348 174.56025720935182 16.0 175.33651967488785 16.0 6.001209840178491 223.9510259660923 
10.93 65.71 32.0 -1.0 265.957447 173.0439256243543 3.987126970207234 0.03317803078881161 70.20480526707821 1.0 70.20480385026914 1.0 265.95759360740584 173.0484656132028 
10.93 65.71 32.0 -1.0 0.99506614549 0.0 5.985186776815573 0.031795612839277794 125.23447689966403 32.0 -1.0 -1.0 -1.0 -1.0 
10.93 65.71 32.0 -1.0 94.95569316129877 178.17590488290793 5.58566271215321 0.011059343596270537 176.92700442568525 2.0 176.9270017035461 2.0 94.95561243966222 178.20956020166676 
245.19 88.87 32.0 -1.0 3.53267858106 8.69288701002858 0.028856657484299865 0.06635606157762322 0.37164831399558834 16.0 -1.0 -1.0 -1.0 -1.0 
245.19 88.87 32.0 -1.0 3.12087740359 0.0 0.010894410122863865 0.03317803078881161 -2.968865760151675 16.0 -1.0 -1.0 -1.0 -1.0 
245.19 88.87 32.0 -1.0 0.1641860045408534 52.3931146553802 0.32565014443166246 0.016589015394405805 21.940737504132727 32.0 23.348332037782804 32.0 0.16418653103755787 53.93849834610357 
245.19 88.87 32.0 -1.0 1.1775198318 157.1793439661406 0.09660475420403516 0.02350110514207489 9.51137352321282 16.0 9.80126043867296 16.0 1.1775227903854102 157.16039011538246 
245.19 88.87 32.0 -1.0 0.029168625623975986 86.08001675753435 3.0538555088334154 0.017971433343939622 145.49571066931207 32.0 147.2731136818998 32.0 0.029172042559366677 94.6200674551723 
245.19 88.87 32.0 -1.0 0.02234393523473152 76.61687393649059 6.6985776835622515 0.06082638977948796 12.170557299942038 8.0 -1.0 -1.0 -1.0 -1.0 
245.19 88.87 32.0 -1.0 3.9303639987862793 25.842868434877005 6.089455454099885 0.18524400523753148 253.66671344527617 4.0 257.3996691917433 8.0 3.93038135371171 25.906670875426855 
245.19 88.87 32.0 -1.0 0.659399658 104.7862293107604 3.520907904329928 0.012441761545804354 1578.5981168306573 32.0 1578.6884211492359 32.0 0.6593988170304026 104.73986076588592 
