27.37 88.71 33.0 -1.0 0.403403 0.624317606442715 4.612818816800296 0.027648358990676344 374.61611320192463 32.0 61.71542729819013 1.0 10.488535432765882 2.023958662142723 
27.37 88.71 33.0 -1.0 0.028245247079937107 43.19292071941836 8.00553460268238 0.04423737438508215 63.306005935632264 16.0 45.733890978017364 1.0 0.819030295436581 52.31933141638939 
27.37 88.71 33.0 -1.0 0.403403 0.624317606442715 4.612818816800296 0.027648358990676344 374.61611320192463 32.0 61.71542729819013 1.0 10.488535432765882 2.023958662142723 
27.37 88.71 33.0 -1.0 0.028245247079937107 43.19292071941836 8.00553460268238 0.04423737438508215 63.306005935632264 16.0 45.733890978017364 1.0 0.819030295436581 52.31933141638939 
27.37 88.71 33.0 -1.0 0.403403 0.624317606442715 4.612818816800296 0.027648358990676344 374.61611320192463 32.0 61.71542729819013 1.0 10.488535432765882 2.023958662142723 
27.37 88.71 33.0 -1.0 0.028245247079937107 43.19292071941836 8.00553460268238 0.04423737438508215 63.306005935632264 16.0 45.733890978017364 1.0 0.819030295436581 52.31933141638939 
0.06 67.74 33.0 -1.0 0.6730482796171792 49.89166797720957 0.020287602314368953 0.017971433343939622 0.46495907325693364 2.0 -1.0 -1.0 -1.0 -1.0 
0.06 67.74 33.0 -1.0 1.81408773956 89.86828988706672 0.4702916161939979 0.022118687192541075 14.08216709409299 16.0 14.325007132003499 16.0 1.8140781321562829 89.76256666602976 
0.06 67.74 33.0 -1.0 40.691271761865 71.19846910066906 0.02240964844402357 0.013824179495338172 0.22579770809768582 1.0 -1.0 -1.0 -1.0 -1.0 
0.06 67.74 33.0 -1.0 0.9849718978 351.56221853708143 0.7961411998850886 0.019353851293473442 32.712149037648274 32.0 32.87052626217954 32.0 0.9849827620200814 351.561619614191 
0.06 67.74 33.0 -1.0 0.6982526699955363 527.3433278056222 0.010495475041597204 0.038707702586946884 3.6525818896243183 1.0 -1.0 -1.0 -1.0 -1.0 
0.06 67.74 33.0 -1.0 2.75868097559 10.706140168470977 1.5084046126215596 0.12165277955897591 1.6541452011850728 8.0 -1.0 -1.0 -1.0 -1.0 
0.06 67.74 33.0 -1.0 54.704771719716256 39.02730898851489 1.5495979097850845 0.013824179495338172 49.1035647667104 8.0 50.277651148961965 8.0 54.704772386079036 39.06240217935455 
0.06 67.74 33.0 -1.0 2.5326985081 167.1845533697192 1.6558534687975424 0.01520659744487199 137.48678183671177 32.0 138.09503615144524 32.0 2.5327002125171325 167.17898549298894 
0.06 67.74 33.0 -1.0 0.2328181354000329 0.0 2.4942483521495213 0.017971433343939622 51.39680556743383 32.0 -1.0 -1.0 -1.0 -1.0 
0.06 67.74 33.0 -1.0 54.01953250261 175.78110926854072 4.358769832053652 0.024883523091608708 113.60651076236327 4.0 113.60650996738364 4.0 54.019619710743434 175.7808098070955 
0.06 68.15 33.0 -1.0 0.43353073142 3.353872960575394 0.15798645782258977 0.024883523091608708 0.7627509796063819 1.0 -1.0 -1.0 -1.0 -1.0 
0.06 68.15 33.0 -1.0 1.342493 54.12634977913213 0.5399744830104666 0.05529671798135269 4.410739764262757 8.0 -1.0 -1.0 -1.0 -1.0 
0.06 68.15 33.0 -1.0 173.38814681699 113.15451388525906 0.051626334042284505 0.03732528463741307 1.6315131675632337 2.0 -1.0 -1.0 -1.0 -1.0 
0.06 68.15 33.0 -1.0 20.93646528452737 0.0 0.031092043377110277 0.009676925646736721 -0.4483655845373283 2.0 -1.0 -1.0 -1.0 -1.0 
0.06 68.15 33.0 -1.0 226.716242 171.97628580919672 0.02237870665512937 0.013824179495338172 0.5388014948638687 1.0 -1.0 -1.0 -1.0 -1.0 
0.06 68.15 33.0 -1.0 13.065064 343.95257161839345 0.06435478712697457 0.004147253848601451 3.93692921705246 8.0 -1.0 -1.0 -1.0 -1.0 
0.06 68.15 33.0 -1.0 1.569859 515.9288574275902 0.05008065115563314 0.02073626924300726 -2.618168763642801 16.0 -1.0 -1.0 -1.0 -1.0 
0.06 68.15 33.0 -1.0 79.01127601779217 109.64584678804172 4.450049444805962 0.027648358990676344 118.56820124332796 4.0 118.56820483024664 4.0 79.01132145586114 109.59736155502846 
0.06 68.15 33.0 -1.0 1.9121296646 57.32542860306558 5.762037197684092 0.006912089747669086 1135.7788523809686 32.0 1136.340124937286 32.0 1.9121216610074045 57.37922807174619 
0.06 68.15 33.0 -1.0 450.9170308627072 72.49525399397582 7.222472028860831 0.012441761545804354 166.10424634587199 1.0 166.10424559961442 1.0 450.917286798358 72.45772010470948 
0.06 68.56 33.0 -1.0 2.3708002151718817 336.29038987188636 8.20146411750295 0.027648358990676344 639.3774085750885 32.0 639.7517173312282 32.0 2.370794997356522 336.2807317150134 
0.07 70.22 33.0 -1.0 0.08316833041187337 305.96695789009857 3.3362018990225044 0.022118687192541075 174.8333490217384 32.0 176.54968412073637 32.0 0.08317329047713429 306.4273414484083 
0.07 70.22 33.0 -1.0 0.061976477749348814 458.95043683514785 6.624942575779249 0.16589015394405807 3.688366422202906 4.0 -1.0 -1.0 -1.0 -1.0 
0.08 71.47 33.0 -1.0 0.03068101675933006 45.503707960278064 1.1885227543732944 0.031795612839277794 1.287669466912142 1.0 -1.0 -1.0 -1.0 -1.0 
0.08 71.47 33.0 -1.0 1.29679780121 68.31941185804143 2.2117420426236243 0.027648358990676344 199.0502781620034 32.0 199.16047643996134 32.0 1.2968030205229297 68.3086048473169 
0.08 71.47 33.0 -1.0 3.2070528011 425.62355088383566 2.6708079744159328 0.030413194889743984 211.38198309303536 16.0 211.42900747823174 32.0 3.20704505914667 425.6385066486147 
0.09 71.89 33.0 -1.0 1.78863967224 50.344297639043134 0.03899950599841679 0.004147253848601451 0.969046920030447 32.0 -1.0 -1.0 -1.0 -1.0 
0.09 71.89 33.0 -1.0 0.010183056449182213 41.44296211898205 0.5734239758366275 0.10091651031596865 0.3711372912108237 4.0 -1.0 -1.0 -1.0 -1.0 
0.09 71.89 33.0 -1.0 7.759092411211903 275.9828026824519 0.06684709031242649 0.08709233082063048 0.9925167195101116 1.0 -1.0 -1.0 -1.0 -1.0 
0.09 71.89 33.0 -1.0 3.587398 20.20396155251073 1.755999760938223 0.011059343596270537 385.93606651132063 32.0 386.3187101126956 32.0 3.5873957434281087 20.239586621427232 
0.09 71.89 33.0 -1.0 2.343743 69.5546217381517 1.171404453152064 0.08294507697202903 14.399085400812973 1.0 16.042981125269648 8.0 2.343767846468836 69.72537591081682 
0.09 71.89 33.0 -1.0 1.188837612282 37.923829471516044 2.313323787507413 0.016589015394405805 381.50317509220804 32.0 381.7520948102498 32.0 1.1888308411774537 37.94922491517605 
0.09 71.89 33.0 -1.0 1.47839 137.99140134122595 3.926986478874693 0.07879782312342758 101.98885407981517 8.0 106.29513392030435 16.0 1.4783836377318949 138.13517869124087 
0.09 72.31 33.0 -1.0 7.143097114084384 104.51032810354312 0.022580594589905183 0.012441761545804354 0.570715740028271 1.0 -1.0 -1.0 -1.0 -1.0 
0.09 72.31 33.0 -1.0 0.26205 44.5374782841253 0.09300297684159162 0.026265941041142528 1.2807638824500405 2.0 -1.0 -1.0 -1.0 -1.0 
0.09 72.31 33.0 -1.0 11.414528668247423 48.19533976774931 0.29644709215877985 0.05529671798135268 6.2798158980429175 4.0 6.283764914541842 4.0 11.414522305130959 48.06901822588967 
0.09 72.31 33.0 -1.0 0.0025535411282038537 88.15044212733464 0.17010734737144495 0.019353851293473442 5.635309026415722 1.0 -1.0 -1.0 -1.0 -1.0 
0.09 72.31 33.0 -1.0 0.262366005364999 0.0 0.8507324120391959 0.019353851293473442 9.998918865410877 32.0 -1.0 -1.0 -1.0 -1.0 
0.09 72.31 33.0 -1.0 0.2611630697384529 267.9484027454686 0.7074324360371829 0.0967692564673672 2.9330722033866534 2.0 -1.0 -1.0 -1.0 -1.0 
0.09 72.31 33.0 -1.0 2.599027796987762 133.9742013727343 5.882703473797408 0.01520659744487199 1008.3074498773773 32.0 1008.3381855676096 32.0 2.5990326927664382 133.98606343384824 
0.09 72.31 33.0 -1.0 1.111424 401.9226041182029 5.4559915290954395 0.02350110514207489 559.3871203795509 32.0 559.8121983111242 32.0 1.111417683811548 401.95819030154485 
0.09 72.73 33.0 -1.0 1.845862664 77.78229338874203 5.173344232089789 0.15483081034778753 183.00459511708053 4.0 217.97830335264996 8.0 1.845849813738217 77.82121055938771 
0.09 72.73 33.0 -1.0 1.52006 16.39776941244887 1.7730658797940135 0.06082638977948796 49.16475166089225 8.0 49.20606612682876 8.0 1.5200688115631542 16.394065163356057 
0.09 72.73 33.0 -1.0 0.007415971757942183 61.54032226049695 1.1860620515744331 0.08985716671969811 0.24710373975807828 1.0 -1.0 -1.0 -1.0 -1.0 
0.09 72.73 33.0 -1.0 0.13915134067204027 0.0 2.972674205815725 0.07741540517389377 1.6199042829149775 2.0 -1.0 -1.0 -1.0 -1.0 
0.96 68.97 33.0 -1.0 1.07746138421 36.71824979804463 7.2174841460961225 0.016589015394405805 946.1637049304626 32.0 946.6149409015768 32.0 1.0774632149453587 36.73484971789043 
0.96 68.97 33.0 -1.0 0.0010326914663350483 330.3155913006282 1.0230597298425086 0.019353851293473442 49.2083954716939 1.0 -1.0 -1.0 -1.0 -1.0 
0.98 69.39 33.0 -1.0 0.6950512147921458 49.9513502901353 7.297705252459054 0.02764835899067634 411.147064019633 16.0 486.7727591650899 32.0 0.6950510093399014 49.89058102181812 
0.98 69.39 33.0 -1.0 1.868565 161.63868982235047 2.5341970675601457 0.016589015394405805 312.6704807040613 32.0 312.6956533253876 32.0 1.8685568647924813 161.61309917209644 
0.98 69.39 33.0 -1.0 0.00445281296786449 484.9160694670514 6.030843209777203 0.023501105142074895 20.933559801515738 32.0 6.082823948639972 2.0 0.04899144793550174 484.13091198453935 
1.04 70.63 33.0 -1.0 2.28595250957 150.44282768326104 8.7638365555548 0.017971433343939622 1346.7966114456267 32.0 1346.9223511703055 32.0 2.285954299926137 150.48132653031143 
1.04 70.63 33.0 -1.0 1.0678649447 451.32848304978313 1.88290098551202 0.14930113854965227 18.643810759481863 2.0 18.6480868768464 2.0 1.0678680458416543 450.63439612607726 
1.06 71.05 33.0 -1.0 1.872589 439.4771781735707 1.3384823887183455 0.009676925646736721 217.1974649669072 32.0 217.7740837886751 32.0 1.8725889579703412 438.6930400194352 
1.09 71.47 33.0 -1.0 2.936819837174 251.24712508971476 5.686898637929254 0.0483846282336836 317.11603360882805 16.0 317.13058357824445 16.0 2.9368190250049038 251.27446790501907 
1.09 71.47 33.0 -1.0 0.19731861899116993 39.31077467390095 3.2162569306596067 0.016589015394405805 335.62056009648535 32.0 336.8320391333669 32.0 0.1973148755496368 39.66958977799737 
1.09 71.47 33.0 -1.0 0.7112066328898301 48.15569897552866 6.0600784711585245 0.012441761545804354 1186.567692752304 32.0 1187.8330764864825 32.0 0.7112096985414004 48.06901822588967 
1.09 71.47 33.0 -1.0 6.71616448537 427.2482999612343 4.039807173807646 0.07603298722435994 103.46154393684235 4.0 103.4615434303373 4.0 6.716193941732248 426.2456942472574 
1.11 71.89 33.0 -1.0 1.903892 22.140161533518626 0.017390979069392094 0.017971433343939622 1.3027257322215666 8.0 -1.0 -1.0 -1.0 -1.0 
1.11 71.89 33.0 -1.0 0.0012699350581559167 63.476755258084296 0.18998874448821032 0.20321543858147115 8.556791742997397 2.0 -1.0 -1.0 -1.0 -1.0 
1.11 71.89 33.0 -1.0 2.434441 18.40867363461099 0.6022516212684091 0.019353851293473445 71.88853196367302 32.0 71.93372255518113 32.0 2.434444468235597 18.41802382549878 
1.11 71.89 33.0 -1.0 0.403621636589 36.02958871278593 0.13237689227237975 0.04009012053648069 1.3749173470290068 2.0 -1.0 -1.0 -1.0 -1.0 
1.11 71.89 33.0 -1.0 0.04725794036410242 79.02462150353277 0.5639948359483269 0.027648358990676344 0.6829530784424035 1.0 -1.0 -1.0 -1.0 -1.0 
1.11 71.89 33.0 -1.0 1.270949152698 0.0 0.13826557733666653 0.026265941041142528 2.2754761523239795 2.0 -1.0 -1.0 -1.0 -1.0 
1.11 71.89 33.0 -1.0 0.407395359535 138.18943518954603 0.012948254326498463 0.02073626924300726 0.4096210598091611 1.0 -1.0 -1.0 -1.0 -1.0 
1.11 71.89 33.0 -1.0 3.255405118685032 276.37887037909206 0.16140641521538937 0.026265941041142528 2.7025248927536385 4.0 -1.0 -1.0 -1.0 -1.0 
1.11 71.89 33.0 -1.0 0.55018664142 414.5683055686381 3.375614434310193 0.008294507697202903 1446.3268686615916 32.0 1446.3699067268694 32.0 0.5501836615925034 413.3935567426511 
1.14 72.31 33.0 -1.0 1.365895 63.755472150011684 4.419412466775123 0.011059343596270537 994.8811292759764 32.0 995.1110765818547 32.0 1.3658943013676133 63.75469785749578 
1.14 72.31 33.0 -1.0 2.84188243708 6.544170000284574 6.516004838727284 0.03732528463741307 546.7936449903713 32.0 547.2155145357012 32.0 2.8418829363848395 6.57786565196385 
1.14 72.31 33.0 -1.0 2.001221096605 0.0 7.148014396731045 0.08294507697202903 44.08244960733751 8.0 20.88417492062841 4.0 3.001817579691609 2.9347400601069484 
1.14 72.31 33.0 -1.0 3.65798554138 401.4426738211378 3.9514789793406013 0.026265941041142528 262.779201643347 16.0 262.7954126855245 16.0 3.657987690530718 400.13662750561633 
1.17 72.73 33.0 -1.0 0.39208025942 174.66948489550882 8.721557721439991 0.035942866687879244 446.02871172248547 16.0 465.38710511124606 32.0 0.3920831659343094 174.87002840913127 
1.17 72.73 33.0 -1.0 0.30738862302 129.28567469614276 3.0328308201655876 0.029030776940210157 194.65851087431415 32.0 195.51217202710055 32.0 0.30739405095422023 129.22976057781287 
1.23 73.58 33.0 -1.0 1.1865458 41.87159824487531 0.5608863713741786 0.03041319488974398 23.601257645851707 16.0 23.687963265880633 16.0 1.1865571044230214 41.6935484401401 
1.23 73.58 33.0 -1.0 0.946213113 105.05898850896544 0.42723130359530564 0.03041319488974398 19.33468357492083 16.0 19.362922385042946 16.0 0.9462079712344955 105.14465249831446 
1.23 73.58 33.0 -1.0 1.69355814663 41.11161245132096 0.583816853109667 0.02350110514207489 44.419310188460415 32.0 45.68348487971583 32.0 1.6935549259263403 41.08636084149728 
1.23 73.58 33.0 -1.0 1.26346 191.4802301760028 0.03463011592765149 0.1382417949533817 0.8316254982200472 8.0 -1.0 -1.0 -1.0 -1.0 
1.23 73.58 33.0 -1.0 0.11212046079117288 0.0 0.10160163342901272 0.013824179495338172 0.38165189225657686 8.0 -1.0 -1.0 -1.0 -1.0 
1.23 73.58 33.0 -1.0 0.5255 120.62060237698306 0.05314624034934803 0.02073626924300726 -0.022993388060798915 2.0 -1.0 -1.0 -1.0 -1.0 
1.23 73.58 33.0 -1.0 0.061976477749348814 361.86180713094916 0.03695360103365707 0.07188573337575849 0.13921653417960342 1.0 -1.0 -1.0 -1.0 -1.0 
1.23 73.58 33.0 -1.0 1.0491179337 69.77393380822782 2.7135845277589143 0.031795612839277794 206.0376246573181 32.0 206.1926375916299 32.0 1.0491172967401023 69.72537591081682 
1.23 73.58 33.0 -1.0 0.007415971757942183 39.48307146513307 1.1261731286113443 0.012441761545804354 1.0019477759901132 4.0 -1.0 -1.0 -1.0 -1.0 
1.23 73.58 33.0 -1.0 0.66313 241.24120475396612 1.8647776814776753 0.019353851293473442 248.36947360234353 32.0 249.55907914059955 32.0 0.6631277453076716 241.15467459430545 
1.63 66.12 33.0 -1.0 55.490992750915 30.74521193131436 0.29177394314817034 0.009676925646736721 8.825921721728626 8.0 8.882441427417469 8.0 55.490939606291555 30.76417166456939 
1.63 66.12 33.0 -1.0 0.0663993557449571 66.85424680748032 0.010670943496365918 0.06082638977948796 2.5273765128389893 4.0 -1.0 -1.0 -1.0 -1.0 
1.63 66.12 33.0 -1.0 3.12928867627 106.77878460317991 0.050427828483108325 0.015206597444871992 -5.821750896004039 32.0 -1.0 -1.0 -1.0 -1.0 
1.63 66.12 33.0 -1.0 375.20162088751346 4.866148650999395 0.0776048723514451 0.015206597444871989 0.9868434219954026 1.0 -1.0 -1.0 -1.0 -1.0 
1.63 66.12 33.0 -1.0 2.248252 97.54416159503333 0.07333081784913686 0.022118687192541075 1.2959004140946129 8.0 -1.0 -1.0 -1.0 -1.0 
1.63 66.12 33.0 -1.0 0.719424 368.61076031320414 0.04401131616874806 0.019353851293473442 1.2086324353778202 16.0 -1.0 -1.0 -1.0 -1.0 
1.63 66.12 33.0 -1.0 1.19783535921 552.9161404698062 0.026359798992587627 0.06082638977948796 3.050145747729974 1.0 -1.0 -1.0 -1.0 -1.0 
1.63 66.12 33.0 -1.0 0.31656 32.127640525348276 7.617074070610485 0.07741540517389377 48.391239760100795 16.0 49.5875632199512 16.0 0.31656478919709724 34.50849518953343 
1.63 66.12 33.0 -1.0 1.589901540415 0.0 1.0767210665768983 0.02350110514207489 15.488950802986594 16.0 -1.0 -1.0 -1.0 -1.0 
1.63 66.12 33.0 -1.0 0.667624 184.30538015660207 2.0856043462141063 0.019353851293473442 127.42293055425377 32.0 129.41324830367213 32.0 0.6676297440814476 184.1802382549878 
1.65 66.52 33.0 -1.0 0.13108168541874307 17.501743106860417 0.03772746855181556 0.06635606157762322 2.019100738871803 1.0 -1.0 -1.0 -1.0 -1.0 
1.65 66.52 33.0 -1.0 0.74440127163 142.37311398840998 0.025623642361172577 0.058061553880420315 0.6209066137300415 4.0 -1.0 -1.0 -1.0 -1.0 
1.65 66.52 33.0 -1.0 2.586365680859 218.1957126519871 0.0685778110028308 0.04423737438508215 1.2411925472136285 16.0 -1.0 -1.0 -1.0 -1.0 
1.65 66.52 33.0 -1.0 0.0628368326237969 25.347352085797848 0.06638687231648537 0.013824179495338172 1.796425056938674 2.0 -1.0 -1.0 -1.0 -1.0 
1.65 66.52 33.0 -1.0 1.122001331 22.32981017082191 0.052816823358058686 0.019353851293473442 1.5516783133386798 16.0 -1.0 -1.0 -1.0 -1.0 
1.65 66.52 33.0 -1.0 2.013904 182.8630400475416 0.14282869940894338 0.02073626924300726 1.2948402954954266 32.0 -1.0 -1.0 -1.0 -1.0 
1.65 66.52 33.0 -1.0 0.026122624441501006 158.28378954010128 1.1705954741682711 0.02350110514207489 0.9211993333728867 32.0 -1.0 -1.0 -1.0 -1.0 
1.65 66.52 33.0 -1.0 119.48432222172111 0.0 4.450049444805962 0.013824179495338172 132.3556284800041 4.0 -1.0 -1.0 -1.0 -1.0 
1.65 66.52 33.0 -1.0 2.0040961006 365.7260800950832 1.0473745339986351 0.038707702586946884 20.481579671986122 16.0 23.137166507132818 16.0 2.0041018918467066 365.83052818229714 
1.65 66.52 33.0 -1.0 0.08951395712157724 548.5891201426248 9.924295108704527 0.030413194889743984 238.45450166272792 32.0 238.81059898538237 32.0 0.08952459514451525 548.1892036413565 
1.69 66.93 33.0 -1.0 76.633768847072 30.773087741310096 0.09734167832162097 0.05114946413275124 1.9185422539688053 1.0 -1.0 -1.0 -1.0 -1.0 
1.69 66.93 33.0 -1.0 0.5574661317029487 106.80712400125505 0.1837919275995151 0.024883523091608708 1.7702002432289015 8.0 -1.0 -1.0 -1.0 -1.0 
1.69 66.93 33.0 -1.0 0.0276036420178546 58.60503081353923 0.8258319656079105 0.022118687192541075 1.882780526880378 8.0 -1.0 -1.0 -1.0 -1.0 
1.69 66.93 33.0 -1.0 2.38677780294 21.840722450027165 0.27418507101288536 0.031795612839277794 1.5616475631062097 16.0 -1.0 -1.0 -1.0 -1.0 
1.69 66.93 33.0 -1.0 2.351895 201.196081621946 0.023634006668682334 0.006912089747669086 1.1102801363126487 16.0 -1.0 -1.0 -1.0 -1.0 
1.69 66.93 33.0 -1.0 10.752578084179909 181.53398485271956 0.020957145722768147 0.019353851293473442 1.0934033846939375 1.0 -1.0 -1.0 -1.0 -1.0 
1.69 66.93 33.0 -1.0 196.6887956594 363.0679697054391 0.1988519494617879 0.048384628233683606 1.4118831121368938 1.0 -1.0 -1.0 -1.0 -1.0 
1.69 66.93 33.0 -1.0 353.306209385356 60.892587778379976 7.691102492660465 0.01520659744487199 135.26153814342885 1.0 135.26153958182408 1.0 353.3059498295188 60.92115573049596 
1.69 66.93 33.0 -1.0 20.180734777721685 0.0 7.2174841460961225 0.029030776940210157 278.5055219063091 16.0 -1.0 -1.0 -1.0 -1.0 
1.69 66.93 33.0 -1.0 0.459063 544.6019545581587 1.0090214299640743 0.08432749492156286 0.9364591060348114 1.0 -1.0 -1.0 -1.0 -1.0 
1.75 67.74 33.0 -1.0 2.802302721726 66.89010666817524 0.9313156686783002 0.04147253848601452 24.99404757561369 8.0 25.04318579501451 8.0 2.8023350751027465 66.89183378381699 
1.75 67.74 33.0 -1.0 1.072164206927 52.14892202329302 0.6480091796771669 0.02073626924300726 26.670328919453876 32.0 26.895123177540025 32.0 1.072172987430046 52.21813348328225 
1.75 67.74 33.0 -1.0 0.010183056449182213 75.66084735294388 0.09071848096673421 0.1382417949533817 2.1709446251426585 8.0 -1.0 -1.0 -1.0 -1.0 
1.75 67.74 33.0 -1.0 7.98533519368 68.47518028590451 0.020329692658403557 0.045619792334615966 0.6529887776904135 8.0 -1.0 -1.0 -1.0 -1.0 
1.75 67.74 33.0 -1.0 282.779107035 176.101678929722 0.37132738203638316 0.03456044873834543 0.2551459487973151 1.0 -1.0 -1.0 -1.0 -1.0 
1.75 67.74 33.0 -1.0 4.344169168005 352.203357859444 0.16007386532839324 0.01520659744487199 3.7435489310491317 4.0 -1.0 -1.0 -1.0 -1.0 
1.75 67.74 33.0 -1.0 368.36767467541637 528.305036789166 0.11827890376323115 0.12165277955897592 0.10144701974948031 1.0 -1.0 -1.0 -1.0 -1.0 
1.75 67.74 33.0 -1.0 0.029437949980101682 83.48054386707494 8.29262199356948 0.05944397182995414 0.8032373779179263 4.0 -1.0 -1.0 -1.0 -1.0 
1.75 67.74 33.0 -1.0 183.82338873034 64.61816781609662 3.5233411449850713 0.009676925646736721 95.7979656974432 2.0 95.79796439569003 2.0 183.8231886116167 64.66547925546 
1.75 67.74 33.0 -1.0 2.70635 0.0 5.636053377113842 0.06635606157762322 46.31427561456934 16.0 -1.0 -1.0 -1.0 -1.0 
1.78 68.15 33.0 -1.0 7.275615640603986 51.565748408903374 0.11261731286113437 0.016589015394405805 1.564616141187981 1.0 -1.0 -1.0 -1.0 -1.0 
1.78 68.15 33.0 -1.0 1.13278729089 29.89468664026695 0.20357801389985516 0.04700221028414978 3.3867995741023464 4.0 -1.0 -1.0 -1.0 -1.0 
1.78 68.15 33.0 -1.0 0.005680829628320052 145.8012485102293 0.4039807173807644 0.029030776940210157 1.7404476170484213 16.0 -1.0 -1.0 -1.0 -1.0 
1.78 68.15 33.0 -1.0 3.9588 56.2206304117131 0.03494252909314058 0.011059343596270537 2.120408693681237 8.0 -1.0 -1.0 -1.0 -1.0 
1.78 68.15 33.0 -1.0 2.293362580627 201.97015801080008 0.03247514920706295 0.011059343596270537 1.9042005923732546 1.0 -1.0 -1.0 -1.0 -1.0 
1.78 68.15 33.0 -1.0 1.713648107847 517.1573905121613 0.015220125791918108 0.013824179495338172 1.3575016745167006 4.0 -1.0 -1.0 -1.0 -1.0 
1.78 68.15 33.0 -1.0 208.768267 26.377664682588485 1.6847002963747477 0.013824179495338174 35.53389202966479 1.0 35.53389203480652 1.0 208.7685667599241 26.412660540962534 
1.78 68.15 33.0 -1.0 0.028245247079937107 0.0 3.7081467727466837 0.05529671798135269 3.0479743433282285 4.0 -1.0 -1.0 -1.0 -1.0 
1.78 68.15 33.0 -1.0 0.10417226350910595 172.38579683738712 2.764675503210766 0.029030776940210154 57.062845274657576 16.0 58.650079041823034 32.0 0.10416745984305939 171.73289248281003 
1.78 68.15 33.0 -1.0 0.13108168541874307 344.77159367477424 4.048188493154516 0.022118687192541075 268.58860176528566 32.0 269.66144647252145 32.0 0.13108850301553807 344.9837539622271 
1.81 68.56 33.0 -1.0 0.003987817676680583 103.17584227627185 0.07825090138104414 0.011059343596270537 2.7109832309216184 1.0 -1.0 -1.0 -1.0 -1.0 
1.81 68.56 33.0 -1.0 1.095325 65.26213247362419 0.26560877829466867 0.01520659744487199 17.551825751719385 32.0 17.855242390154963 32.0 1.095319627590167 65.4750627203171 
1.81 68.56 33.0 -1.0 2.551688939212186 93.52048417986425 0.11300699081019756 0.011059343596270537 3.770116485081095 8.0 -1.0 -1.0 -1.0 -1.0 
1.81 68.56 33.0 -1.0 2.072126886239 168.48852636296624 0.023715784958474713 0.006912089747669086 0.7827268844797824 4.0 -1.0 -1.0 -1.0 -1.0 
1.81 68.56 33.0 -1.0 0.2684643077937752 336.9770527259325 0.037209776865069044 0.022118687192541075 1.7239790010261764 32.0 -1.0 -1.0 -1.0 -1.0 
1.81 68.56 33.0 -1.0 3.6287419642 505.4655790888987 0.37649358067924693 0.06359122567855559 3.9334076672677445 4.0 -1.0 -1.0 -1.0 -1.0 
1.81 68.56 33.0 -1.0 0.0043317128940357705 220.91054911676042 7.006232552992094 0.04285495643554833 8.401394450726942 4.0 -1.0 -1.0 -1.0 -1.0 
1.81 68.56 33.0 -1.0 5.372136744278732 88.97083900354653 4.761763007135331 0.022118687192541075 763.8729845835562 32.0 764.1547297539765 32.0 5.372142671452215 88.95298320117269 
1.81 68.56 33.0 -1.0 0.07798602896817859 53.635261467478905 5.612739905788914 0.022118687192541075 184.45485502502052 32.0 188.55713749733093 32.0 0.0779891706770286 56.873238406210525 
1.81 68.56 33.0 -1.0 5.968724 0.0 1.5199110829529348 0.011059343596270537 165.17965524375998 32.0 -1.0 -1.0 -1.0 -1.0 
1.85 68.97 33.0 -1.0 0.59505 74.19714103269618 9.046813752760464 0.02350110514207489 837.4348424636562 32.0 838.4129703259952 32.0 0.5950520668799679 74.27928290063794 
1.85 68.97 33.0 -1.0 0.2163137038453945 0.0 2.2163307062836926 0.017971433343939622 72.01532134228724 32.0 -1.0 -1.0 -1.0 -1.0 
1.89 69.39 33.0 -1.0 0.863111 213.13552662246678 3.326995436919836 0.024883523091608708 304.32324873571594 32.0 305.107248728634 32.0 0.863110471982509 213.1228471236287 
1.89 69.39 33.0 -1.0 0.736208688943 97.46228986375459 4.031443207040606 0.02073626924300726 527.7097885993353 32.0 527.8593450474472 32.0 0.7362056445951264 97.45360958217212 
1.89 69.39 33.0 -1.0 3.297066 481.7229047689976 2.045648836029516 0.03456044873834543 139.55588169539556 16.0 139.77972995546008 16.0 3.2970698763771606 481.600963656861 
1.96 70.22 33.0 -1.0 0.11212046079117288 45.82917482745337 4.912121799615967 0.016589015394405805 375.2347173837659 32.0 378.8936360568874 32.0 0.11212553848357251 47.96782029278254 
1.96 70.22 33.0 -1.0 0.035541462454479034 18.93540756343882 3.0517464977915516 0.04285495643554833 2.5457415268278885 1.0 -1.0 -1.0 -1.0 -1.0 
1.96 70.22 33.0 -1.0 0.41363243246 304.8875043910221 3.3338978978598517 0.022118687192541075 378.33865656249776 32.0 378.51016496567763 32.0 0.4136381903663278 304.706976585587 
10.14 61.71 33.0 -1.0 342.2541631004888 28.612040657291494 0.1474405226421888 0.016589015394405805 -4.609664282682397 1.0 -1.0 -1.0 -1.0 -1.0 
10.14 61.71 33.0 -1.0 0.480458905198 108.51315729158539 0.05358866120566024 0.038707702586946884 -0.9507717038973531 1.0 -1.0 -1.0 -1.0 -1.0 
10.14 61.71 33.0 -1.0 0.943812798849 118.03574048247962 0.015886202787099984 0.024883523091608708 1.463506783266558 16.0 -1.0 -1.0 -1.0 -1.0 
10.14 61.71 33.0 -1.0 0.006285203269240097 93.188442016937 0.12167700767580156 0.019353851293473442 2.0554478658733117 1.0 -1.0 -1.0 -1.0 -1.0 
10.14 61.71 33.0 -1.0 262.964132 91.32821646336697 0.2537700960429789 0.02350110514207489 2.0511890856592254 1.0 -1.0 -1.0 -1.0 -1.0 
10.14 61.71 33.0 -1.0 0.013602334338438445 442.86655500349485 0.015389294896455881 0.026265941041142528 0.8380141970622157 4.0 -1.0 -1.0 -1.0 -1.0 
10.14 61.71 33.0 -1.0 12.285441161466958 54.389451899619125 1.710500920878319 0.049767046183217416 52.530909271951174 8.0 52.571347234104664 8.0 12.285454431548716 54.343290078532114 
10.14 61.71 33.0 -1.0 12.981962077048623 0.0 6.516004838727284 0.08156265902249521 79.9791574456512 8.0 -1.0 -1.0 -1.0 -1.0 
10.14 61.71 33.0 -1.0 5.862289031670764 147.62218500116495 2.781918703923254 0.16036048214592277 19.70280145061771 2.0 19.720732591446644 2.0 5.862481581668059 147.74898233641878 
10.14 61.71 33.0 -1.0 422.8199418811927 295.2443700023299 4.73879112866675 0.022118687192541075 47.74156419468462 1.0 47.74156466170336 1.0 422.8194787477454 295.1943708735161 
10.15 65.71 33.0 -1.0 300.93062461215555 51.02331603853208 0.5021923433847281 0.012441761545804354 10.734474891974289 1.0 -1.0 -1.0 -1.0 -1.0 
10.15 65.71 33.0 -1.0 1.3104998476363685 19.026551674032444 0.13265153236299457 0.019353851293473442 1.589673034150294 16.0 -1.0 -1.0 -1.0 -1.0 
10.15 65.71 33.0 -1.0 2.0371997464197475 31.782380683665465 0.01836649997852843 0.026265941041142528 2.051001992835819 16.0 -1.0 -1.0 -1.0 -1.0 
10.15 65.71 33.0 -1.0 340.8525546358 187.156953368229 0.09821983945518487 0.016589015394405805 1.3103480570513915 1.0 -1.0 -1.0 -1.0 -1.0 
10.15 65.71 33.0 -1.0 1.251721 178.63520205507083 0.44133104287210667 0.008294507697202903 47.793146477313385 32.0 50.14285190582373 32.0 1.251707241560022 178.6143519340953 
10.15 65.71 33.0 -1.0 0.7378399817266 357.27040411014167 0.22894753584821398 0.013824179495338172 10.67241024198262 32.0 10.914766160823167 32.0 0.7378427350583177 357.32990180129775 
10.15 65.71 33.0 -1.0 0.7112066328898301 535.9056061652125 0.366232073336369 0.0967692564673672 0.42068270529956636 1.0 -1.0 -1.0 -1.0 -1.0 
10.15 65.71 33.0 -1.0 7.200979 42.66235248599951 2.0231617380748497 0.011059343596270537 219.6746021363378 32.0 220.86514730446999 32.0 7.200984934267278 42.60432983810432 
10.15 65.71 33.0 -1.0 3.8573305671 87.09337033888092 6.364735759337738 0.030413194889743984 374.60912635653017 32.0 375.216807907621 32.0 3.8573186126692844 87.13142040524421 
10.15 65.71 33.0 -1.0 4.32904344 0.0 1.6788910048294114 0.07741540517389377 11.4619943013964 8.0 -1.0 -1.0 -1.0 -1.0 
10.29 60.12 33.0 -1.0 266.8691669720664 55.781179134219606 0.9134737454235405 0.0483846282336836 8.290753234476641 1.0 -1.0 -1.0 -1.0 -1.0 
10.29 60.12 33.0 -1.0 0.678187 80.10461027501992 0.04450049444805962 0.03317803078881161 -0.6679038398098903 1.0 -1.0 -1.0 -1.0 -1.0 
10.29 60.12 33.0 -1.0 1.511147032661511 54.696429203412045 0.7197567037875809 0.06635606157762322 4.240140626200041 8.0 -1.0 -1.0 -1.0 -1.0 
10.29 60.12 33.0 -1.0 12.804214506292507 56.448717553178106 0.010752343999733061 0.027648358990676344 0.5394507954799049 1.0 -1.0 -1.0 -1.0 -1.0 
10.29 60.12 33.0 -1.0 0.659399658 0.0 0.417601525241419 0.016589015394405805 5.645938301686296 32.0 -1.0 -1.0 -1.0 -1.0 
10.29 60.12 33.0 -1.0 3.4657068516 139.0565968992924 0.10322891915443475 0.012441761545804354 3.393785080277766 32.0 -1.0 -1.0 -1.0 -1.0 
10.29 60.12 33.0 -1.0 0.045135349189075157 278.1131937985848 0.9965517359035103 0.03732528463741307 3.0906110260803494 1.0 -1.0 -1.0 -1.0 -1.0 
10.29 60.12 33.0 -1.0 1.072164206927 417.1697906978772 0.04562111722428298 0.02350110514207489 3.939014685878869 1.0 -1.0 -1.0 -1.0 -1.0 
10.29 60.12 33.0 -1.0 0.21433467510702428 29.99750770194757 2.3568787118632564 0.019353851293473442 125.04951896739806 32.0 126.47408269903225 32.0 0.2143375847178201 31.168963396997935 
10.29 60.12 33.0 -1.0 3.250099739409 41.59598773135149 2.770411328532606 0.013824179495338172 346.7460196514278 32.0 347.1881640804381 32.0 3.2501096332756183 41.59235050703296 
10.31 66.12 33.0 -1.0 0.6681174 5.105141432123267 0.02441399008583908 0.02764835899067634 0.9369381698696163 1.0 -1.0 -1.0 -1.0 -1.0 
10.31 66.12 33.0 -1.0 1.089384 88.8831992498093 0.3077151047387642 0.04285495643554833 2.707585403326124 8.0 -1.0 -1.0 -1.0 -1.0 
10.31 66.12 33.0 -1.0 1.4847663170749 195.28509436143108 0.03028643284103885 0.013824179495338172 1.3567838337494509 1.0 -1.0 -1.0 -1.0 -1.0 
10.31 66.12 33.0 -1.0 75.81006879664314 50.03038603480801 0.07098802907566044 0.00967692564673672 2.185641502142156 1.0 -1.0 -1.0 -1.0 -1.0 
10.31 66.12 33.0 -1.0 3.20031 38.15421491376336 0.07197567037875806 0.062208807729021785 1.352251381624701 8.0 -1.0 -1.0 -1.0 -1.0 
10.31 66.12 33.0 -1.0 473.933649 0.0 0.7389020282641436 0.049767046183217416 5.294890004409256 1.0 -1.0 -1.0 -1.0 -1.0 
10.31 66.12 33.0 -1.0 0.54318721077 358.21971354245994 0.011457923296308178 0.008294507697202903 1.9628284509657021 8.0 -1.0 -1.0 -1.0 -1.0 
10.31 66.12 33.0 -1.0 17.420933725613875 537.3295703136899 0.04508846045098853 0.017971433343939622 1.207790813470622 4.0 -1.0 -1.0 -1.0 -1.0 
10.31 66.12 33.0 -1.0 0.2684643077937753 77.32945811395138 1.0401637398296784 0.01520659744487199 27.540057035979252 32.0 27.743568286331207 32.0 0.26845251947330934 77.41641882695916 
10.31 66.12 33.0 -1.0 0.741188488948 179.10985677122997 1.4733869932757189 0.03317803078881161 58.58392592371552 16.0 58.74810488745553 16.0 0.7411775489648184 179.22153953273815 
10.37 68.15 33.0 -1.0 5.390249757313 81.85100468630088 0.09938016877746389 0.02626594104114253 2.946807205509716 8.0 -1.0 -1.0 -1.0 -1.0 
10.37 68.15 33.0 -1.0 221.18104171312677 53.4684347793457 0.10188278547910377 0.024883523091608708 1.2992062219902838 1.0 -1.0 -1.0 -1.0 -1.0 
10.37 68.15 33.0 -1.0 158.14469276434355 72.52751076042269 0.027627662016257434 0.016589015394405805 2.2441742213119675 2.0 -1.0 -1.0 -1.0 -1.0 
10.37 68.15 33.0 -1.0 1.86360004634 37.44850875200802 0.4135820258278059 0.011059343596270537 33.49804778953247 16.0 33.590372281086054 16.0 1.8636152769128482 37.54443318274752 
10.37 68.15 33.0 -1.0 5.624773541142281 48.420355195168554 0.011199662113640256 0.047002210284149776 1.4594382266344885 4.0 -1.0 -1.0 -1.0 -1.0 
10.37 68.15 33.0 -1.0 164.168745585 0.0 0.03009870807409765 0.02350110514207489 1.0108234708160084 1.0 -1.0 -1.0 -1.0 -1.0 
10.37 68.15 33.0 -1.0 0.453891 153.50282817191732 6.745014665598219 0.0884747487701643 51.9099989545209 8.0 52.623079379269505 16.0 0.4538984891648094 154.02325418906122 
10.37 68.15 33.0 -1.0 2.749622437569 171.68621687818805 3.9297003536513793 0.017971433343939622 608.5846425778024 32.0 609.3351336539592 32.0 2.749614698889976 171.63169454970293 
10.37 68.15 33.0 -1.0 161.357217177548 343.3724337563761 5.730279657787807 0.04423737438508215 92.77477837867958 1.0 92.77477997891188 1.0 161.357456818223 343.364587032513 
10.37 68.15 33.0 -1.0 1.057255958637 515.0586506345642 4.635180028843619 0.03456044873834543 225.69076330493166 16.0 225.69076439060865 16.0 1.05725727432097 514.9962815822158 
10.42 60.52 33.0 -1.0 0.26116306973845294 47.58752656653385 0.4084708942126879 0.013824179495338172 18.12599823838632 32.0 21.28274336176678 32.0 0.26114624536906683 47.765424426568266 
10.42 60.52 33.0 -1.0 474.297046398865 35.22326743183622 0.01699898702108946 0.14377146675151697 -1.1086536975504158 1.0 -1.0 -1.0 -1.0 -1.0 
10.42 60.52 33.0 -1.0 1.788648879548 0.0 0.054559915290954365 0.006912089747669086 4.2872712772968375 32.0 -1.0 -1.0 -1.0 -1.0 
10.42 60.52 33.0 -1.0 1.574426 141.61538039844405 0.44439051052000167 0.015206597444871989 25.284921677250107 32.0 26.879571885245497 32.0 1.5744262782391163 141.57590841688346 
10.42 60.52 33.0 -1.0 0.0026859420515741735 424.84614119533217 0.17669518803800083 0.009676925646736721 5.985218134113746 1.0 -1.0 -1.0 -1.0 -1.0 
10.42 60.52 33.0 -1.0 0.03687242328069189 52.64370126422808 2.9665196179364117 0.04423737438508215 2.865738654523618 1.0 -1.0 -1.0 -1.0 -1.0 
10.42 60.52 33.0 -1.0 3.0968470790462 39.30219828039627 6.829413965989554 0.017971433343939622 735.5983376269155 32.0 735.882812590812 32.0 3.09685977602688 39.36599597867597 
10.42 60.52 33.0 -1.0 0.0105643927333133 10.707193477470117 1.0181242461267452 0.017971433343939622 1.0916215052423646 4.0 -1.0 -1.0 -1.0 -1.0 
10.42 60.52 33.0 -1.0 38.95598 67.6422699052874 4.77164215599067 0.027648358990676344 150.2014564498398 8.0 150.20145519530618 8.0 38.95596213017901 67.60021931556696 
10.42 60.52 33.0 -1.0 1.32119257131 283.2307607968881 1.3002037106569442 0.026265941041142524 65.69659677959986 16.0 66.74619557728435 16.0 1.3211926367754738 283.25301476687406 
10.69 70.63 33.0 -1.0 2.92592314444 23.1775344394406 3.030736328900584 0.016589015394405805 530.4131809817864 32.0 530.5342779815921 32.0 2.925920246828658 23.17432668153418 
10.69 70.63 33.0 -1.0 7.866803807853013 84.09113169454075 1.9761940299240204 0.038707702586946884 121.66743986538646 16.0 121.66743650944767 16.0 7.86679568894518 84.09548241203015 
10.77 65.31 33.0 -1.0 2.622466916938 56.8320671271826 0.02757046204680017 0.09676925646736718 1.4159358355142997 8.0 -1.0 -1.0 -1.0 -1.0 
10.77 65.31 33.0 -1.0 1.244555 60.89150049340993 0.033966680433689 0.02073626924300726 1.1557678195440504 1.0 -1.0 -1.0 -1.0 -1.0 
10.77 65.31 33.0 -1.0 0.53390443254 25.674598043541675 0.12042261972663751 0.029030776940210157 1.4455294076472964 8.0 -1.0 -1.0 -1.0 -1.0 
10.77 65.31 33.0 -1.0 2.171539 149.98815489502272 0.45275743052258716 0.03456044873834543 10.214632125825332 16.0 10.266349686600961 8.0 2.1715095499530435 149.87413893166865 
10.77 65.31 33.0 -1.0 59.665418222544 9.225984923243928 0.1299305782128723 0.030413194889743977 1.5889253072233456 8.0 -1.0 -1.0 -1.0 -1.0 
10.77 65.31 33.0 -1.0 2.8604856126 0.0 0.030161153352657677 0.013824179495338172 2.418929588999969 8.0 -1.0 -1.0 -1.0 -1.0 
10.77 65.31 33.0 -1.0 4.4146421450799 175.7154728524115 0.27305090755433153 0.05529671798135269 2.694562969870211 16.0 -1.0 -1.0 -1.0 -1.0 
10.77 65.31 33.0 -1.0 1.926276 351.430945704823 0.20343742169503293 0.022118687192541075 4.3883603670393585 8.0 -1.0 -1.0 -1.0 -1.0 
10.77 65.31 33.0 -1.0 1.3012367996509 527.1464185572345 0.1897264203540807 0.10921101801317155 1.7912964382294232 1.0 -1.0 -1.0 -1.0 -1.0 
10.77 65.31 33.0 -1.0 3.266185930826 48.660480480880835 4.319799067309056 0.02903077694021016 228.61579165473623 32.0 229.2529851907229 32.0 3.2661773730069403 48.67620582453249 
10.82 61.71 33.0 -1.0 313.174935322 26.2930607076901 0.029197558324778956 0.029030776940210157 1.9134975603022588 1.0 -1.0 -1.0 -1.0 -1.0 
10.82 61.71 33.0 -1.0 31.932334792 193.7912132226262 0.18366499978528433 0.013824179495338172 3.1382576672111018 4.0 -1.0 -1.0 -1.0 -1.0 
10.82 61.71 33.0 -1.0 0.16193798815580446 53.02288322115578 0.1424345544956313 0.016589015394405805 0.28852374672916964 4.0 -1.0 -1.0 -1.0 -1.0 
10.82 61.71 33.0 -1.0 6.01293899255 43.064714049472485 0.043108554087915064 0.011059343596270537 1.5962726597694992 32.0 -1.0 -1.0 -1.0 -1.0 
10.82 61.71 33.0 -1.0 0.51769836154 323.1163839127763 0.019025143132328174 0.11197585391223919 0.6211115623333112 1.0 -1.0 -1.0 -1.0 -1.0 
10.82 61.71 33.0 -1.0 182.1172346200484 0.0 0.30899325184534476 0.012441761545804354 6.26745310443265 2.0 -1.0 -1.0 -1.0 -1.0 
10.82 61.71 33.0 -1.0 2.2084638434182 145.57270986500183 0.014371951785347769 0.02073626924300726 2.1880630585072587 2.0 -1.0 -1.0 -1.0 -1.0 
10.82 61.71 33.0 -1.0 72.40505829965161 291.14541973000365 0.9462319317574852 0.022118687192541075 15.03297267469821 1.0 15.032973021314719 1.0 72.405479537944 291.1464535492307 
10.82 61.71 33.0 -1.0 1.60840489547 436.71812959500545 0.027079663559419802 0.027648358990676344 1.5836370772578274 4.0 -1.0 -1.0 -1.0 -1.0 
10.82 61.71 33.0 -1.0 0.001158418664325096 66.95558482539688 8.072177425408395 0.03732528463741307 9.865901605710421 4.0 -1.0 -1.0 -1.0 -1.0 
10.87 72.73 33.0 -1.0 2.399023 45.25160592417751 0.22041153719473483 0.027648358990676344 5.18237181172627 4.0 -1.0 -1.0 -1.0 -1.0 
10.87 72.73 33.0 -1.0 0.173497343752 97.38425501723769 0.12499990730977094 0.11197585391223919 0.6618229199247343 1.0 -1.0 -1.0 -1.0 -1.0 
10.87 72.73 33.0 -1.0 2.0310993539 17.68855729854018 0.30729023168311737 0.012441761545804354 36.99141356269034 32.0 39.64625476701444 32.0 2.031098726244333 17.709638293748828 
10.87 72.73 33.0 -1.0 2.7590292361547077 114.91730851535114 0.15094470458596804 0.038707702586946884 3.5677336219976805 4.0 -1.0 -1.0 -1.0 -1.0 
10.87 72.73 33.0 -1.0 5.069033 52.36590479370027 0.4257580972302213 0.011059343596270537 61.419919133996984 32.0 61.4433856793392 32.0 5.069038403841357 52.31933141638939 
10.87 72.73 33.0 -1.0 1.801523 129.57354170557014 0.3077151047387642 0.04285495643554833 9.026143191226424 8.0 9.039738539023435 8.0 1.8015271052718165 129.43215644402716 
10.87 72.73 33.0 -1.0 0.00820494416964135 259.1470834111403 0.0362957676081675 0.012441761545804354 2.362083393945229 4.0 -1.0 -1.0 -1.0 -1.0 
10.87 72.73 33.0 -1.0 0.005205849356695349 388.72062511671044 0.018177156760105655 0.009676925646736721 0.9595167286396994 8.0 -1.0 -1.0 -1.0 -1.0 
10.87 72.73 33.0 -1.0 3.064857408039 39.186957707535164 5.422173590099175 0.02903077694021016 340.84302472302204 32.0 341.5320078626573 32.0 3.0648607207695027 39.163600112461694 
10.87 72.73 33.0 -1.0 0.011010491923589117 0.0 1.5996331735108558 0.008294507697202903 5.335202190240394 32.0 -1.0 -1.0 -1.0 -1.0 
10.93 60.12 33.0 -1.0 458.12007798349 32.532137535601244 0.04635180028843615 0.012441761545804354 1.9225407485918007 1.0 -1.0 -1.0 -1.0 -1.0 
10.93 60.12 33.0 -1.0 0.2019049929452293 158.07869647580887 0.18933361312185437 0.08156265902249521 1.773236856691152 2.0 -1.0 -1.0 -1.0 -1.0 
10.93 60.12 33.0 -1.0 0.028245247079937107 124.21361604502293 0.020669574344802204 0.03041319488974398 1.859623464123651 1.0 -1.0 -1.0 -1.0 -1.0 
10.93 60.12 33.0 -1.0 3.2435317536 46.403074538616885 0.12235134866027213 0.016589015394405805 1.9833858836367253 8.0 -1.0 -1.0 -1.0 -1.0 
10.93 60.12 33.0 -1.0 6.667293596235096 43.19568069707873 0.2691181534972077 0.012441761545804354 9.287438229695539 32.0 16.723979214902798 32.0 6.6672934432669235 43.21151743674714 
10.93 60.12 33.0 -1.0 0.719839 0.0 0.060391817201445125 0.06497364362808941 1.0092645887223186 4.0 -1.0 -1.0 -1.0 -1.0 
10.93 60.12 33.0 -1.0 0.9284362758000647 138.83433342657995 0.017451155261522674 0.016589015394405805 2.0598102504394893 16.0 -1.0 -1.0 -1.0 -1.0 
10.93 60.12 33.0 -1.0 1.25786689679 277.6686668531599 0.015679042306102804 0.05529671798135269 1.587571290302143 8.0 -1.0 -1.0 -1.0 -1.0 
10.93 60.12 33.0 -1.0 29.416597417463024 416.50300027973987 0.06801164172027586 0.009676925646736721 2.449905580843753 8.0 -1.0 -1.0 -1.0 -1.0 
10.93 60.12 33.0 -1.0 70.43590801893238 48.36083441591939 9.828771754600636 0.012441761545804354 366.302379088422 4.0 366.38793442416465 4.0 70.43587781178455 48.372612025211076 
10.97 69.39 33.0 -1.0 0.32533198207 30.767459854801704 1.0917012570556797 0.07465056927482613 0.9311366074860814 8.0 -1.0 -1.0 -1.0 -1.0 
10.97 69.39 33.0 -1.0 0.0648910608221188 48.39716605103816 2.614217599958617 0.08294507697202903 0.09691596963784183 1.0 -1.0 -1.0 -1.0 -1.0 
