14.89 64.51 35.0 -1.0 44.485070760068666 146.1559807129293 0.25641350432505366 0.058061553880420315 1.0229319278001952 4.0 -1.0 -1.0 -1.0 -1.0 
14.89 64.51 35.0 -1.0 3.435246 35.552821605947855 0.09627163549856319 0.038707702586946884 1.6288185000121072 4.0 -1.0 -1.0 -1.0 -1.0 
14.89 64.51 35.0 -1.0 10.605354989359181 12.440958911896406 0.17977341670925842 0.027648358990676344 2.4606207848115718 16.0 -1.0 -1.0 -1.0 -1.0 
14.89 64.51 35.0 -1.0 165.58180215354596 67.6161059561199 0.6165651845890038 0.016589015394405805 13.29493943805997 2.0 13.294939346374559 2.0 165.5818778090179 67.60021931556696 
14.89 64.51 35.0 -1.0 450.75258218597 39.446942891378846 0.02378141128096147 0.019353851293473442 0.5697690530045529 1.0 -1.0 -1.0 -1.0 -1.0 
14.89 64.51 35.0 -1.0 0.77051288025 0.0 0.030370241460997222 0.026265941041142528 1.7114652648007505 2.0 -1.0 -1.0 -1.0 -1.0 
14.89 64.51 35.0 -1.0 326.88181168998915 337.1196427101684 0.051840772815238204 0.0027648358990676344 1.037687480082273 1.0 -1.0 -1.0 -1.0 -1.0 
14.89 64.51 35.0 -1.0 2.132196 505.67946406525266 0.07955913799684014 0.006912089747669086 5.866576133071581 16.0 -1.0 -1.0 -1.0 -1.0 
14.89 64.51 35.0 -1.0 0.65083398554 183.7822954708599 9.345382032112324 0.04009012053648069 331.25133510416157 16.0 334.22618418493425 32.0 0.6508344085887074 183.77544652255924 
14.89 64.51 35.0 -1.0 0.961936 168.5598213550842 1.556034428676274 0.019353851293473442 113.64961674820019 32.0 115.04591887458982 32.0 0.9619422295751672 168.49455862338166 
15.63 64.51 35.0 -1.0 6.5054918751 74.53285199726483 0.030202855496317065 0.013824179495338172 2.3206179221619867 1.0 -1.0 -1.0 -1.0 -1.0 
15.63 64.51 35.0 -1.0 1.783016910711755 108.77497380687342 0.11084202985753976 0.045619792334615966 1.7073536267769225 4.0 -1.0 -1.0 -1.0 -1.0 
15.63 64.51 35.0 -1.0 3.24303 49.53860250120017 0.3249759224035993 0.058061553880420315 3.7890025241501752 8.0 -1.0 -1.0 -1.0 -1.0 
15.63 64.51 35.0 -1.0 0.378019 81.9811383470921 0.34084211797487457 0.060826389779487955 0.7495195164990975 2.0 -1.0 -1.0 -1.0 -1.0 
15.63 64.51 35.0 -1.0 458.12007798349 0.0 0.41587412123501016 0.013824179495338172 2.939454945253681 1.0 -1.0 -1.0 -1.0 -1.0 
15.63 64.51 35.0 -1.0 1.20192026148 166.61166714076705 0.16952077231295481 0.058061553880420315 0.4547560253598265 8.0 -1.0 -1.0 -1.0 -1.0 
15.63 64.51 35.0 -1.0 1.3559 333.2233342815341 0.012912522792148707 0.012441761545804352 2.984964995044374 1.0 -1.0 -1.0 -1.0 -1.0 
15.63 64.51 35.0 -1.0 0.021438652211505812 35.09192629247479 1.2431096876126295 0.11612310776084063 1.8440957786400396 2.0 -1.0 -1.0 -1.0 -1.0 
15.63 64.51 35.0 -1.0 0.00555178671231924 415.60438062056323 4.745343190721834 0.07603298722435994 1.6177517935846362 1.0 -1.0 -1.0 -1.0 -1.0 
15.63 64.51 35.0 -1.0 339.12291985254956 499.83500142230116 3.9706342643953576 0.013824179495338172 76.0532112617294 1.0 -1.0 -1.0 -1.0 -1.0 
16.37 65.72 35.0 -1.0 2.53720599835 149.77215027474142 0.1957172761407643 0.017971433343939622 6.338540111527582 16.0 6.567262137223068 16.0 2.537187053045879 150.0765347978829 
16.37 65.72 35.0 -1.0 0.4554108374501362 67.06985716746945 0.8178831653740397 0.029030776940210157 19.990590961156908 16.0 -1.0 -1.0 -1.0 -1.0 
16.37 65.72 35.0 -1.0 0.8217090786 45.50431847823697 0.3978872071881638 0.21150994627867403 -0.050065955140520875 2.0 -1.0 -1.0 -1.0 -1.0 
16.37 65.72 35.0 -1.0 0.22752955379214254 55.66798144899965 0.3249759224035993 0.009676925646736721 12.273480002541088 32.0 -1.0 -1.0 -1.0 -1.0 
16.37 65.72 35.0 -1.0 0.7225616 104.99012256600027 0.5512824124502966 0.012441761545804356 37.10769060043552 16.0 37.3831245166629 16.0 0.7225632240685325 104.63866283277878 
16.37 65.72 35.0 -1.0 0.00122409500578472 56.90619419670678 0.27838412414827757 0.04285495643554833 10.554566074436089 4.0 -1.0 -1.0 -1.0 -1.0 
16.37 65.72 35.0 -1.0 0.0189369888895036 0.0 0.055433765133095315 0.07603298722435994 1.26213864697417 2.0 -1.0 -1.0 -1.0 -1.0 
16.37 65.72 35.0 -1.0 0.61215781184 171.95679533782746 0.02024559911366164 0.01520659744487199 2.8709199248548734 16.0 -1.0 -1.0 -1.0 -1.0 
16.37 65.72 35.0 -1.0 0.368991 343.9135906756549 0.012577952809647151 0.031795612839277794 1.021910790348895 1.0 -1.0 -1.0 -1.0 -1.0 
16.37 65.72 35.0 -1.0 16.86944677430094 515.8703860134824 0.1296615715520493 0.029030776940210157 1.4849508090082062 1.0 -1.0 -1.0 -1.0 -1.0 
14.89 64.51 35.0 -1.0 44.485070760068666 146.1559807129293 0.25641350432505366 0.058061553880420315 1.0229319278001952 4.0 -1.0 -1.0 -1.0 -1.0 
14.89 64.51 35.0 -1.0 3.435246 35.552821605947855 0.09627163549856319 0.038707702586946884 1.6288185000121072 4.0 -1.0 -1.0 -1.0 -1.0 
14.89 64.51 35.0 -1.0 10.605354989359181 12.440958911896406 0.17977341670925842 0.027648358990676344 2.4606207848115718 16.0 -1.0 -1.0 -1.0 -1.0 
14.89 64.51 35.0 -1.0 165.58180215354596 67.6161059561199 0.6165651845890038 0.016589015394405805 13.29493943805997 2.0 13.294939346374559 2.0 165.5818778090179 67.60021931556696 
14.89 64.51 35.0 -1.0 450.75258218597 39.446942891378846 0.02378141128096147 0.019353851293473442 0.5697690530045529 1.0 -1.0 -1.0 -1.0 -1.0 
14.89 64.51 35.0 -1.0 0.77051288025 0.0 0.030370241460997222 0.026265941041142528 1.7114652648007505 2.0 -1.0 -1.0 -1.0 -1.0 
14.89 64.51 35.0 -1.0 326.88181168998915 337.1196427101684 0.051840772815238204 0.0027648358990676344 1.037687480082273 1.0 -1.0 -1.0 -1.0 -1.0 
14.89 64.51 35.0 -1.0 2.132196 505.67946406525266 0.07955913799684014 0.006912089747669086 5.866576133071581 16.0 -1.0 -1.0 -1.0 -1.0 
14.89 64.51 35.0 -1.0 0.65083398554 183.7822954708599 9.345382032112324 0.04009012053648069 331.25133510416157 16.0 334.22618418493425 32.0 0.6508344085887074 183.77544652255924 
14.89 64.51 35.0 -1.0 0.961936 168.5598213550842 1.556034428676274 0.019353851293473442 113.64961674820019 32.0 115.04591887458982 32.0 0.9619422295751672 168.49455862338166 
15.63 64.51 35.0 -1.0 6.5054918751 74.53285199726483 0.030202855496317065 0.013824179495338172 2.3206179221619867 1.0 -1.0 -1.0 -1.0 -1.0 
15.63 64.51 35.0 -1.0 1.783016910711755 108.77497380687342 0.11084202985753976 0.045619792334615966 1.7073536267769225 4.0 -1.0 -1.0 -1.0 -1.0 
15.63 64.51 35.0 -1.0 3.24303 49.53860250120017 0.3249759224035993 0.058061553880420315 3.7890025241501752 8.0 -1.0 -1.0 -1.0 -1.0 
15.63 64.51 35.0 -1.0 0.378019 81.9811383470921 0.34084211797487457 0.060826389779487955 0.7495195164990975 2.0 -1.0 -1.0 -1.0 -1.0 
15.63 64.51 35.0 -1.0 458.12007798349 0.0 0.41587412123501016 0.013824179495338172 2.939454945253681 1.0 -1.0 -1.0 -1.0 -1.0 
15.63 64.51 35.0 -1.0 1.20192026148 166.61166714076705 0.16952077231295481 0.058061553880420315 0.4547560253598265 8.0 -1.0 -1.0 -1.0 -1.0 
15.63 64.51 35.0 -1.0 1.3559 333.2233342815341 0.012912522792148707 0.012441761545804352 2.984964995044374 1.0 -1.0 -1.0 -1.0 -1.0 
15.63 64.51 35.0 -1.0 0.021438652211505812 35.09192629247479 1.2431096876126295 0.11612310776084063 1.8440957786400396 2.0 -1.0 -1.0 -1.0 -1.0 
15.63 64.51 35.0 -1.0 0.00555178671231924 415.60438062056323 4.745343190721834 0.07603298722435994 1.6177517935846362 1.0 -1.0 -1.0 -1.0 -1.0 
15.63 64.51 35.0 -1.0 339.12291985254956 499.83500142230116 3.9706342643953576 0.013824179495338172 76.0532112617294 1.0 -1.0 -1.0 -1.0 -1.0 
16.37 65.72 35.0 -1.0 2.53720599835 149.77215027474142 0.1957172761407643 0.017971433343939622 6.338540111527582 16.0 6.567262137223068 16.0 2.537187053045879 150.0765347978829 
16.37 65.72 35.0 -1.0 0.4554108374501362 67.06985716746945 0.8178831653740397 0.029030776940210157 19.990590961156908 16.0 -1.0 -1.0 -1.0 -1.0 
16.37 65.72 35.0 -1.0 0.8217090786 45.50431847823697 0.3978872071881638 0.21150994627867403 -0.050065955140520875 2.0 -1.0 -1.0 -1.0 -1.0 
16.37 65.72 35.0 -1.0 0.22752955379214254 55.66798144899965 0.3249759224035993 0.009676925646736721 12.273480002541088 32.0 -1.0 -1.0 -1.0 -1.0 
16.37 65.72 35.0 -1.0 0.7225616 104.99012256600027 0.5512824124502966 0.012441761545804356 37.10769060043552 16.0 37.3831245166629 16.0 0.7225632240685325 104.63866283277878 
16.37 65.72 35.0 -1.0 0.00122409500578472 56.90619419670678 0.27838412414827757 0.04285495643554833 10.554566074436089 4.0 -1.0 -1.0 -1.0 -1.0 
16.37 65.72 35.0 -1.0 0.0189369888895036 0.0 0.055433765133095315 0.07603298722435994 1.26213864697417 2.0 -1.0 -1.0 -1.0 -1.0 
16.37 65.72 35.0 -1.0 0.61215781184 171.95679533782746 0.02024559911366164 0.01520659744487199 2.8709199248548734 16.0 -1.0 -1.0 -1.0 -1.0 
16.37 65.72 35.0 -1.0 0.368991 343.9135906756549 0.012577952809647151 0.031795612839277794 1.021910790348895 1.0 -1.0 -1.0 -1.0 -1.0 
16.37 65.72 35.0 -1.0 16.86944677430094 515.8703860134824 0.1296615715520493 0.029030776940210157 1.4849508090082062 1.0 -1.0 -1.0 -1.0 -1.0 
14.89 64.51 35.0 -1.0 44.485070760068666 146.1559807129293 0.25641350432505366 0.058061553880420315 1.0229319278001952 4.0 -1.0 -1.0 -1.0 -1.0 
14.89 64.51 35.0 -1.0 3.435246 35.552821605947855 0.09627163549856319 0.038707702586946884 1.6288185000121072 4.0 -1.0 -1.0 -1.0 -1.0 
14.89 64.51 35.0 -1.0 10.605354989359181 12.440958911896406 0.17977341670925842 0.027648358990676344 2.4606207848115718 16.0 -1.0 -1.0 -1.0 -1.0 
14.89 64.51 35.0 -1.0 165.58180215354596 67.6161059561199 0.6165651845890038 0.016589015394405805 13.29493943805997 2.0 13.294939346374559 2.0 165.5818778090179 67.60021931556696 
14.89 64.51 35.0 -1.0 450.75258218597 39.446942891378846 0.02378141128096147 0.019353851293473442 0.5697690530045529 1.0 -1.0 -1.0 -1.0 -1.0 
14.89 64.51 35.0 -1.0 0.77051288025 0.0 0.030370241460997222 0.026265941041142528 1.7114652648007505 2.0 -1.0 -1.0 -1.0 -1.0 
14.89 64.51 35.0 -1.0 326.88181168998915 337.1196427101684 0.051840772815238204 0.0027648358990676344 1.037687480082273 1.0 -1.0 -1.0 -1.0 -1.0 
14.89 64.51 35.0 -1.0 2.132196 505.67946406525266 0.07955913799684014 0.006912089747669086 5.866576133071581 16.0 -1.0 -1.0 -1.0 -1.0 
14.89 64.51 35.0 -1.0 0.65083398554 183.7822954708599 9.345382032112324 0.04009012053648069 331.25133510416157 16.0 334.22618418493425 32.0 0.6508344085887074 183.77544652255924 
14.89 64.51 35.0 -1.0 0.961936 168.5598213550842 1.556034428676274 0.019353851293473442 113.64961674820019 32.0 115.04591887458982 32.0 0.9619422295751672 168.49455862338166 
15.63 64.51 35.0 -1.0 6.5054918751 74.53285199726483 0.030202855496317065 0.013824179495338172 2.3206179221619867 1.0 -1.0 -1.0 -1.0 -1.0 
15.63 64.51 35.0 -1.0 1.783016910711755 108.77497380687342 0.11084202985753976 0.045619792334615966 1.7073536267769225 4.0 -1.0 -1.0 -1.0 -1.0 
15.63 64.51 35.0 -1.0 3.24303 49.53860250120017 0.3249759224035993 0.058061553880420315 3.7890025241501752 8.0 -1.0 -1.0 -1.0 -1.0 
15.63 64.51 35.0 -1.0 0.378019 81.9811383470921 0.34084211797487457 0.060826389779487955 0.7495195164990975 2.0 -1.0 -1.0 -1.0 -1.0 
15.63 64.51 35.0 -1.0 458.12007798349 0.0 0.41587412123501016 0.013824179495338172 2.939454945253681 1.0 -1.0 -1.0 -1.0 -1.0 
15.63 64.51 35.0 -1.0 1.20192026148 166.61166714076705 0.16952077231295481 0.058061553880420315 0.4547560253598265 8.0 -1.0 -1.0 -1.0 -1.0 
15.63 64.51 35.0 -1.0 1.3559 333.2233342815341 0.012912522792148707 0.012441761545804352 2.984964995044374 1.0 -1.0 -1.0 -1.0 -1.0 
15.63 64.51 35.0 -1.0 0.021438652211505812 35.09192629247479 1.2431096876126295 0.11612310776084063 1.8440957786400396 2.0 -1.0 -1.0 -1.0 -1.0 
15.63 64.51 35.0 -1.0 0.00555178671231924 415.60438062056323 4.745343190721834 0.07603298722435994 1.6177517935846362 1.0 -1.0 -1.0 -1.0 -1.0 
15.63 64.51 35.0 -1.0 339.12291985254956 499.83500142230116 3.9706342643953576 0.013824179495338172 76.0532112617294 1.0 -1.0 -1.0 -1.0 -1.0 
16.37 65.72 35.0 -1.0 2.53720599835 149.77215027474142 0.1957172761407643 0.017971433343939622 6.338540111527582 16.0 6.567262137223068 16.0 2.537187053045879 150.0765347978829 
16.37 65.72 35.0 -1.0 0.4554108374501362 67.06985716746945 0.8178831653740397 0.029030776940210157 19.990590961156908 16.0 -1.0 -1.0 -1.0 -1.0 
16.37 65.72 35.0 -1.0 0.8217090786 45.50431847823697 0.3978872071881638 0.21150994627867403 -0.050065955140520875 2.0 -1.0 -1.0 -1.0 -1.0 
16.37 65.72 35.0 -1.0 0.22752955379214254 55.66798144899965 0.3249759224035993 0.009676925646736721 12.273480002541088 32.0 -1.0 -1.0 -1.0 -1.0 
16.37 65.72 35.0 -1.0 0.7225616 104.99012256600027 0.5512824124502966 0.012441761545804356 37.10769060043552 16.0 37.3831245166629 16.0 0.7225632240685325 104.63866283277878 
16.37 65.72 35.0 -1.0 0.00122409500578472 56.90619419670678 0.27838412414827757 0.04285495643554833 10.554566074436089 4.0 -1.0 -1.0 -1.0 -1.0 
16.37 65.72 35.0 -1.0 0.0189369888895036 0.0 0.055433765133095315 0.07603298722435994 1.26213864697417 2.0 -1.0 -1.0 -1.0 -1.0 
16.37 65.72 35.0 -1.0 0.61215781184 171.95679533782746 0.02024559911366164 0.01520659744487199 2.8709199248548734 16.0 -1.0 -1.0 -1.0 -1.0 
16.37 65.72 35.0 -1.0 0.368991 343.9135906756549 0.012577952809647151 0.031795612839277794 1.021910790348895 1.0 -1.0 -1.0 -1.0 -1.0 
16.37 65.72 35.0 -1.0 16.86944677430094 515.8703860134824 0.1296615715520493 0.029030776940210157 1.4849508090082062 1.0 -1.0 -1.0 -1.0 -1.0 
