100.06 55.17 3.0 -1.0 241.545894 113.40433387828627 0.02132224274407285 0.016589015394405805 0.9357162495881383 2.0 -1.0 -1.0 -1.0 -1.0 
100.06 55.17 3.0 -1.0 3.04261430719 98.45041570355433 0.01376936433330689 0.055296717981352696 2.2948516303317077 4.0 -1.0 -1.0 -1.0 -1.0 
100.06 55.17 3.0 -1.0 0.998004 19.112834627582917 0.05710520140181009 0.013824179495338172 -2.2966000769546517 32.0 -1.0 -1.0 -1.0 -1.0 
100.06 55.17 3.0 -1.0 4.0740783 0.0 0.26708079744159313 0.031795612839277794 1.6184521273082901 16.0 -1.0 -1.0 -1.0 -1.0 
100.06 55.17 3.0 -1.0 3.46493998447 75.74682260848259 0.052853324182664835 0.011059343596270537 2.129290954884609 2.0 -1.0 -1.0 -1.0 -1.0 
100.06 55.17 3.0 -1.0 2.033536557 151.49364521696518 0.22193951030734785 0.009676925646736721 5.737347941391175 32.0 -1.0 -1.0 -1.0 -1.0 
100.06 55.17 3.0 -1.0 1.1954213511528866 108.65453312065864 1.0344308644015945 0.04009012053648069 11.118043894479548 16.0 11.187464259085848 16.0 1.1954398360103369 109.09137188949276 
100.06 55.17 3.0 -1.0 1.2615520801009 62.042852001547395 1.1593282552104924 0.012441761545804354 57.680882115662286 32.0 57.84100745002082 32.0 1.2615601008292288 62.034332994674465 
100.06 55.17 3.0 -1.0 0.002174152063187772 113.31342860062831 1.0055420575945406 0.012441761545804354 1.6245423314142637 1.0 -1.0 -1.0 -1.0 -1.0 
100.06 55.17 3.0 -1.0 0.002577118887028003 227.24046782544775 4.939345061540832 0.031795612839277794 1.3452939318348027 1.0 -1.0 -1.0 -1.0 -1.0 
100.22 56.34 3.0 -1.0 0.001163754422873072 96.19411649823961 0.07803496302363375 0.03732528463741307 0.7750204514441354 2.0 -1.0 -1.0 -1.0 -1.0 
100.22 56.34 3.0 -1.0 2.202734656989337 60.81237249888711 0.022847352570395624 0.019353851293473442 -0.06578304016832785 2.0 -1.0 -1.0 -1.0 -1.0 
100.22 56.34 3.0 -1.0 0.03153875444545671 11.963452189781064 0.13665123510300808 0.012441761545804354 1.839805180927345 4.0 -1.0 -1.0 -1.0 -1.0 
100.22 56.34 3.0 -1.0 1.55000023848 57.14151655895429 0.03932416103941603 0.0884747487701643 0.1515773817548357 8.0 -1.0 -1.0 -1.0 -1.0 
100.22 56.34 3.0 -1.0 173.3686583164155 81.42223837850995 0.2256500029502639 0.11474068981130682 1.5641343604434277 1.0 -1.0 -1.0 -1.0 -1.0 
100.22 56.34 3.0 -1.0 2.064893576538 0.0 0.08947365312024752 0.012441761545804354 1.9099317234833477 8.0 -1.0 -1.0 -1.0 -1.0 
100.22 56.34 3.0 -1.0 200.37770740535 73.70459546865118 0.19940221259603996 0.07465056927482613 0.12994915051546854 1.0 -1.0 -1.0 -1.0 -1.0 
100.22 56.34 3.0 -1.0 3.3802334705 147.40919093730236 0.04065003333666847 0.03732528463741307 1.279723525324445 4.0 -1.0 -1.0 -1.0 -1.0 
100.22 56.34 3.0 -1.0 19.45228340285901 221.11378640595353 0.013627413729677892 0.009676925646736723 1.176119070278296 1.0 -1.0 -1.0 -1.0 -1.0 
100.22 56.34 3.0 -1.0 1.571303667847 31.22438907942858 2.0784126316275735 0.08985716671969811 6.7629455533370155 8.0 8.080553197043042 8.0 3.142607359526058 32.07974479496216 
100.62 55.17 3.0 -1.0 0.00625638591189179 53.30729869751493 0.011934594860975856 0.03041319488974398 0.11364883689191724 16.0 -1.0 -1.0 -1.0 -1.0 
100.62 55.17 3.0 -1.0 1.847124 86.28042428716537 0.09714014331574035 0.03732528463741307 0.838811018792738 4.0 -1.0 -1.0 -1.0 -1.0 
100.62 55.17 3.0 -1.0 0.25058183188379657 40.511757423919235 0.19223319441151956 0.04285495643554833 0.40980132276141884 2.0 -1.0 -1.0 -1.0 -1.0 
100.62 55.17 3.0 -1.0 0.42423 0.0 0.03796277367600015 0.07879782312342758 0.5897182766718294 1.0 -1.0 -1.0 -1.0 -1.0 
100.62 55.17 3.0 -1.0 316.12398422451724 149.1172694576729 0.026106080578766205 0.009676925646736721 1.7623563532563953 1.0 -1.0 -1.0 -1.0 -1.0 
100.62 55.17 3.0 -1.0 1.847124 40.15384018549698 2.6524204292320723 0.03456044873834543 49.46788954128042 16.0 49.951771419654406 32.0 1.8471231063206992 40.17557944353305 
100.62 55.17 3.0 -1.0 0.0015545211623595857 85.16193291709583 2.5412096979365755 0.02073626924300726 5.884980184964063 1.0 -1.0 -1.0 -1.0 -1.0 
100.62 55.17 3.0 -1.0 0.723353935998 83.81974327301236 4.456202279847409 0.07603298722435994 22.26813547267834 16.0 22.48319957366456 16.0 0.723351452810069 84.19668034513728 
100.62 55.17 3.0 -1.0 325.38307416717333 74.55863472883645 9.835564254624282 0.031795612839277794 63.15068248803538 1.0 63.150682540454454 1.0 325.3827647616466 74.58287669995934 
100.62 55.17 3.0 -1.0 2.896368 223.67590418650934 9.488503448527934 0.006912089747669087 636.6501294827158 32.0 636.6501391643229 32.0 2.8963768272660673 223.54623423366374 
101.18 55.17 3.0 -1.0 0.8391595430786775 38.96398763439566 0.4269362550790592 0.05944397182995413 1.478115773117023 8.0 -1.0 -1.0 -1.0 -1.0 
101.18 55.17 3.0 -1.0 0.08432286969948746 55.64083835538488 0.01455178574214077 0.03041319488974398 0.9520931970924099 1.0 -1.0 -1.0 -1.0 -1.0 
101.18 55.17 3.0 -1.0 4.10854528747 102.23921543593259 0.05810003816100462 0.12718245135711118 2.264989802738204 8.0 -1.0 -1.0 -1.0 -1.0 
101.18 55.17 3.0 -1.0 32.626427 65.8713602356751 0.20698153011825549 0.024883523091608708 2.443437746023149 8.0 -1.0 -1.0 -1.0 -1.0 
101.18 55.17 3.0 -1.0 1.51562424828 46.35636473499247 0.31242765918451704 0.008294507697202903 13.50960139477872 32.0 13.509601508346757 32.0 1.5156122875244669 46.34865336306836 
101.18 55.17 3.0 -1.0 122.82470063469209 97.39896852482755 0.5746136488224568 0.012441761545804354 7.685044365368991 1.0 7.869141949435169 2.0 122.82495542118947 97.45360958217212 
101.18 55.17 3.0 -1.0 0.135722 146.65948140648305 0.7580327491754281 0.0483846282336836 2.0449349481683177 32.0 -1.0 -1.0 -1.0 -1.0 
101.18 55.17 3.0 -1.0 0.2575872542383222 0.0 1.3283494223444614 0.012441761545804354 21.837011247865565 32.0 -1.0 -1.0 -1.0 -1.0 
101.18 55.17 3.0 -1.0 0.01973663498588838 73.32974070324153 9.364770737528133 0.017971433343939622 30.73618343061386 32.0 -1.0 -1.0 -1.0 -1.0 
101.18 55.17 3.0 -1.0 0.50077645051 219.98922210972458 3.6547383098503357 0.03732528463741307 38.653046495223194 32.0 39.57595909574223 32.0 0.5007677827961743 219.59951484248546 
101.38 56.34 3.0 -1.0 0.019466403190199797 52.56076830502527 0.010737497860625226 0.012441761545804354 1.2464285541782973 2.0 -1.0 -1.0 -1.0 -1.0 
101.38 56.34 3.0 -1.0 0.277965126528 53.913435136404594 0.30729023168311737 0.031795612839277794 1.3821882836850725 2.0 -1.0 -1.0 -1.0 -1.0 
101.38 56.34 3.0 -1.0 0.904609 47.81569894415493 0.6740356517769636 0.21427478217774165 0.6396262385098722 2.0 -1.0 -1.0 -1.0 -1.0 
101.38 56.34 3.0 -1.0 0.9319943359 126.35625877249743 0.31677439854971157 0.02073626924300726 6.068516637798445 16.0 6.153370163817588 16.0 0.9319895373967787 126.8010101832416 
101.38 56.34 3.0 -1.0 2.220010446257 0.0 0.14602137769543488 0.01520659744487199 2.7408955666134243 16.0 -1.0 -1.0 -1.0 -1.0 
101.38 56.34 3.0 -1.0 345.2781364654948 214.68754995177602 0.10819406056564618 0.02073626924300726 1.550213807054565 1.0 -1.0 -1.0 -1.0 -1.0 
101.38 56.34 3.0 -1.0 37.185887516168556 94.45049827361363 9.22988988163968 0.019353851293473442 157.74207938362937 8.0 157.7420818969696 8.0 37.18596417456865 94.41767158895803 
101.38 56.34 3.0 -1.0 0.03363455717906837 52.06693755706139 8.139375022555022 0.02350110514207489 21.095154590841414 32.0 -1.0 -1.0 -1.0 -1.0 
101.38 56.34 3.0 -1.0 2.4784478211 71.562516650592 1.9517718182388386 0.13132970520571263 5.630086199863794 4.0 -1.0 -1.0 -1.0 -1.0 
101.38 56.34 3.0 -1.0 1.46537617985 143.125033301184 1.542122280526466 0.013824179495338172 44.84681839377314 16.0 45.0983126399704 16.0 1.465377863496542 142.99267948038337 
101.74 55.17 3.0 -1.0 33.5877320407 66.23269766086857 0.9972404361662387 0.027648358990676344 12.550082837371018 4.0 12.550082955778297 4.0 33.58776060243448 66.18344825206705 
101.74 55.17 3.0 -1.0 20.088207070863376 45.803358696710674 0.03145935215932928 0.02073626924300726 0.43114781133016034 1.0 -1.0 -1.0 -1.0 -1.0 
101.74 55.17 3.0 -1.0 0.46174887333 99.67435443659198 0.3422578637740942 0.02350110514207489 3.9836237991211223 16.0 -1.0 -1.0 -1.0 -1.0 
101.74 55.17 3.0 -1.0 436.64254577698927 72.28342544324654 0.9607231589609819 0.09400442056829957 0.5583707329165251 1.0 -1.0 -1.0 -1.0 -1.0 
101.74 55.17 3.0 -1.0 131.55003246018 144.56685088649309 0.3169933160465628 0.022118687192541075 0.9995381205606217 1.0 -1.0 -1.0 -1.0 -1.0 
101.74 55.17 3.0 -1.0 2.391593577481 69.52915150646517 6.570247931400152 0.029030776940210157 127.71229472704609 32.0 127.85412151647948 32.0 2.3915769512920333 69.52298004460253 
101.74 55.17 3.0 -1.0 0.8540670284481 82.86677726331983 1.0430420810335899 0.02350110514207489 20.22107435144016 32.0 20.536299953631357 32.0 0.8540761579448979 82.5775134154231 
101.74 55.17 3.0 -1.0 213.675214 109.52034158067657 3.410776682707007 0.02764835899067634 24.41212289817971 1.0 24.412123134590228 1.0 213.67547257492942 109.49616362192133 
101.74 55.17 3.0 -1.0 282.17933788250303 0.0 2.280004969444337 0.008294507697202903 21.054976785810023 1.0 -1.0 -1.0 -1.0 -1.0 
101.74 55.17 3.0 -1.0 0.029168625623975982 216.85027632973961 7.6751789292618 0.006912089747669086 148.77051329249787 32.0 149.13876401607993 32.0 0.0291644634368519 216.46237891616425 
101.96 56.34 3.0 -1.0 0.971062 52.99820824872308 0.5042782848310833 0.02073626924300726 10.214078320788033 32.0 10.578170175783876 32.0 0.9710674930829556 53.23011281435362 
101.96 56.34 3.0 -1.0 0.001158418664325096 128.14776341816994 0.06347171864724821 0.019353851293473442 4.197301645947576 2.0 -1.0 -1.0 -1.0 -1.0 
101.96 56.34 3.0 -1.0 1.70195680429 1.121319376120688 0.04715930072009244 0.006912089747669086 1.0875278153428514 1.0 -1.0 -1.0 -1.0 -1.0 
101.96 56.34 3.0 -1.0 0.03505483273125927 70.51617887943874 0.03165556322386045 0.024883523091608708 1.9719858356642561 8.0 -1.0 -1.0 -1.0 -1.0 
101.96 56.34 3.0 -1.0 0.8784237673 141.03235775887748 0.028186750060971114 0.013824179495338174 1.863785956569723 8.0 -1.0 -1.0 -1.0 -1.0 
101.96 56.34 3.0 -1.0 4.553007013785445 211.54853663831622 0.2903663561783326 0.016589015394405805 3.141147670232685 8.0 -1.0 -1.0 -1.0 -1.0 
101.96 56.34 3.0 -1.0 55.46418107490699 1.1001624067599203 1.5084046126215596 0.013824179495338172 38.02700004258693 8.0 -1.0 -1.0 -1.0 -1.0 
101.96 56.34 3.0 -1.0 0.0019028815912310248 114.58614605791786 3.3662992108005474 0.035942866687879244 4.3081421584315 2.0 -1.0 -1.0 -1.0 -1.0 
101.96 56.34 3.0 -1.0 28.880801639133683 176.1317699283911 3.597125544643767 0.038707702586946884 29.19600832783176 4.0 29.196008222201186 4.0 28.880701089898746 176.0844036064169 
101.96 56.34 3.0 -1.0 0.7096900833039 0.0 1.8609168688485656 0.02073626924300726 19.472445110738704 32.0 -1.0 -1.0 -1.0 -1.0 
102.53 56.34 3.0 -1.0 0.8655970492 89.51763191293347 0.012993057821287228 0.026265941041142528 1.0871410975713733 8.0 -1.0 -1.0 -1.0 -1.0 
102.53 56.34 3.0 -1.0 2.269537144722 44.58165649866465 0.017535751903771574 0.0967692564673672 2.2365459852307628 2.0 -1.0 -1.0 -1.0 -1.0 
102.53 56.34 3.0 -1.0 0.66313 39.99635288496375 0.6638687231648537 0.03456044873834543 5.7247608800148395 16.0 6.142402307970294 16.0 0.6631429035527011 40.27677737664019 
102.53 56.34 3.0 -1.0 4.723508550816514 132.55695901426236 0.5377408846423294 0.038707702586946884 5.815267936580939 16.0 -1.0 -1.0 -1.0 -1.0 
102.53 56.34 3.0 -1.0 0.47454913024 77.22068131255378 0.23764987694829914 0.029030776940210157 0.06718101378697151 32.0 -1.0 -1.0 -1.0 -1.0 
102.53 56.34 3.0 -1.0 1.5075446998675 0.0 0.5148386787799171 0.04700221028414978 0.687251442028881 16.0 -1.0 -1.0 -1.0 -1.0 
102.53 56.34 3.0 -1.0 4.961548 69.46734974756862 0.07207518712173606 0.006912089747669087 3.804983822045233 1.0 -1.0 -1.0 -1.0 -1.0 
102.53 56.34 3.0 -1.0 2.10084 208.40204924270586 0.021980329748814836 0.03456044873834543 1.1255796907913531 8.0 -1.0 -1.0 -1.0 -1.0 
102.53 56.34 3.0 -1.0 3.502872 38.68328866831304 6.666262149960813 0.02350110514207489 181.7024725781032 32.0 181.87474761579296 32.0 3.502858210898315 38.657610446926014 
102.53 56.34 3.0 -1.0 367.7671211299739 138.93469949513724 8.367433302103008 0.029030776940210157 42.55750921033517 1.0 42.55750883152759 1.0 367.7666730557879 138.94476215609794 
102.86 55.17 3.0 -1.0 2.631925 69.83335073174577 0.12805918722139778 0.03317803078881161 2.237007850855089 2.0 -1.0 -1.0 -1.0 -1.0 
102.86 55.17 3.0 -1.0 2.8926979664 2.3186443044044776 0.018686465040691866 0.019353851293473442 1.55002328521979 32.0 -1.0 -1.0 -1.0 -1.0 
102.86 55.17 3.0 -1.0 0.00705040858137838 82.01677262216202 0.0776585037827616 0.04009012053648069 0.7623134435975302 8.0 -1.0 -1.0 -1.0 -1.0 
102.86 55.17 3.0 -1.0 463.52314928835057 0.0 0.06583879113219475 0.017971433343939622 -0.04638785447570709 1.0 -1.0 -1.0 -1.0 -1.0 
102.86 55.17 3.0 -1.0 4.21970648822 70.25492242345567 0.014541736191099393 0.03456044873834543 0.9350424039359694 1.0 -1.0 -1.0 -1.0 -1.0 
102.86 55.17 3.0 -1.0 1.75744734512 140.50984484691134 0.0671247510893932 0.019353851293473442 0.22395873989259335 2.0 -1.0 -1.0 -1.0 -1.0 
102.86 55.17 3.0 -1.0 11.104095628633846 210.764767270367 0.4003688181282217 0.04147253848601452 3.0843889913381703 4.0 -1.0 -1.0 -1.0 -1.0 
102.86 55.17 3.0 -1.0 1.988072 17.790325390157992 2.1874291404837507 0.016589015394405805 72.61159858154414 32.0 73.04678738766317 32.0 1.988064468605444 17.9120341599631 
102.86 55.17 3.0 -1.0 1.365895 41.18755428005772 1.6455899719984879 0.05529671798135269 12.539040515882574 8.0 13.022636805162522 8.0 1.365939776102702 41.491152573925824 
102.86 55.17 3.0 -1.0 0.00933164015356051 38.110080930575414 1.7057806843994479 0.022118687192541075 1.603625393145383 16.0 -1.0 -1.0 -1.0 -1.0 
103.42 55.17 3.0 -1.0 2.2837880647 43.490296170204324 0.6273064427408269 0.017971433343939622 20.055547280460086 32.0 20.596954366643235 32.0 2.283771512641882 43.51511123606854 
103.42 55.17 3.0 -1.0 0.79522136051 33.43809781949807 0.06131669778825089 0.03732528463741307 2.1976021391034775 4.0 -1.0 -1.0 -1.0 -1.0 
103.42 55.17 3.0 -1.0 0.001800786328565687 3.8422658985137534 0.17199806154973404 0.06912089747669085 1.7524748640545185 2.0 -1.0 -1.0 -1.0 -1.0 
103.42 55.17 3.0 -1.0 0.008318844861763205 39.710337286261066 0.018920285818616243 0.019353851293473442 1.1986613982829142 16.0 -1.0 -1.0 -1.0 -1.0 
103.42 55.17 3.0 -1.0 0.3880144792 37.28036371801183 0.7059677766783635 0.02350110514207489 8.620156537027666 32.0 9.218363440087947 32.0 0.3880207562663903 37.13964145031897 
103.42 55.17 3.0 -1.0 1.390499284334 12.46140291409866 0.03494252909314058 0.013824179495338172 0.9692025619190323 1.0 -1.0 -1.0 -1.0 -1.0 
103.42 55.17 3.0 -1.0 0.018421972703294355 0.0 0.015325637251420755 0.03456044873834543 1.9989075638424678 2.0 -1.0 -1.0 -1.0 -1.0 
103.42 55.17 3.0 -1.0 22.846702651445444 138.4461863756361 0.5698697149968839 0.05253188208228506 3.0008962024958232 2.0 -1.0 -1.0 -1.0 -1.0 
103.42 55.17 3.0 -1.0 3.1523501692506883 69.22309318781805 9.613870986925058 0.038707702586946884 146.4101287225448 16.0 150.45662363330464 32.0 3.1523389528350285 69.21938624528113 
103.42 55.17 3.0 -1.0 3.7024345923069872 207.66927956345415 4.885048579038806 0.015206597444871992 116.64899873705393 16.0 116.64900344982998 16.0 3.7024316649573548 207.55696080273623 
