258.04 88.34 44.0 -1.0 0.786876829081 136.3707015545603 3.176509766967631 0.035942866687879244 543.6495220165748 32.0 544.3635703414199 32.0 0.786879657728908 136.3136158953124 
258.04 88.34 44.0 -1.0 0.024159516317221946 19.940259944745605 9.587340896247092 0.035942866687879244 82.15632357991656 32.0 -1.0 -1.0 -1.0 -1.0 
258.04 88.34 44.0 -1.0 3.741563 75.5160983453406 1.9490769383204658 0.02073626924300726 669.3204095020699 32.0 669.503810942373 32.0 3.741562674501135 75.49365809792357 
258.04 88.34 44.0 -1.0 0.0019560797386665774 0.0 9.640474491672578 0.02350110514207489 22.247854772815064 32.0 -1.0 -1.0 -1.0 -1.0 
258.04 88.34 44.0 -1.0 1.040042 52.20808043663559 3.652214325520265 0.11197585391223919 96.64302881418818 8.0 99.4520023329536 8.0 1.0400375079674027 52.015737617067984 
258.04 88.34 44.0 -1.0 0.009417802525704944 104.41616087327118 1.8609168688485656 0.055296717981352696 1.6113688839315405 1.0 -1.0 -1.0 -1.0 -1.0 
258.04 88.34 44.0 -1.0 0.786876829081 136.3707015545603 3.176509766967631 0.035942866687879244 543.6495220165748 32.0 544.3635703414199 32.0 0.786879657728908 136.3136158953124 
258.04 88.34 44.0 -1.0 0.024159516317221946 19.940259944745605 9.587340896247092 0.035942866687879244 82.15632357991656 32.0 -1.0 -1.0 -1.0 -1.0 
258.04 88.34 44.0 -1.0 3.741563 75.5160983453406 1.9490769383204658 0.02073626924300726 669.3204095020699 32.0 669.503810942373 32.0 3.741562674501135 75.49365809792357 
258.04 88.34 44.0 -1.0 0.0019560797386665774 0.0 9.640474491672578 0.02350110514207489 22.247854772815064 32.0 -1.0 -1.0 -1.0 -1.0 
258.04 88.34 44.0 -1.0 1.040042 52.20808043663559 3.652214325520265 0.11197585391223919 96.64302881418818 8.0 99.4520023329536 8.0 1.0400375079674027 52.015737617067984 
258.04 88.34 44.0 -1.0 0.009417802525704944 104.41616087327118 1.8609168688485656 0.055296717981352696 1.6113688839315405 1.0 -1.0 -1.0 -1.0 -1.0 
258.04 88.34 44.0 -1.0 0.786876829081 136.3707015545603 3.176509766967631 0.035942866687879244 543.6495220165748 32.0 544.3635703414199 32.0 0.786879657728908 136.3136158953124 
258.04 88.34 44.0 -1.0 0.024159516317221946 19.940259944745605 9.587340896247092 0.035942866687879244 82.15632357991656 32.0 -1.0 -1.0 -1.0 -1.0 
258.04 88.34 44.0 -1.0 3.741563 75.5160983453406 1.9490769383204658 0.02073626924300726 669.3204095020699 32.0 669.503810942373 32.0 3.741562674501135 75.49365809792357 
258.04 88.34 44.0 -1.0 0.0019560797386665774 0.0 9.640474491672578 0.02350110514207489 22.247854772815064 32.0 -1.0 -1.0 -1.0 -1.0 
258.04 88.34 44.0 -1.0 1.040042 52.20808043663559 3.652214325520265 0.11197585391223919 96.64302881418818 8.0 99.4520023329536 8.0 1.0400375079674027 52.015737617067984 
258.04 88.34 44.0 -1.0 0.009417802525704944 104.41616087327118 1.8609168688485656 0.055296717981352696 1.6113688839315405 1.0 -1.0 -1.0 -1.0 -1.0 
258.04 88.34 44.0 -1.0 0.786876829081 136.3707015545603 3.176509766967631 0.035942866687879244 543.6495220165748 32.0 544.3635703414199 32.0 0.786879657728908 136.3136158953124 
258.04 88.34 44.0 -1.0 0.024159516317221946 19.940259944745605 9.587340896247092 0.035942866687879244 82.15632357991656 32.0 -1.0 -1.0 -1.0 -1.0 
258.04 88.34 44.0 -1.0 3.741563 75.5160983453406 1.9490769383204658 0.02073626924300726 669.3204095020699 32.0 669.503810942373 32.0 3.741562674501135 75.49365809792357 
258.04 88.34 44.0 -1.0 0.0019560797386665774 0.0 9.640474491672578 0.02350110514207489 22.247854772815064 32.0 -1.0 -1.0 -1.0 -1.0 
258.04 88.34 44.0 -1.0 1.040042 52.20808043663559 3.652214325520265 0.11197585391223919 96.64302881418818 8.0 99.4520023329536 8.0 1.0400375079674027 52.015737617067984 
258.04 88.34 44.0 -1.0 0.009417802525704944 104.41616087327118 1.8609168688485656 0.055296717981352696 1.6113688839315405 1.0 -1.0 -1.0 -1.0 -1.0 
258.04 88.34 44.0 -1.0 0.786876829081 136.3707015545603 3.176509766967631 0.035942866687879244 543.6495220165748 32.0 544.3635703414199 32.0 0.786879657728908 136.3136158953124 
258.04 88.34 44.0 -1.0 0.024159516317221946 19.940259944745605 9.587340896247092 0.035942866687879244 82.15632357991656 32.0 -1.0 -1.0 -1.0 -1.0 
258.04 88.34 44.0 -1.0 3.741563 75.5160983453406 1.9490769383204658 0.02073626924300726 669.3204095020699 32.0 669.503810942373 32.0 3.741562674501135 75.49365809792357 
258.04 88.34 44.0 -1.0 0.0019560797386665774 0.0 9.640474491672578 0.02350110514207489 22.247854772815064 32.0 -1.0 -1.0 -1.0 -1.0 
258.04 88.34 44.0 -1.0 1.040042 52.20808043663559 3.652214325520265 0.11197585391223919 96.64302881418818 8.0 99.4520023329536 8.0 1.0400375079674027 52.015737617067984 
258.04 88.34 44.0 -1.0 0.009417802525704944 104.41616087327118 1.8609168688485656 0.055296717981352696 1.6113688839315405 1.0 -1.0 -1.0 -1.0 -1.0 
258.04 88.34 44.0 -1.0 0.786876829081 136.3707015545603 3.176509766967631 0.035942866687879244 543.6495220165748 32.0 544.3635703414199 32.0 0.786879657728908 136.3136158953124 
258.04 88.34 44.0 -1.0 0.024159516317221946 19.940259944745605 9.587340896247092 0.035942866687879244 82.15632357991656 32.0 -1.0 -1.0 -1.0 -1.0 
258.04 88.34 44.0 -1.0 3.741563 75.5160983453406 1.9490769383204658 0.02073626924300726 669.3204095020699 32.0 669.503810942373 32.0 3.741562674501135 75.49365809792357 
258.04 88.34 44.0 -1.0 0.0019560797386665774 0.0 9.640474491672578 0.02350110514207489 22.247854772815064 32.0 -1.0 -1.0 -1.0 -1.0 
258.04 88.34 44.0 -1.0 1.040042 52.20808043663559 3.652214325520265 0.11197585391223919 96.64302881418818 8.0 99.4520023329536 8.0 1.0400375079674027 52.015737617067984 
258.04 88.34 44.0 -1.0 0.009417802525704944 104.41616087327118 1.8609168688485656 0.055296717981352696 1.6113688839315405 1.0 -1.0 -1.0 -1.0 -1.0 
258.04 88.34 44.0 -1.0 0.786876829081 136.3707015545603 3.176509766967631 0.035942866687879244 543.6495220165748 32.0 544.3635703414199 32.0 0.786879657728908 136.3136158953124 
258.04 88.34 44.0 -1.0 0.024159516317221946 19.940259944745605 9.587340896247092 0.035942866687879244 82.15632357991656 32.0 -1.0 -1.0 -1.0 -1.0 
258.04 88.34 44.0 -1.0 3.741563 75.5160983453406 1.9490769383204658 0.02073626924300726 669.3204095020699 32.0 669.503810942373 32.0 3.741562674501135 75.49365809792357 
258.04 88.34 44.0 -1.0 0.0019560797386665774 0.0 9.640474491672578 0.02350110514207489 22.247854772815064 32.0 -1.0 -1.0 -1.0 -1.0 
258.04 88.34 44.0 -1.0 1.040042 52.20808043663559 3.652214325520265 0.11197585391223919 96.64302881418818 8.0 99.4520023329536 8.0 1.0400375079674027 52.015737617067984 
258.04 88.34 44.0 -1.0 0.009417802525704944 104.41616087327118 1.8609168688485656 0.055296717981352696 1.6113688839315405 1.0 -1.0 -1.0 -1.0 -1.0 
