191.39 88.43 45.0 -1.0 2.959849608372 17.277458227652236 1.9051448136078133 0.029030776940210157 481.764222965321 16.0 500.5573823217409 32.0 2.959851978327303 17.304846561320282 
99.37 88.84 45.0 -1.0 1.087394 21.000512303831677 1.3182931674823608 0.038707702586946884 224.0744426154474 16.0 227.29324516034845 32.0 1.087399444562228 20.947972153177183 
99.37 88.84 45.0 -1.0 1.045 24.444532246870434 7.879336515072576 0.013824179495338172 4386.794670729337 32.0 4386.953675565906 32.0 1.0450018332145798 24.48989981192695 
99.37 88.84 45.0 -1.0 2.09207816446 53.39031846580548 1.0685697614468224 0.027648358990676344 336.1874611909858 32.0 336.7298868254726 32.0 2.092080345998208 53.43250868056789 
99.37 88.84 45.0 -1.0 9.585563467335172 160.17095539741644 6.439926164566273 0.0884747487701643 485.27778403955546 8.0 485.3257431160858 8.0 9.58555877635566 160.0951301754894 
191.39 88.43 45.0 -1.0 2.959849608372 17.277458227652236 1.9051448136078133 0.029030776940210157 481.764222965321 16.0 500.5573823217409 32.0 2.959851978327303 17.304846561320282 
99.37 88.84 45.0 -1.0 1.087394 21.000512303831677 1.3182931674823608 0.038707702586946884 224.0744426154474 16.0 227.29324516034845 32.0 1.087399444562228 20.947972153177183 
99.37 88.84 45.0 -1.0 1.045 24.444532246870434 7.879336515072576 0.013824179495338172 4386.794670729337 32.0 4386.953675565906 32.0 1.0450018332145798 24.48989981192695 
99.37 88.84 45.0 -1.0 2.09207816446 53.39031846580548 1.0685697614468224 0.027648358990676344 336.1874611909858 32.0 336.7298868254726 32.0 2.092080345998208 53.43250868056789 
99.37 88.84 45.0 -1.0 9.585563467335172 160.17095539741644 6.439926164566273 0.0884747487701643 485.27778403955546 8.0 485.3257431160858 8.0 9.58555877635566 160.0951301754894 
191.39 88.43 45.0 -1.0 2.959849608372 17.277458227652236 1.9051448136078133 0.029030776940210157 481.764222965321 16.0 500.5573823217409 32.0 2.959851978327303 17.304846561320282 
99.37 88.84 45.0 -1.0 1.087394 21.000512303831677 1.3182931674823608 0.038707702586946884 224.0744426154474 16.0 227.29324516034845 32.0 1.087399444562228 20.947972153177183 
99.37 88.84 45.0 -1.0 1.045 24.444532246870434 7.879336515072576 0.013824179495338172 4386.794670729337 32.0 4386.953675565906 32.0 1.0450018332145798 24.48989981192695 
99.37 88.84 45.0 -1.0 2.09207816446 53.39031846580548 1.0685697614468224 0.027648358990676344 336.1874611909858 32.0 336.7298868254726 32.0 2.092080345998208 53.43250868056789 
99.37 88.84 45.0 -1.0 9.585563467335172 160.17095539741644 6.439926164566273 0.0884747487701643 485.27778403955546 8.0 485.3257431160858 8.0 9.58555877635566 160.0951301754894 
191.39 88.43 45.0 -1.0 2.959849608372 17.277458227652236 1.9051448136078133 0.029030776940210157 481.764222965321 16.0 500.5573823217409 32.0 2.959851978327303 17.304846561320282 
99.37 88.84 45.0 -1.0 1.087394 21.000512303831677 1.3182931674823608 0.038707702586946884 224.0744426154474 16.0 227.29324516034845 32.0 1.087399444562228 20.947972153177183 
99.37 88.84 45.0 -1.0 1.045 24.444532246870434 7.879336515072576 0.013824179495338172 4386.794670729337 32.0 4386.953675565906 32.0 1.0450018332145798 24.48989981192695 
99.37 88.84 45.0 -1.0 2.09207816446 53.39031846580548 1.0685697614468224 0.027648358990676344 336.1874611909858 32.0 336.7298868254726 32.0 2.092080345998208 53.43250868056789 
99.37 88.84 45.0 -1.0 9.585563467335172 160.17095539741644 6.439926164566273 0.0884747487701643 485.27778403955546 8.0 485.3257431160858 8.0 9.58555877635566 160.0951301754894 
