180.01 88.43 47.0 -1.0 0.005351387335979491 39.03680752074264 0.33779472650745396 0.04423737438508214 -0.2668738806158288 2.0 -1.0 -1.0 -1.0 -1.0 
180.01 88.43 47.0 -1.0 0.3196884093622468 111.15644991795132 0.06611226376675329 0.04976704618321741 0.34047444854176556 16.0 -1.0 -1.0 -1.0 -1.0 
180.01 88.43 47.0 -1.0 0.90079341918 43.80311108112154 0.12885788864793857 0.04700221028414978 4.32320032745207 8.0 -1.0 -1.0 -1.0 -1.0 
180.01 88.43 47.0 -1.0 1.780054548894 51.69485959912596 0.027799974940797726 0.05529671798135269 0.3714801989122069 2.0 -1.0 -1.0 -1.0 -1.0 
180.01 88.43 47.0 -1.0 1.2649434 18.69016084660056 0.023863699619569044 0.019353851293473442 1.4436345221965183 2.0 -1.0 -1.0 -1.0 -1.0 
180.01 88.43 47.0 -1.0 2.599027796987762 0.0 5.176919443896122 0.031795612839277794 753.9045181774922 16.0 -1.0 -1.0 -1.0 -1.0 
180.01 88.43 47.0 -1.0 0.07979869669243513 52.08554021882915 1.4521657905065417 0.02350110514207489 112.67695069296083 32.0 114.8463547347207 32.0 0.07980058095805968 55.25407147649634 
180.01 88.43 47.0 -1.0 0.005351387335979491 39.03680752074264 0.33779472650745396 0.04423737438508214 -0.2668738806158288 2.0 -1.0 -1.0 -1.0 -1.0 
180.01 88.43 47.0 -1.0 0.3196884093622468 111.15644991795132 0.06611226376675329 0.04976704618321741 0.34047444854176556 16.0 -1.0 -1.0 -1.0 -1.0 
180.01 88.43 47.0 -1.0 0.90079341918 43.80311108112154 0.12885788864793857 0.04700221028414978 4.32320032745207 8.0 -1.0 -1.0 -1.0 -1.0 
180.01 88.43 47.0 -1.0 1.780054548894 51.69485959912596 0.027799974940797726 0.05529671798135269 0.3714801989122069 2.0 -1.0 -1.0 -1.0 -1.0 
180.01 88.43 47.0 -1.0 1.2649434 18.69016084660056 0.023863699619569044 0.019353851293473442 1.4436345221965183 2.0 -1.0 -1.0 -1.0 -1.0 
180.01 88.43 47.0 -1.0 2.599027796987762 0.0 5.176919443896122 0.031795612839277794 753.9045181774922 16.0 -1.0 -1.0 -1.0 -1.0 
180.01 88.43 47.0 -1.0 0.07979869669243513 52.08554021882915 1.4521657905065417 0.02350110514207489 112.67695069296083 32.0 114.8463547347207 32.0 0.07980058095805968 55.25407147649634 
180.01 88.43 47.0 -1.0 0.005351387335979491 39.03680752074264 0.33779472650745396 0.04423737438508214 -0.2668738806158288 2.0 -1.0 -1.0 -1.0 -1.0 
180.01 88.43 47.0 -1.0 0.3196884093622468 111.15644991795132 0.06611226376675329 0.04976704618321741 0.34047444854176556 16.0 -1.0 -1.0 -1.0 -1.0 
180.01 88.43 47.0 -1.0 0.90079341918 43.80311108112154 0.12885788864793857 0.04700221028414978 4.32320032745207 8.0 -1.0 -1.0 -1.0 -1.0 
180.01 88.43 47.0 -1.0 1.780054548894 51.69485959912596 0.027799974940797726 0.05529671798135269 0.3714801989122069 2.0 -1.0 -1.0 -1.0 -1.0 
180.01 88.43 47.0 -1.0 1.2649434 18.69016084660056 0.023863699619569044 0.019353851293473442 1.4436345221965183 2.0 -1.0 -1.0 -1.0 -1.0 
180.01 88.43 47.0 -1.0 2.599027796987762 0.0 5.176919443896122 0.031795612839277794 753.9045181774922 16.0 -1.0 -1.0 -1.0 -1.0 
180.01 88.43 47.0 -1.0 0.07979869669243513 52.08554021882915 1.4521657905065417 0.02350110514207489 112.67695069296083 32.0 114.8463547347207 32.0 0.07980058095805968 55.25407147649634 
180.01 88.43 47.0 -1.0 0.005351387335979491 39.03680752074264 0.33779472650745396 0.04423737438508214 -0.2668738806158288 2.0 -1.0 -1.0 -1.0 -1.0 
180.01 88.43 47.0 -1.0 0.3196884093622468 111.15644991795132 0.06611226376675329 0.04976704618321741 0.34047444854176556 16.0 -1.0 -1.0 -1.0 -1.0 
180.01 88.43 47.0 -1.0 0.90079341918 43.80311108112154 0.12885788864793857 0.04700221028414978 4.32320032745207 8.0 -1.0 -1.0 -1.0 -1.0 
180.01 88.43 47.0 -1.0 1.780054548894 51.69485959912596 0.027799974940797726 0.05529671798135269 0.3714801989122069 2.0 -1.0 -1.0 -1.0 -1.0 
180.01 88.43 47.0 -1.0 1.2649434 18.69016084660056 0.023863699619569044 0.019353851293473442 1.4436345221965183 2.0 -1.0 -1.0 -1.0 -1.0 
180.01 88.43 47.0 -1.0 2.599027796987762 0.0 5.176919443896122 0.031795612839277794 753.9045181774922 16.0 -1.0 -1.0 -1.0 -1.0 
180.01 88.43 47.0 -1.0 0.07979869669243513 52.08554021882915 1.4521657905065417 0.02350110514207489 112.67695069296083 32.0 114.8463547347207 32.0 0.07980058095805968 55.25407147649634 
180.01 88.43 47.0 -1.0 0.005351387335979491 39.03680752074264 0.33779472650745396 0.04423737438508214 -0.2668738806158288 2.0 -1.0 -1.0 -1.0 -1.0 
180.01 88.43 47.0 -1.0 0.3196884093622468 111.15644991795132 0.06611226376675329 0.04976704618321741 0.34047444854176556 16.0 -1.0 -1.0 -1.0 -1.0 
180.01 88.43 47.0 -1.0 0.90079341918 43.80311108112154 0.12885788864793857 0.04700221028414978 4.32320032745207 8.0 -1.0 -1.0 -1.0 -1.0 
180.01 88.43 47.0 -1.0 1.780054548894 51.69485959912596 0.027799974940797726 0.05529671798135269 0.3714801989122069 2.0 -1.0 -1.0 -1.0 -1.0 
180.01 88.43 47.0 -1.0 1.2649434 18.69016084660056 0.023863699619569044 0.019353851293473442 1.4436345221965183 2.0 -1.0 -1.0 -1.0 -1.0 
180.01 88.43 47.0 -1.0 2.599027796987762 0.0 5.176919443896122 0.031795612839277794 753.9045181774922 16.0 -1.0 -1.0 -1.0 -1.0 
180.01 88.43 47.0 -1.0 0.07979869669243513 52.08554021882915 1.4521657905065417 0.02350110514207489 112.67695069296083 32.0 114.8463547347207 32.0 0.07980058095805968 55.25407147649634 
180.01 88.43 47.0 -1.0 0.005351387335979491 39.03680752074264 0.33779472650745396 0.04423737438508214 -0.2668738806158288 2.0 -1.0 -1.0 -1.0 -1.0 
180.01 88.43 47.0 -1.0 0.3196884093622468 111.15644991795132 0.06611226376675329 0.04976704618321741 0.34047444854176556 16.0 -1.0 -1.0 -1.0 -1.0 
180.01 88.43 47.0 -1.0 0.90079341918 43.80311108112154 0.12885788864793857 0.04700221028414978 4.32320032745207 8.0 -1.0 -1.0 -1.0 -1.0 
180.01 88.43 47.0 -1.0 1.780054548894 51.69485959912596 0.027799974940797726 0.05529671798135269 0.3714801989122069 2.0 -1.0 -1.0 -1.0 -1.0 
180.01 88.43 47.0 -1.0 1.2649434 18.69016084660056 0.023863699619569044 0.019353851293473442 1.4436345221965183 2.0 -1.0 -1.0 -1.0 -1.0 
180.01 88.43 47.0 -1.0 2.599027796987762 0.0 5.176919443896122 0.031795612839277794 753.9045181774922 16.0 -1.0 -1.0 -1.0 -1.0 
180.01 88.43 47.0 -1.0 0.07979869669243513 52.08554021882915 1.4521657905065417 0.02350110514207489 112.67695069296083 32.0 114.8463547347207 32.0 0.07980058095805968 55.25407147649634 
180.01 88.43 47.0 -1.0 0.005351387335979491 39.03680752074264 0.33779472650745396 0.04423737438508214 -0.2668738806158288 2.0 -1.0 -1.0 -1.0 -1.0 
180.01 88.43 47.0 -1.0 0.3196884093622468 111.15644991795132 0.06611226376675329 0.04976704618321741 0.34047444854176556 16.0 -1.0 -1.0 -1.0 -1.0 
180.01 88.43 47.0 -1.0 0.90079341918 43.80311108112154 0.12885788864793857 0.04700221028414978 4.32320032745207 8.0 -1.0 -1.0 -1.0 -1.0 
180.01 88.43 47.0 -1.0 1.780054548894 51.69485959912596 0.027799974940797726 0.05529671798135269 0.3714801989122069 2.0 -1.0 -1.0 -1.0 -1.0 
180.01 88.43 47.0 -1.0 1.2649434 18.69016084660056 0.023863699619569044 0.019353851293473442 1.4436345221965183 2.0 -1.0 -1.0 -1.0 -1.0 
180.01 88.43 47.0 -1.0 2.599027796987762 0.0 5.176919443896122 0.031795612839277794 753.9045181774922 16.0 -1.0 -1.0 -1.0 -1.0 
180.01 88.43 47.0 -1.0 0.07979869669243513 52.08554021882915 1.4521657905065417 0.02350110514207489 112.67695069296083 32.0 114.8463547347207 32.0 0.07980058095805968 55.25407147649634 
180.01 88.43 47.0 -1.0 0.005351387335979491 39.03680752074264 0.33779472650745396 0.04423737438508214 -0.2668738806158288 2.0 -1.0 -1.0 -1.0 -1.0 
180.01 88.43 47.0 -1.0 0.3196884093622468 111.15644991795132 0.06611226376675329 0.04976704618321741 0.34047444854176556 16.0 -1.0 -1.0 -1.0 -1.0 
180.01 88.43 47.0 -1.0 0.90079341918 43.80311108112154 0.12885788864793857 0.04700221028414978 4.32320032745207 8.0 -1.0 -1.0 -1.0 -1.0 
180.01 88.43 47.0 -1.0 1.780054548894 51.69485959912596 0.027799974940797726 0.05529671798135269 0.3714801989122069 2.0 -1.0 -1.0 -1.0 -1.0 
180.01 88.43 47.0 -1.0 1.2649434 18.69016084660056 0.023863699619569044 0.019353851293473442 1.4436345221965183 2.0 -1.0 -1.0 -1.0 -1.0 
180.01 88.43 47.0 -1.0 2.599027796987762 0.0 5.176919443896122 0.031795612839277794 753.9045181774922 16.0 -1.0 -1.0 -1.0 -1.0 
180.01 88.43 47.0 -1.0 0.07979869669243513 52.08554021882915 1.4521657905065417 0.02350110514207489 112.67695069296083 32.0 114.8463547347207 32.0 0.07980058095805968 55.25407147649634 
180.01 88.43 47.0 -1.0 0.005351387335979491 39.03680752074264 0.33779472650745396 0.04423737438508214 -0.2668738806158288 2.0 -1.0 -1.0 -1.0 -1.0 
180.01 88.43 47.0 -1.0 0.3196884093622468 111.15644991795132 0.06611226376675329 0.04976704618321741 0.34047444854176556 16.0 -1.0 -1.0 -1.0 -1.0 
180.01 88.43 47.0 -1.0 0.90079341918 43.80311108112154 0.12885788864793857 0.04700221028414978 4.32320032745207 8.0 -1.0 -1.0 -1.0 -1.0 
180.01 88.43 47.0 -1.0 1.780054548894 51.69485959912596 0.027799974940797726 0.05529671798135269 0.3714801989122069 2.0 -1.0 -1.0 -1.0 -1.0 
180.01 88.43 47.0 -1.0 1.2649434 18.69016084660056 0.023863699619569044 0.019353851293473442 1.4436345221965183 2.0 -1.0 -1.0 -1.0 -1.0 
180.01 88.43 47.0 -1.0 2.599027796987762 0.0 5.176919443896122 0.031795612839277794 753.9045181774922 16.0 -1.0 -1.0 -1.0 -1.0 
180.01 88.43 47.0 -1.0 0.07979869669243513 52.08554021882915 1.4521657905065417 0.02350110514207489 112.67695069296083 32.0 114.8463547347207 32.0 0.07980058095805968 55.25407147649634 
180.01 88.43 47.0 -1.0 0.005351387335979491 39.03680752074264 0.33779472650745396 0.04423737438508214 -0.2668738806158288 2.0 -1.0 -1.0 -1.0 -1.0 
180.01 88.43 47.0 -1.0 0.3196884093622468 111.15644991795132 0.06611226376675329 0.04976704618321741 0.34047444854176556 16.0 -1.0 -1.0 -1.0 -1.0 
180.01 88.43 47.0 -1.0 0.90079341918 43.80311108112154 0.12885788864793857 0.04700221028414978 4.32320032745207 8.0 -1.0 -1.0 -1.0 -1.0 
180.01 88.43 47.0 -1.0 1.780054548894 51.69485959912596 0.027799974940797726 0.05529671798135269 0.3714801989122069 2.0 -1.0 -1.0 -1.0 -1.0 
180.01 88.43 47.0 -1.0 1.2649434 18.69016084660056 0.023863699619569044 0.019353851293473442 1.4436345221965183 2.0 -1.0 -1.0 -1.0 -1.0 
180.01 88.43 47.0 -1.0 2.599027796987762 0.0 5.176919443896122 0.031795612839277794 753.9045181774922 16.0 -1.0 -1.0 -1.0 -1.0 
180.01 88.43 47.0 -1.0 0.07979869669243513 52.08554021882915 1.4521657905065417 0.02350110514207489 112.67695069296083 32.0 114.8463547347207 32.0 0.07980058095805968 55.25407147649634 
