105.23 14.25 4.0 -1.0 238.004053174088 55.69304725693092 0.2117544682851715 0.015206597444871989 1.4163169759543919 2.0 -1.0 -1.0 -1.0 -1.0 
105.23 14.25 4.0 -1.0 36.65016488379 112.15503204995358 0.44870942982718154 0.03732528463741307 2.593322698393916 4.0 -1.0 -1.0 -1.0 -1.0 
105.23 14.25 4.0 -1.0 1.56682392 36.030215976870494 0.03533090934950551 0.024883523091608708 -0.794765131911585 32.0 -1.0 -1.0 -1.0 -1.0 
105.23 14.25 4.0 -1.0 10.964912 42.10848411931003 0.17271248479812762 0.04423737438508214 1.3519355990225597 1.0 -1.0 -1.0 -1.0 -1.0 
105.23 14.25 4.0 -1.0 1.792264113565 72.06043195374099 0.053477711904832144 0.011059343596270537 1.8808085848091605 1.0 -1.0 -1.0 -1.0 -1.0 
105.23 14.25 4.0 -1.0 0.5854 0.0 0.1212574332188648 0.016589015394405805 1.5394468564046435 1.0 -1.0 -1.0 -1.0 -1.0 
105.23 14.25 4.0 -1.0 0.5972490425223961 244.08274359940927 0.3973378303427719 0.048384628233683606 2.9598002548256694 8.0 -1.0 -1.0 -1.0 -1.0 
105.23 14.25 4.0 -1.0 194.174757 128.96180962453036 1.9450415935534653 0.016589015394405805 22.30821586913105 1.0 22.30821524544459 1.0 194.17493604123595 128.92616677849145 
105.23 14.25 4.0 -1.0 218.39623714185 122.04137179970463 2.8421393302273996 0.04700221028414978 20.778747739279066 1.0 20.778747814891577 1.0 218.39611387501162 122.04470732720621 
105.23 14.25 4.0 -1.0 3.797142580957 366.1241153991139 8.536761127287498 0.019353851293473442 214.93683499493412 32.0 214.93683975412281 32.0 3.797140379901976 366.03292404851146 
105.56 14.25 4.0 -1.0 0.0104677403416664 60.63277350771938 0.944925436086635 0.006912089747669086 2.522585612928619 32.0 -1.0 -1.0 -1.0 -1.0 
105.56 14.25 4.0 -1.0 9.67407040428252 5.086032529107677 0.0681527443185034 0.09538683851783337 1.0149860422634551 2.0 -1.0 -1.0 -1.0 -1.0 
105.56 14.25 4.0 -1.0 3.23207912775 81.01323242792942 0.18557815499596547 0.07603298722435994 0.4169932790108641 1.0 -1.0 -1.0 -1.0 -1.0 
105.56 14.25 4.0 -1.0 0.35829128584 95.87171317367971 0.7222472028860831 0.008294507697202903 26.14938508635688 32.0 26.303719840248874 32.0 0.35828027951841557 95.63204678624366 
105.56 14.25 4.0 -1.0 8.906044769672528 0.0 0.013665123510300801 0.10644618211410392 0.7672581261134912 1.0 -1.0 -1.0 -1.0 -1.0 
105.56 14.25 4.0 -1.0 6.7900504626 121.08390299654205 0.07648712885325885 0.016589015394405805 0.9767691710165343 16.0 -1.0 -1.0 -1.0 -1.0 
105.56 14.25 4.0 -1.0 0.017353646892825852 363.25170898962614 0.5643846033609969 0.011059343596270537 5.583903492246519 32.0 -1.0 -1.0 -1.0 -1.0 
105.56 14.25 4.0 -1.0 0.0010232434930748456 111.85638683658955 1.44117218517521 0.026265941041142528 2.4516983738477274 1.0 -1.0 -1.0 -1.0 -1.0 
105.56 14.25 4.0 -1.0 0.8163375015165671 85.77230572302304 1.5679042306102804 0.12165277955897592 2.7681557916490234 2.0 -1.0 -1.0 -1.0 -1.0 
105.56 14.25 4.0 -1.0 0.14908171143636184 242.1678059930841 3.1897039414008974 0.052531882082285056 14.13738528090534 16.0 14.204505973253266 16.0 0.14909649811064205 242.67264359091251 
15.55 65.72 4.0 -1.0 0.55574214058 127.01644221676695 0.11689791918721565 0.013824179495338172 1.9960641682030145 32.0 -1.0 -1.0 -1.0 -1.0 
15.55 65.72 4.0 -1.0 3.432398403432 64.31807501803378 0.1791535104909166 0.022118687192541075 2.059307091654058 16.0 -1.0 -1.0 -1.0 -1.0 
15.55 65.72 4.0 -1.0 0.24264927139670706 26.33331422346793 0.4651218659150892 0.011059343596270537 8.807937444532008 32.0 8.829219574411306 32.0 0.24265318643301728 26.109066741641126 
15.55 65.72 4.0 -1.0 1.1352471998508 0.0 0.2598013863049036 0.035942866687879244 1.6102551422777616 8.0 -1.0 -1.0 -1.0 -1.0 
15.55 65.72 4.0 -1.0 489.80251232402696 174.14471489448138 0.08472133669971818 0.016589015394405805 0.6387594613449762 1.0 -1.0 -1.0 -1.0 -1.0 
15.55 65.72 4.0 -1.0 1.651523 53.241363479590916 1.3874400330185561 0.0483846282336836 10.736889539629718 8.0 10.807261322697949 8.0 1.6515211124594014 53.63490454678217 
15.55 65.72 4.0 -1.0 402.0937023406 76.17851614646081 2.329360591175076 0.03456044873834543 11.444387128163843 1.0 -1.0 -1.0 -1.0 -1.0 
15.55 65.72 4.0 -1.0 13.344893925125824 82.55285014499867 1.1137935036185476 0.08570991287109667 870.1991367005517 8.0 882.5538776434271 16.0 13.34489449315394 82.5775134154231 
15.55 65.72 4.0 -1.0 0.0012994527848856662 348.28942978896276 1.669637776112179 0.01520659744487199 2.359946376091031 32.0 -1.0 -1.0 -1.0 -1.0 
15.55 65.72 4.0 -1.0 2.2241 522.4341446834442 1.8391894313143864 0.012441761545804354 59.47292634172535 32.0 59.86281777992356 32.0 2.224108660205578 522.3837306990368 
16.57 66.12 4.0 -1.0 0.873469 92.85307040994529 0.0640885842747449 0.02764835899067634 0.5911454248915243 1.0 -1.0 -1.0 -1.0 -1.0 
16.57 66.12 4.0 -1.0 0.480458905198 65.22133132107892 0.0918536269531778 0.012441761545804354 0.2983132982277894 1.0 -1.0 -1.0 -1.0 -1.0 
16.57 66.12 4.0 -1.0 34.56285133892 17.152532377805727 0.17535751903771574 0.017971433343939622 1.4379044126922753 8.0 -1.0 -1.0 -1.0 -1.0 
16.57 66.12 4.0 -1.0 2.398082 72.6766873393957 0.01130069908101975 0.009676925646736723 1.1860430814222405 32.0 -1.0 -1.0 -1.0 -1.0 
16.57 66.12 4.0 -1.0 181.488203 347.5342882384589 0.31264357272238175 0.006912089747669085 1.9137340398308693 1.0 -1.0 -1.0 -1.0 -1.0 
16.57 66.12 4.0 -1.0 1.347066944066 521.3014323576883 0.13164729537922268 0.019353851293473442 2.5750620224342398 8.0 -1.0 -1.0 -1.0 -1.0 
16.57 66.12 4.0 -1.0 123.1102871305625 170.69115806971413 4.434704499077834 0.013824179495338172 51.400467535502614 2.0 51.400466702800635 2.0 123.11017295966546 170.7209131517387 
16.57 66.12 4.0 -1.0 224.818628 56.566862097018884 1.0223531986197696 0.030413194889743984 6.179986027949545 1.0 -1.0 -1.0 -1.0 -1.0 
16.57 66.12 4.0 -1.0 89.12656 0.0 1.1681718877884386 0.07188573337575849 5.70128817892228 4.0 -1.0 -1.0 -1.0 -1.0 
16.57 66.12 4.0 -1.0 0.15115125752518713 173.76714411922944 3.7312743763296683 0.038707702586946884 23.525843535563908 32.0 23.848830202941375 32.0 0.15115801943466067 175.07242427534555 
105.23 14.25 4.0 -1.0 238.004053174088 55.69304725693092 0.2117544682851715 0.015206597444871989 1.4163169759543919 2.0 -1.0 -1.0 -1.0 -1.0 
105.23 14.25 4.0 -1.0 36.65016488379 112.15503204995358 0.44870942982718154 0.03732528463741307 2.593322698393916 4.0 -1.0 -1.0 -1.0 -1.0 
105.23 14.25 4.0 -1.0 1.56682392 36.030215976870494 0.03533090934950551 0.024883523091608708 -0.794765131911585 32.0 -1.0 -1.0 -1.0 -1.0 
105.23 14.25 4.0 -1.0 10.964912 42.10848411931003 0.17271248479812762 0.04423737438508214 1.3519355990225597 1.0 -1.0 -1.0 -1.0 -1.0 
105.23 14.25 4.0 -1.0 1.792264113565 72.06043195374099 0.053477711904832144 0.011059343596270537 1.8808085848091605 1.0 -1.0 -1.0 -1.0 -1.0 
105.23 14.25 4.0 -1.0 0.5854 0.0 0.1212574332188648 0.016589015394405805 1.5394468564046435 1.0 -1.0 -1.0 -1.0 -1.0 
105.23 14.25 4.0 -1.0 0.5972490425223961 244.08274359940927 0.3973378303427719 0.048384628233683606 2.9598002548256694 8.0 -1.0 -1.0 -1.0 -1.0 
105.23 14.25 4.0 -1.0 194.174757 128.96180962453036 1.9450415935534653 0.016589015394405805 22.30821586913105 1.0 22.30821524544459 1.0 194.17493604123595 128.92616677849145 
105.23 14.25 4.0 -1.0 218.39623714185 122.04137179970463 2.8421393302273996 0.04700221028414978 20.778747739279066 1.0 20.778747814891577 1.0 218.39611387501162 122.04470732720621 
105.23 14.25 4.0 -1.0 3.797142580957 366.1241153991139 8.536761127287498 0.019353851293473442 214.93683499493412 32.0 214.93683975412281 32.0 3.797140379901976 366.03292404851146 
105.56 14.25 4.0 -1.0 0.0104677403416664 60.63277350771938 0.944925436086635 0.006912089747669086 2.522585612928619 32.0 -1.0 -1.0 -1.0 -1.0 
105.56 14.25 4.0 -1.0 9.67407040428252 5.086032529107677 0.0681527443185034 0.09538683851783337 1.0149860422634551 2.0 -1.0 -1.0 -1.0 -1.0 
105.56 14.25 4.0 -1.0 3.23207912775 81.01323242792942 0.18557815499596547 0.07603298722435994 0.4169932790108641 1.0 -1.0 -1.0 -1.0 -1.0 
105.56 14.25 4.0 -1.0 0.35829128584 95.87171317367971 0.7222472028860831 0.008294507697202903 26.14938508635688 32.0 26.303719840248874 32.0 0.35828027951841557 95.63204678624366 
105.56 14.25 4.0 -1.0 8.906044769672528 0.0 0.013665123510300801 0.10644618211410392 0.7672581261134912 1.0 -1.0 -1.0 -1.0 -1.0 
105.56 14.25 4.0 -1.0 6.7900504626 121.08390299654205 0.07648712885325885 0.016589015394405805 0.9767691710165343 16.0 -1.0 -1.0 -1.0 -1.0 
105.56 14.25 4.0 -1.0 0.017353646892825852 363.25170898962614 0.5643846033609969 0.011059343596270537 5.583903492246519 32.0 -1.0 -1.0 -1.0 -1.0 
105.56 14.25 4.0 -1.0 0.0010232434930748456 111.85638683658955 1.44117218517521 0.026265941041142528 2.4516983738477274 1.0 -1.0 -1.0 -1.0 -1.0 
105.56 14.25 4.0 -1.0 0.8163375015165671 85.77230572302304 1.5679042306102804 0.12165277955897592 2.7681557916490234 2.0 -1.0 -1.0 -1.0 -1.0 
105.56 14.25 4.0 -1.0 0.14908171143636184 242.1678059930841 3.1897039414008974 0.052531882082285056 14.13738528090534 16.0 14.204505973253266 16.0 0.14909649811064205 242.67264359091251 
15.55 65.72 4.0 -1.0 0.55574214058 127.01644221676695 0.11689791918721565 0.013824179495338172 1.9960641682030145 32.0 -1.0 -1.0 -1.0 -1.0 
15.55 65.72 4.0 -1.0 3.432398403432 64.31807501803378 0.1791535104909166 0.022118687192541075 2.059307091654058 16.0 -1.0 -1.0 -1.0 -1.0 
15.55 65.72 4.0 -1.0 0.24264927139670706 26.33331422346793 0.4651218659150892 0.011059343596270537 8.807937444532008 32.0 8.829219574411306 32.0 0.24265318643301728 26.109066741641126 
15.55 65.72 4.0 -1.0 1.1352471998508 0.0 0.2598013863049036 0.035942866687879244 1.6102551422777616 8.0 -1.0 -1.0 -1.0 -1.0 
15.55 65.72 4.0 -1.0 489.80251232402696 174.14471489448138 0.08472133669971818 0.016589015394405805 0.6387594613449762 1.0 -1.0 -1.0 -1.0 -1.0 
15.55 65.72 4.0 -1.0 1.651523 53.241363479590916 1.3874400330185561 0.0483846282336836 10.736889539629718 8.0 10.807261322697949 8.0 1.6515211124594014 53.63490454678217 
15.55 65.72 4.0 -1.0 402.0937023406 76.17851614646081 2.329360591175076 0.03456044873834543 11.444387128163843 1.0 -1.0 -1.0 -1.0 -1.0 
15.55 65.72 4.0 -1.0 13.344893925125824 82.55285014499867 1.1137935036185476 0.08570991287109667 870.1991367005517 8.0 882.5538776434271 16.0 13.34489449315394 82.5775134154231 
15.55 65.72 4.0 -1.0 0.0012994527848856662 348.28942978896276 1.669637776112179 0.01520659744487199 2.359946376091031 32.0 -1.0 -1.0 -1.0 -1.0 
15.55 65.72 4.0 -1.0 2.2241 522.4341446834442 1.8391894313143864 0.012441761545804354 59.47292634172535 32.0 59.86281777992356 32.0 2.224108660205578 522.3837306990368 
16.57 66.12 4.0 -1.0 0.873469 92.85307040994529 0.0640885842747449 0.02764835899067634 0.5911454248915243 1.0 -1.0 -1.0 -1.0 -1.0 
16.57 66.12 4.0 -1.0 0.480458905198 65.22133132107892 0.0918536269531778 0.012441761545804354 0.2983132982277894 1.0 -1.0 -1.0 -1.0 -1.0 
16.57 66.12 4.0 -1.0 34.56285133892 17.152532377805727 0.17535751903771574 0.017971433343939622 1.4379044126922753 8.0 -1.0 -1.0 -1.0 -1.0 
16.57 66.12 4.0 -1.0 2.398082 72.6766873393957 0.01130069908101975 0.009676925646736723 1.1860430814222405 32.0 -1.0 -1.0 -1.0 -1.0 
16.57 66.12 4.0 -1.0 181.488203 347.5342882384589 0.31264357272238175 0.006912089747669085 1.9137340398308693 1.0 -1.0 -1.0 -1.0 -1.0 
16.57 66.12 4.0 -1.0 1.347066944066 521.3014323576883 0.13164729537922268 0.019353851293473442 2.5750620224342398 8.0 -1.0 -1.0 -1.0 -1.0 
16.57 66.12 4.0 -1.0 123.1102871305625 170.69115806971413 4.434704499077834 0.013824179495338172 51.400467535502614 2.0 51.400466702800635 2.0 123.11017295966546 170.7209131517387 
16.57 66.12 4.0 -1.0 224.818628 56.566862097018884 1.0223531986197696 0.030413194889743984 6.179986027949545 1.0 -1.0 -1.0 -1.0 -1.0 
16.57 66.12 4.0 -1.0 89.12656 0.0 1.1681718877884386 0.07188573337575849 5.70128817892228 4.0 -1.0 -1.0 -1.0 -1.0 
16.57 66.12 4.0 -1.0 0.15115125752518713 173.76714411922944 3.7312743763296683 0.038707702586946884 23.525843535563908 32.0 23.848830202941375 32.0 0.15115801943466067 175.07242427534555 
105.23 14.25 4.0 -1.0 238.004053174088 55.69304725693092 0.2117544682851715 0.015206597444871989 1.4163169759543919 2.0 -1.0 -1.0 -1.0 -1.0 
105.23 14.25 4.0 -1.0 36.65016488379 112.15503204995358 0.44870942982718154 0.03732528463741307 2.593322698393916 4.0 -1.0 -1.0 -1.0 -1.0 
105.23 14.25 4.0 -1.0 1.56682392 36.030215976870494 0.03533090934950551 0.024883523091608708 -0.794765131911585 32.0 -1.0 -1.0 -1.0 -1.0 
105.23 14.25 4.0 -1.0 10.964912 42.10848411931003 0.17271248479812762 0.04423737438508214 1.3519355990225597 1.0 -1.0 -1.0 -1.0 -1.0 
105.23 14.25 4.0 -1.0 1.792264113565 72.06043195374099 0.053477711904832144 0.011059343596270537 1.8808085848091605 1.0 -1.0 -1.0 -1.0 -1.0 
105.23 14.25 4.0 -1.0 0.5854 0.0 0.1212574332188648 0.016589015394405805 1.5394468564046435 1.0 -1.0 -1.0 -1.0 -1.0 
105.23 14.25 4.0 -1.0 0.5972490425223961 244.08274359940927 0.3973378303427719 0.048384628233683606 2.9598002548256694 8.0 -1.0 -1.0 -1.0 -1.0 
105.23 14.25 4.0 -1.0 194.174757 128.96180962453036 1.9450415935534653 0.016589015394405805 22.30821586913105 1.0 22.30821524544459 1.0 194.17493604123595 128.92616677849145 
105.23 14.25 4.0 -1.0 218.39623714185 122.04137179970463 2.8421393302273996 0.04700221028414978 20.778747739279066 1.0 20.778747814891577 1.0 218.39611387501162 122.04470732720621 
105.23 14.25 4.0 -1.0 3.797142580957 366.1241153991139 8.536761127287498 0.019353851293473442 214.93683499493412 32.0 214.93683975412281 32.0 3.797140379901976 366.03292404851146 
105.56 14.25 4.0 -1.0 0.0104677403416664 60.63277350771938 0.944925436086635 0.006912089747669086 2.522585612928619 32.0 -1.0 -1.0 -1.0 -1.0 
105.56 14.25 4.0 -1.0 9.67407040428252 5.086032529107677 0.0681527443185034 0.09538683851783337 1.0149860422634551 2.0 -1.0 -1.0 -1.0 -1.0 
105.56 14.25 4.0 -1.0 3.23207912775 81.01323242792942 0.18557815499596547 0.07603298722435994 0.4169932790108641 1.0 -1.0 -1.0 -1.0 -1.0 
105.56 14.25 4.0 -1.0 0.35829128584 95.87171317367971 0.7222472028860831 0.008294507697202903 26.14938508635688 32.0 26.303719840248874 32.0 0.35828027951841557 95.63204678624366 
105.56 14.25 4.0 -1.0 8.906044769672528 0.0 0.013665123510300801 0.10644618211410392 0.7672581261134912 1.0 -1.0 -1.0 -1.0 -1.0 
105.56 14.25 4.0 -1.0 6.7900504626 121.08390299654205 0.07648712885325885 0.016589015394405805 0.9767691710165343 16.0 -1.0 -1.0 -1.0 -1.0 
105.56 14.25 4.0 -1.0 0.017353646892825852 363.25170898962614 0.5643846033609969 0.011059343596270537 5.583903492246519 32.0 -1.0 -1.0 -1.0 -1.0 
105.56 14.25 4.0 -1.0 0.0010232434930748456 111.85638683658955 1.44117218517521 0.026265941041142528 2.4516983738477274 1.0 -1.0 -1.0 -1.0 -1.0 
105.56 14.25 4.0 -1.0 0.8163375015165671 85.77230572302304 1.5679042306102804 0.12165277955897592 2.7681557916490234 2.0 -1.0 -1.0 -1.0 -1.0 
105.56 14.25 4.0 -1.0 0.14908171143636184 242.1678059930841 3.1897039414008974 0.052531882082285056 14.13738528090534 16.0 14.204505973253266 16.0 0.14909649811064205 242.67264359091251 
15.55 65.72 4.0 -1.0 0.55574214058 127.01644221676695 0.11689791918721565 0.013824179495338172 1.9960641682030145 32.0 -1.0 -1.0 -1.0 -1.0 
15.55 65.72 4.0 -1.0 3.432398403432 64.31807501803378 0.1791535104909166 0.022118687192541075 2.059307091654058 16.0 -1.0 -1.0 -1.0 -1.0 
15.55 65.72 4.0 -1.0 0.24264927139670706 26.33331422346793 0.4651218659150892 0.011059343596270537 8.807937444532008 32.0 8.829219574411306 32.0 0.24265318643301728 26.109066741641126 
15.55 65.72 4.0 -1.0 1.1352471998508 0.0 0.2598013863049036 0.035942866687879244 1.6102551422777616 8.0 -1.0 -1.0 -1.0 -1.0 
15.55 65.72 4.0 -1.0 489.80251232402696 174.14471489448138 0.08472133669971818 0.016589015394405805 0.6387594613449762 1.0 -1.0 -1.0 -1.0 -1.0 
15.55 65.72 4.0 -1.0 1.651523 53.241363479590916 1.3874400330185561 0.0483846282336836 10.736889539629718 8.0 10.807261322697949 8.0 1.6515211124594014 53.63490454678217 
15.55 65.72 4.0 -1.0 402.0937023406 76.17851614646081 2.329360591175076 0.03456044873834543 11.444387128163843 1.0 -1.0 -1.0 -1.0 -1.0 
15.55 65.72 4.0 -1.0 13.344893925125824 82.55285014499867 1.1137935036185476 0.08570991287109667 870.1991367005517 8.0 882.5538776434271 16.0 13.34489449315394 82.5775134154231 
15.55 65.72 4.0 -1.0 0.0012994527848856662 348.28942978896276 1.669637776112179 0.01520659744487199 2.359946376091031 32.0 -1.0 -1.0 -1.0 -1.0 
15.55 65.72 4.0 -1.0 2.2241 522.4341446834442 1.8391894313143864 0.012441761545804354 59.47292634172535 32.0 59.86281777992356 32.0 2.224108660205578 522.3837306990368 
16.57 66.12 4.0 -1.0 0.873469 92.85307040994529 0.0640885842747449 0.02764835899067634 0.5911454248915243 1.0 -1.0 -1.0 -1.0 -1.0 
16.57 66.12 4.0 -1.0 0.480458905198 65.22133132107892 0.0918536269531778 0.012441761545804354 0.2983132982277894 1.0 -1.0 -1.0 -1.0 -1.0 
16.57 66.12 4.0 -1.0 34.56285133892 17.152532377805727 0.17535751903771574 0.017971433343939622 1.4379044126922753 8.0 -1.0 -1.0 -1.0 -1.0 
16.57 66.12 4.0 -1.0 2.398082 72.6766873393957 0.01130069908101975 0.009676925646736723 1.1860430814222405 32.0 -1.0 -1.0 -1.0 -1.0 
16.57 66.12 4.0 -1.0 181.488203 347.5342882384589 0.31264357272238175 0.006912089747669085 1.9137340398308693 1.0 -1.0 -1.0 -1.0 -1.0 
16.57 66.12 4.0 -1.0 1.347066944066 521.3014323576883 0.13164729537922268 0.019353851293473442 2.5750620224342398 8.0 -1.0 -1.0 -1.0 -1.0 
16.57 66.12 4.0 -1.0 123.1102871305625 170.69115806971413 4.434704499077834 0.013824179495338172 51.400467535502614 2.0 51.400466702800635 2.0 123.11017295966546 170.7209131517387 
16.57 66.12 4.0 -1.0 224.818628 56.566862097018884 1.0223531986197696 0.030413194889743984 6.179986027949545 1.0 -1.0 -1.0 -1.0 -1.0 
16.57 66.12 4.0 -1.0 89.12656 0.0 1.1681718877884386 0.07188573337575849 5.70128817892228 4.0 -1.0 -1.0 -1.0 -1.0 
16.57 66.12 4.0 -1.0 0.15115125752518713 173.76714411922944 3.7312743763296683 0.038707702586946884 23.525843535563908 32.0 23.848830202941375 32.0 0.15115801943466067 175.07242427534555 
105.23 14.25 4.0 -1.0 238.004053174088 55.69304725693092 0.2117544682851715 0.015206597444871989 1.4163169759543919 2.0 -1.0 -1.0 -1.0 -1.0 
105.23 14.25 4.0 -1.0 36.65016488379 112.15503204995358 0.44870942982718154 0.03732528463741307 2.593322698393916 4.0 -1.0 -1.0 -1.0 -1.0 
105.23 14.25 4.0 -1.0 1.56682392 36.030215976870494 0.03533090934950551 0.024883523091608708 -0.794765131911585 32.0 -1.0 -1.0 -1.0 -1.0 
105.23 14.25 4.0 -1.0 10.964912 42.10848411931003 0.17271248479812762 0.04423737438508214 1.3519355990225597 1.0 -1.0 -1.0 -1.0 -1.0 
105.23 14.25 4.0 -1.0 1.792264113565 72.06043195374099 0.053477711904832144 0.011059343596270537 1.8808085848091605 1.0 -1.0 -1.0 -1.0 -1.0 
105.23 14.25 4.0 -1.0 0.5854 0.0 0.1212574332188648 0.016589015394405805 1.5394468564046435 1.0 -1.0 -1.0 -1.0 -1.0 
105.23 14.25 4.0 -1.0 0.5972490425223961 244.08274359940927 0.3973378303427719 0.048384628233683606 2.9598002548256694 8.0 -1.0 -1.0 -1.0 -1.0 
105.23 14.25 4.0 -1.0 194.174757 128.96180962453036 1.9450415935534653 0.016589015394405805 22.30821586913105 1.0 22.30821524544459 1.0 194.17493604123595 128.92616677849145 
105.23 14.25 4.0 -1.0 218.39623714185 122.04137179970463 2.8421393302273996 0.04700221028414978 20.778747739279066 1.0 20.778747814891577 1.0 218.39611387501162 122.04470732720621 
105.23 14.25 4.0 -1.0 3.797142580957 366.1241153991139 8.536761127287498 0.019353851293473442 214.93683499493412 32.0 214.93683975412281 32.0 3.797140379901976 366.03292404851146 
105.56 14.25 4.0 -1.0 0.0104677403416664 60.63277350771938 0.944925436086635 0.006912089747669086 2.522585612928619 32.0 -1.0 -1.0 -1.0 -1.0 
105.56 14.25 4.0 -1.0 9.67407040428252 5.086032529107677 0.0681527443185034 0.09538683851783337 1.0149860422634551 2.0 -1.0 -1.0 -1.0 -1.0 
105.56 14.25 4.0 -1.0 3.23207912775 81.01323242792942 0.18557815499596547 0.07603298722435994 0.4169932790108641 1.0 -1.0 -1.0 -1.0 -1.0 
105.56 14.25 4.0 -1.0 0.35829128584 95.87171317367971 0.7222472028860831 0.008294507697202903 26.14938508635688 32.0 26.303719840248874 32.0 0.35828027951841557 95.63204678624366 
105.56 14.25 4.0 -1.0 8.906044769672528 0.0 0.013665123510300801 0.10644618211410392 0.7672581261134912 1.0 -1.0 -1.0 -1.0 -1.0 
105.56 14.25 4.0 -1.0 6.7900504626 121.08390299654205 0.07648712885325885 0.016589015394405805 0.9767691710165343 16.0 -1.0 -1.0 -1.0 -1.0 
105.56 14.25 4.0 -1.0 0.017353646892825852 363.25170898962614 0.5643846033609969 0.011059343596270537 5.583903492246519 32.0 -1.0 -1.0 -1.0 -1.0 
105.56 14.25 4.0 -1.0 0.0010232434930748456 111.85638683658955 1.44117218517521 0.026265941041142528 2.4516983738477274 1.0 -1.0 -1.0 -1.0 -1.0 
105.56 14.25 4.0 -1.0 0.8163375015165671 85.77230572302304 1.5679042306102804 0.12165277955897592 2.7681557916490234 2.0 -1.0 -1.0 -1.0 -1.0 
105.56 14.25 4.0 -1.0 0.14908171143636184 242.1678059930841 3.1897039414008974 0.052531882082285056 14.13738528090534 16.0 14.204505973253266 16.0 0.14909649811064205 242.67264359091251 
15.55 65.72 4.0 -1.0 0.55574214058 127.01644221676695 0.11689791918721565 0.013824179495338172 1.9960641682030145 32.0 -1.0 -1.0 -1.0 -1.0 
15.55 65.72 4.0 -1.0 3.432398403432 64.31807501803378 0.1791535104909166 0.022118687192541075 2.059307091654058 16.0 -1.0 -1.0 -1.0 -1.0 
15.55 65.72 4.0 -1.0 0.24264927139670706 26.33331422346793 0.4651218659150892 0.011059343596270537 8.807937444532008 32.0 8.829219574411306 32.0 0.24265318643301728 26.109066741641126 
15.55 65.72 4.0 -1.0 1.1352471998508 0.0 0.2598013863049036 0.035942866687879244 1.6102551422777616 8.0 -1.0 -1.0 -1.0 -1.0 
15.55 65.72 4.0 -1.0 489.80251232402696 174.14471489448138 0.08472133669971818 0.016589015394405805 0.6387594613449762 1.0 -1.0 -1.0 -1.0 -1.0 
15.55 65.72 4.0 -1.0 1.651523 53.241363479590916 1.3874400330185561 0.0483846282336836 10.736889539629718 8.0 10.807261322697949 8.0 1.6515211124594014 53.63490454678217 
15.55 65.72 4.0 -1.0 402.0937023406 76.17851614646081 2.329360591175076 0.03456044873834543 11.444387128163843 1.0 -1.0 -1.0 -1.0 -1.0 
15.55 65.72 4.0 -1.0 13.344893925125824 82.55285014499867 1.1137935036185476 0.08570991287109667 870.1991367005517 8.0 882.5538776434271 16.0 13.34489449315394 82.5775134154231 
15.55 65.72 4.0 -1.0 0.0012994527848856662 348.28942978896276 1.669637776112179 0.01520659744487199 2.359946376091031 32.0 -1.0 -1.0 -1.0 -1.0 
15.55 65.72 4.0 -1.0 2.2241 522.4341446834442 1.8391894313143864 0.012441761545804354 59.47292634172535 32.0 59.86281777992356 32.0 2.224108660205578 522.3837306990368 
16.57 66.12 4.0 -1.0 0.873469 92.85307040994529 0.0640885842747449 0.02764835899067634 0.5911454248915243 1.0 -1.0 -1.0 -1.0 -1.0 
16.57 66.12 4.0 -1.0 0.480458905198 65.22133132107892 0.0918536269531778 0.012441761545804354 0.2983132982277894 1.0 -1.0 -1.0 -1.0 -1.0 
16.57 66.12 4.0 -1.0 34.56285133892 17.152532377805727 0.17535751903771574 0.017971433343939622 1.4379044126922753 8.0 -1.0 -1.0 -1.0 -1.0 
16.57 66.12 4.0 -1.0 2.398082 72.6766873393957 0.01130069908101975 0.009676925646736723 1.1860430814222405 32.0 -1.0 -1.0 -1.0 -1.0 
16.57 66.12 4.0 -1.0 181.488203 347.5342882384589 0.31264357272238175 0.006912089747669085 1.9137340398308693 1.0 -1.0 -1.0 -1.0 -1.0 
16.57 66.12 4.0 -1.0 1.347066944066 521.3014323576883 0.13164729537922268 0.019353851293473442 2.5750620224342398 8.0 -1.0 -1.0 -1.0 -1.0 
16.57 66.12 4.0 -1.0 123.1102871305625 170.69115806971413 4.434704499077834 0.013824179495338172 51.400467535502614 2.0 51.400466702800635 2.0 123.11017295966546 170.7209131517387 
16.57 66.12 4.0 -1.0 224.818628 56.566862097018884 1.0223531986197696 0.030413194889743984 6.179986027949545 1.0 -1.0 -1.0 -1.0 -1.0 
16.57 66.12 4.0 -1.0 89.12656 0.0 1.1681718877884386 0.07188573337575849 5.70128817892228 4.0 -1.0 -1.0 -1.0 -1.0 
16.57 66.12 4.0 -1.0 0.15115125752518713 173.76714411922944 3.7312743763296683 0.038707702586946884 23.525843535563908 32.0 23.848830202941375 32.0 0.15115801943466067 175.07242427534555 
105.23 14.25 4.0 -1.0 238.004053174088 55.69304725693092 0.2117544682851715 0.015206597444871989 1.4163169759543919 2.0 -1.0 -1.0 -1.0 -1.0 
105.23 14.25 4.0 -1.0 36.65016488379 112.15503204995358 0.44870942982718154 0.03732528463741307 2.593322698393916 4.0 -1.0 -1.0 -1.0 -1.0 
105.23 14.25 4.0 -1.0 1.56682392 36.030215976870494 0.03533090934950551 0.024883523091608708 -0.794765131911585 32.0 -1.0 -1.0 -1.0 -1.0 
105.23 14.25 4.0 -1.0 10.964912 42.10848411931003 0.17271248479812762 0.04423737438508214 1.3519355990225597 1.0 -1.0 -1.0 -1.0 -1.0 
105.23 14.25 4.0 -1.0 1.792264113565 72.06043195374099 0.053477711904832144 0.011059343596270537 1.8808085848091605 1.0 -1.0 -1.0 -1.0 -1.0 
105.23 14.25 4.0 -1.0 0.5854 0.0 0.1212574332188648 0.016589015394405805 1.5394468564046435 1.0 -1.0 -1.0 -1.0 -1.0 
105.23 14.25 4.0 -1.0 0.5972490425223961 244.08274359940927 0.3973378303427719 0.048384628233683606 2.9598002548256694 8.0 -1.0 -1.0 -1.0 -1.0 
105.23 14.25 4.0 -1.0 194.174757 128.96180962453036 1.9450415935534653 0.016589015394405805 22.30821586913105 1.0 22.30821524544459 1.0 194.17493604123595 128.92616677849145 
105.23 14.25 4.0 -1.0 218.39623714185 122.04137179970463 2.8421393302273996 0.04700221028414978 20.778747739279066 1.0 20.778747814891577 1.0 218.39611387501162 122.04470732720621 
105.23 14.25 4.0 -1.0 3.797142580957 366.1241153991139 8.536761127287498 0.019353851293473442 214.93683499493412 32.0 214.93683975412281 32.0 3.797140379901976 366.03292404851146 
105.56 14.25 4.0 -1.0 0.0104677403416664 60.63277350771938 0.944925436086635 0.006912089747669086 2.522585612928619 32.0 -1.0 -1.0 -1.0 -1.0 
105.56 14.25 4.0 -1.0 9.67407040428252 5.086032529107677 0.0681527443185034 0.09538683851783337 1.0149860422634551 2.0 -1.0 -1.0 -1.0 -1.0 
105.56 14.25 4.0 -1.0 3.23207912775 81.01323242792942 0.18557815499596547 0.07603298722435994 0.4169932790108641 1.0 -1.0 -1.0 -1.0 -1.0 
105.56 14.25 4.0 -1.0 0.35829128584 95.87171317367971 0.7222472028860831 0.008294507697202903 26.14938508635688 32.0 26.303719840248874 32.0 0.35828027951841557 95.63204678624366 
105.56 14.25 4.0 -1.0 8.906044769672528 0.0 0.013665123510300801 0.10644618211410392 0.7672581261134912 1.0 -1.0 -1.0 -1.0 -1.0 
105.56 14.25 4.0 -1.0 6.7900504626 121.08390299654205 0.07648712885325885 0.016589015394405805 0.9767691710165343 16.0 -1.0 -1.0 -1.0 -1.0 
105.56 14.25 4.0 -1.0 0.017353646892825852 363.25170898962614 0.5643846033609969 0.011059343596270537 5.583903492246519 32.0 -1.0 -1.0 -1.0 -1.0 
105.56 14.25 4.0 -1.0 0.0010232434930748456 111.85638683658955 1.44117218517521 0.026265941041142528 2.4516983738477274 1.0 -1.0 -1.0 -1.0 -1.0 
105.56 14.25 4.0 -1.0 0.8163375015165671 85.77230572302304 1.5679042306102804 0.12165277955897592 2.7681557916490234 2.0 -1.0 -1.0 -1.0 -1.0 
105.56 14.25 4.0 -1.0 0.14908171143636184 242.1678059930841 3.1897039414008974 0.052531882082285056 14.13738528090534 16.0 14.204505973253266 16.0 0.14909649811064205 242.67264359091251 
15.55 65.72 4.0 -1.0 0.55574214058 127.01644221676695 0.11689791918721565 0.013824179495338172 1.9960641682030145 32.0 -1.0 -1.0 -1.0 -1.0 
15.55 65.72 4.0 -1.0 3.432398403432 64.31807501803378 0.1791535104909166 0.022118687192541075 2.059307091654058 16.0 -1.0 -1.0 -1.0 -1.0 
15.55 65.72 4.0 -1.0 0.24264927139670706 26.33331422346793 0.4651218659150892 0.011059343596270537 8.807937444532008 32.0 8.829219574411306 32.0 0.24265318643301728 26.109066741641126 
15.55 65.72 4.0 -1.0 1.1352471998508 0.0 0.2598013863049036 0.035942866687879244 1.6102551422777616 8.0 -1.0 -1.0 -1.0 -1.0 
15.55 65.72 4.0 -1.0 489.80251232402696 174.14471489448138 0.08472133669971818 0.016589015394405805 0.6387594613449762 1.0 -1.0 -1.0 -1.0 -1.0 
15.55 65.72 4.0 -1.0 1.651523 53.241363479590916 1.3874400330185561 0.0483846282336836 10.736889539629718 8.0 10.807261322697949 8.0 1.6515211124594014 53.63490454678217 
15.55 65.72 4.0 -1.0 402.0937023406 76.17851614646081 2.329360591175076 0.03456044873834543 11.444387128163843 1.0 -1.0 -1.0 -1.0 -1.0 
15.55 65.72 4.0 -1.0 13.344893925125824 82.55285014499867 1.1137935036185476 0.08570991287109667 870.1991367005517 8.0 882.5538776434271 16.0 13.34489449315394 82.5775134154231 
15.55 65.72 4.0 -1.0 0.0012994527848856662 348.28942978896276 1.669637776112179 0.01520659744487199 2.359946376091031 32.0 -1.0 -1.0 -1.0 -1.0 
15.55 65.72 4.0 -1.0 2.2241 522.4341446834442 1.8391894313143864 0.012441761545804354 59.47292634172535 32.0 59.86281777992356 32.0 2.224108660205578 522.3837306990368 
16.57 66.12 4.0 -1.0 0.873469 92.85307040994529 0.0640885842747449 0.02764835899067634 0.5911454248915243 1.0 -1.0 -1.0 -1.0 -1.0 
16.57 66.12 4.0 -1.0 0.480458905198 65.22133132107892 0.0918536269531778 0.012441761545804354 0.2983132982277894 1.0 -1.0 -1.0 -1.0 -1.0 
16.57 66.12 4.0 -1.0 34.56285133892 17.152532377805727 0.17535751903771574 0.017971433343939622 1.4379044126922753 8.0 -1.0 -1.0 -1.0 -1.0 
16.57 66.12 4.0 -1.0 2.398082 72.6766873393957 0.01130069908101975 0.009676925646736723 1.1860430814222405 32.0 -1.0 -1.0 -1.0 -1.0 
16.57 66.12 4.0 -1.0 181.488203 347.5342882384589 0.31264357272238175 0.006912089747669085 1.9137340398308693 1.0 -1.0 -1.0 -1.0 -1.0 
16.57 66.12 4.0 -1.0 1.347066944066 521.3014323576883 0.13164729537922268 0.019353851293473442 2.5750620224342398 8.0 -1.0 -1.0 -1.0 -1.0 
16.57 66.12 4.0 -1.0 123.1102871305625 170.69115806971413 4.434704499077834 0.013824179495338172 51.400467535502614 2.0 51.400466702800635 2.0 123.11017295966546 170.7209131517387 
16.57 66.12 4.0 -1.0 224.818628 56.566862097018884 1.0223531986197696 0.030413194889743984 6.179986027949545 1.0 -1.0 -1.0 -1.0 -1.0 
16.57 66.12 4.0 -1.0 89.12656 0.0 1.1681718877884386 0.07188573337575849 5.70128817892228 4.0 -1.0 -1.0 -1.0 -1.0 
16.57 66.12 4.0 -1.0 0.15115125752518713 173.76714411922944 3.7312743763296683 0.038707702586946884 23.525843535563908 32.0 23.848830202941375 32.0 0.15115801943466067 175.07242427534555 
105.23 14.25 4.0 -1.0 238.004053174088 55.69304725693092 0.2117544682851715 0.015206597444871989 1.4163169759543919 2.0 -1.0 -1.0 -1.0 -1.0 
105.23 14.25 4.0 -1.0 36.65016488379 112.15503204995358 0.44870942982718154 0.03732528463741307 2.593322698393916 4.0 -1.0 -1.0 -1.0 -1.0 
105.23 14.25 4.0 -1.0 1.56682392 36.030215976870494 0.03533090934950551 0.024883523091608708 -0.794765131911585 32.0 -1.0 -1.0 -1.0 -1.0 
105.23 14.25 4.0 -1.0 10.964912 42.10848411931003 0.17271248479812762 0.04423737438508214 1.3519355990225597 1.0 -1.0 -1.0 -1.0 -1.0 
105.23 14.25 4.0 -1.0 1.792264113565 72.06043195374099 0.053477711904832144 0.011059343596270537 1.8808085848091605 1.0 -1.0 -1.0 -1.0 -1.0 
105.23 14.25 4.0 -1.0 0.5854 0.0 0.1212574332188648 0.016589015394405805 1.5394468564046435 1.0 -1.0 -1.0 -1.0 -1.0 
105.23 14.25 4.0 -1.0 0.5972490425223961 244.08274359940927 0.3973378303427719 0.048384628233683606 2.9598002548256694 8.0 -1.0 -1.0 -1.0 -1.0 
105.23 14.25 4.0 -1.0 194.174757 128.96180962453036 1.9450415935534653 0.016589015394405805 22.30821586913105 1.0 22.30821524544459 1.0 194.17493604123595 128.92616677849145 
105.23 14.25 4.0 -1.0 218.39623714185 122.04137179970463 2.8421393302273996 0.04700221028414978 20.778747739279066 1.0 20.778747814891577 1.0 218.39611387501162 122.04470732720621 
105.23 14.25 4.0 -1.0 3.797142580957 366.1241153991139 8.536761127287498 0.019353851293473442 214.93683499493412 32.0 214.93683975412281 32.0 3.797140379901976 366.03292404851146 
105.56 14.25 4.0 -1.0 0.0104677403416664 60.63277350771938 0.944925436086635 0.006912089747669086 2.522585612928619 32.0 -1.0 -1.0 -1.0 -1.0 
105.56 14.25 4.0 -1.0 9.67407040428252 5.086032529107677 0.0681527443185034 0.09538683851783337 1.0149860422634551 2.0 -1.0 -1.0 -1.0 -1.0 
105.56 14.25 4.0 -1.0 3.23207912775 81.01323242792942 0.18557815499596547 0.07603298722435994 0.4169932790108641 1.0 -1.0 -1.0 -1.0 -1.0 
105.56 14.25 4.0 -1.0 0.35829128584 95.87171317367971 0.7222472028860831 0.008294507697202903 26.14938508635688 32.0 26.303719840248874 32.0 0.35828027951841557 95.63204678624366 
105.56 14.25 4.0 -1.0 8.906044769672528 0.0 0.013665123510300801 0.10644618211410392 0.7672581261134912 1.0 -1.0 -1.0 -1.0 -1.0 
105.56 14.25 4.0 -1.0 6.7900504626 121.08390299654205 0.07648712885325885 0.016589015394405805 0.9767691710165343 16.0 -1.0 -1.0 -1.0 -1.0 
105.56 14.25 4.0 -1.0 0.017353646892825852 363.25170898962614 0.5643846033609969 0.011059343596270537 5.583903492246519 32.0 -1.0 -1.0 -1.0 -1.0 
105.56 14.25 4.0 -1.0 0.0010232434930748456 111.85638683658955 1.44117218517521 0.026265941041142528 2.4516983738477274 1.0 -1.0 -1.0 -1.0 -1.0 
105.56 14.25 4.0 -1.0 0.8163375015165671 85.77230572302304 1.5679042306102804 0.12165277955897592 2.7681557916490234 2.0 -1.0 -1.0 -1.0 -1.0 
105.56 14.25 4.0 -1.0 0.14908171143636184 242.1678059930841 3.1897039414008974 0.052531882082285056 14.13738528090534 16.0 14.204505973253266 16.0 0.14909649811064205 242.67264359091251 
15.55 65.72 4.0 -1.0 0.55574214058 127.01644221676695 0.11689791918721565 0.013824179495338172 1.9960641682030145 32.0 -1.0 -1.0 -1.0 -1.0 
15.55 65.72 4.0 -1.0 3.432398403432 64.31807501803378 0.1791535104909166 0.022118687192541075 2.059307091654058 16.0 -1.0 -1.0 -1.0 -1.0 
15.55 65.72 4.0 -1.0 0.24264927139670706 26.33331422346793 0.4651218659150892 0.011059343596270537 8.807937444532008 32.0 8.829219574411306 32.0 0.24265318643301728 26.109066741641126 
15.55 65.72 4.0 -1.0 1.1352471998508 0.0 0.2598013863049036 0.035942866687879244 1.6102551422777616 8.0 -1.0 -1.0 -1.0 -1.0 
15.55 65.72 4.0 -1.0 489.80251232402696 174.14471489448138 0.08472133669971818 0.016589015394405805 0.6387594613449762 1.0 -1.0 -1.0 -1.0 -1.0 
15.55 65.72 4.0 -1.0 1.651523 53.241363479590916 1.3874400330185561 0.0483846282336836 10.736889539629718 8.0 10.807261322697949 8.0 1.6515211124594014 53.63490454678217 
15.55 65.72 4.0 -1.0 402.0937023406 76.17851614646081 2.329360591175076 0.03456044873834543 11.444387128163843 1.0 -1.0 -1.0 -1.0 -1.0 
15.55 65.72 4.0 -1.0 13.344893925125824 82.55285014499867 1.1137935036185476 0.08570991287109667 870.1991367005517 8.0 882.5538776434271 16.0 13.34489449315394 82.5775134154231 
15.55 65.72 4.0 -1.0 0.0012994527848856662 348.28942978896276 1.669637776112179 0.01520659744487199 2.359946376091031 32.0 -1.0 -1.0 -1.0 -1.0 
15.55 65.72 4.0 -1.0 2.2241 522.4341446834442 1.8391894313143864 0.012441761545804354 59.47292634172535 32.0 59.86281777992356 32.0 2.224108660205578 522.3837306990368 
16.57 66.12 4.0 -1.0 0.873469 92.85307040994529 0.0640885842747449 0.02764835899067634 0.5911454248915243 1.0 -1.0 -1.0 -1.0 -1.0 
16.57 66.12 4.0 -1.0 0.480458905198 65.22133132107892 0.0918536269531778 0.012441761545804354 0.2983132982277894 1.0 -1.0 -1.0 -1.0 -1.0 
16.57 66.12 4.0 -1.0 34.56285133892 17.152532377805727 0.17535751903771574 0.017971433343939622 1.4379044126922753 8.0 -1.0 -1.0 -1.0 -1.0 
16.57 66.12 4.0 -1.0 2.398082 72.6766873393957 0.01130069908101975 0.009676925646736723 1.1860430814222405 32.0 -1.0 -1.0 -1.0 -1.0 
16.57 66.12 4.0 -1.0 181.488203 347.5342882384589 0.31264357272238175 0.006912089747669085 1.9137340398308693 1.0 -1.0 -1.0 -1.0 -1.0 
16.57 66.12 4.0 -1.0 1.347066944066 521.3014323576883 0.13164729537922268 0.019353851293473442 2.5750620224342398 8.0 -1.0 -1.0 -1.0 -1.0 
16.57 66.12 4.0 -1.0 123.1102871305625 170.69115806971413 4.434704499077834 0.013824179495338172 51.400467535502614 2.0 51.400466702800635 2.0 123.11017295966546 170.7209131517387 
16.57 66.12 4.0 -1.0 224.818628 56.566862097018884 1.0223531986197696 0.030413194889743984 6.179986027949545 1.0 -1.0 -1.0 -1.0 -1.0 
16.57 66.12 4.0 -1.0 89.12656 0.0 1.1681718877884386 0.07188573337575849 5.70128817892228 4.0 -1.0 -1.0 -1.0 -1.0 
16.57 66.12 4.0 -1.0 0.15115125752518713 173.76714411922944 3.7312743763296683 0.038707702586946884 23.525843535563908 32.0 23.848830202941375 32.0 0.15115801943466067 175.07242427534555 
