180.01 88.93 55.0 -1.0 3.39287005624701 44.05172789819965 2.6268903444130802 0.1769494975403286 73.33847317969018 4.0 85.14641404118935 8.0 3.3928699849639092 43.91990296849709 
180.01 88.93 55.0 -1.0 0.49696239771468687 157.14349884199012 1.0372933415920544 0.06082638977948796 85.01051654959396 8.0 85.32980820426529 8.0 0.49694790504872804 156.9579942491682 
180.01 88.93 55.0 -1.0 3.39287005624701 44.05172789819965 2.6268903444130802 0.1769494975403286 73.33847317969018 4.0 85.14641404118935 8.0 3.3928699849639092 43.91990296849709 
180.01 88.93 55.0 -1.0 0.49696239771468687 157.14349884199012 1.0372933415920544 0.06082638977948796 85.01051654959396 8.0 85.32980820426529 8.0 0.49694790504872804 156.9579942491682 
180.01 88.93 55.0 -1.0 3.39287005624701 44.05172789819965 2.6268903444130802 0.1769494975403286 73.33847317969018 4.0 85.14641404118935 8.0 3.3928699849639092 43.91990296849709 
180.01 88.93 55.0 -1.0 0.49696239771468687 157.14349884199012 1.0372933415920544 0.06082638977948796 85.01051654959396 8.0 85.32980820426529 8.0 0.49694790504872804 156.9579942491682 
180.01 88.93 55.0 -1.0 3.39287005624701 44.05172789819965 2.6268903444130802 0.1769494975403286 73.33847317969018 4.0 85.14641404118935 8.0 3.3928699849639092 43.91990296849709 
180.01 88.93 55.0 -1.0 0.49696239771468687 157.14349884199012 1.0372933415920544 0.06082638977948796 85.01051654959396 8.0 85.32980820426529 8.0 0.49694790504872804 156.9579942491682 
180.01 88.93 55.0 -1.0 3.39287005624701 44.05172789819965 2.6268903444130802 0.1769494975403286 73.33847317969018 4.0 85.14641404118935 8.0 3.3928699849639092 43.91990296849709 
180.01 88.93 55.0 -1.0 0.49696239771468687 157.14349884199012 1.0372933415920544 0.06082638977948796 85.01051654959396 8.0 85.32980820426529 8.0 0.49694790504872804 156.9579942491682 
180.01 88.93 55.0 -1.0 3.39287005624701 44.05172789819965 2.6268903444130802 0.1769494975403286 73.33847317969018 4.0 85.14641404118935 8.0 3.3928699849639092 43.91990296849709 
180.01 88.93 55.0 -1.0 0.49696239771468687 157.14349884199012 1.0372933415920544 0.06082638977948796 85.01051654959396 8.0 85.32980820426529 8.0 0.49694790504872804 156.9579942491682 
180.01 88.93 55.0 -1.0 3.39287005624701 44.05172789819965 2.6268903444130802 0.1769494975403286 73.33847317969018 4.0 85.14641404118935 8.0 3.3928699849639092 43.91990296849709 
180.01 88.93 55.0 -1.0 0.49696239771468687 157.14349884199012 1.0372933415920544 0.06082638977948796 85.01051654959396 8.0 85.32980820426529 8.0 0.49694790504872804 156.9579942491682 
180.01 88.93 55.0 -1.0 3.39287005624701 44.05172789819965 2.6268903444130802 0.1769494975403286 73.33847317969018 4.0 85.14641404118935 8.0 3.3928699849639092 43.91990296849709 
180.01 88.93 55.0 -1.0 0.49696239771468687 157.14349884199012 1.0372933415920544 0.06082638977948796 85.01051654959396 8.0 85.32980820426529 8.0 0.49694790504872804 156.9579942491682 
