39.78 88.22 57.0 -1.0 2.171539 77.46211375832675 4.048188493154516 0.10091651031596865 314.68848196589397 8.0 325.3558348607131 16.0 2.1715398664431027 77.51761676006629 
39.78 88.22 57.0 -1.0 1.17555097079 92.13914583885182 7.247463195990202 0.013824179495338172 5031.6206921251405 32.0 5032.1615626778885 32.0 1.175552218531569 92.19131706060104 
39.78 88.22 57.0 -1.0 0.001450974111856316 87.04711430071046 1.0575537029719833 0.027648358990676344 7.474196016709253 1.0 -1.0 -1.0 -1.0 -1.0 
39.78 88.22 57.0 -1.0 3.151527962212 55.46320626348078 4.536967586757926 0.013824179495338172 2100.751253464103 32.0 2100.910487174682 32.0 3.151527986725948 55.45646734271061 
39.78 88.22 57.0 -1.0 2.171539 77.46211375832675 4.048188493154516 0.10091651031596865 314.68848196589397 8.0 325.3558348607131 16.0 2.1715398664431027 77.51761676006629 
39.78 88.22 57.0 -1.0 1.17555097079 92.13914583885182 7.247463195990202 0.013824179495338172 5031.6206921251405 32.0 5032.1615626778885 32.0 1.175552218531569 92.19131706060104 
39.78 88.22 57.0 -1.0 0.001450974111856316 87.04711430071046 1.0575537029719833 0.027648358990676344 7.474196016709253 1.0 -1.0 -1.0 -1.0 -1.0 
39.78 88.22 57.0 -1.0 3.151527962212 55.46320626348078 4.536967586757926 0.013824179495338172 2100.751253464103 32.0 2100.910487174682 32.0 3.151527986725948 55.45646734271061 
39.78 88.22 57.0 -1.0 2.171539 77.46211375832675 4.048188493154516 0.10091651031596865 314.68848196589397 8.0 325.3558348607131 16.0 2.1715398664431027 77.51761676006629 
39.78 88.22 57.0 -1.0 1.17555097079 92.13914583885182 7.247463195990202 0.013824179495338172 5031.6206921251405 32.0 5032.1615626778885 32.0 1.175552218531569 92.19131706060104 
39.78 88.22 57.0 -1.0 0.001450974111856316 87.04711430071046 1.0575537029719833 0.027648358990676344 7.474196016709253 1.0 -1.0 -1.0 -1.0 -1.0 
39.78 88.22 57.0 -1.0 3.151527962212 55.46320626348078 4.536967586757926 0.013824179495338172 2100.751253464103 32.0 2100.910487174682 32.0 3.151527986725948 55.45646734271061 
