
290.06 79.77 5.0 -1.0 3.65354515394 59.93251914724516 0.3102767079536638 0.027648358990676344 17.628967066076864 16.0 17.62896606823536 16.0 3.65354632473706 59.9091763994246 
290.06 79.77 5.0 -1.0 0.008280703354665122 145.16186977708915 0.011068898637285399 0.06497364362808941 0.7262196064773595 8.0 -1.0 -1.0 -1.0 -1.0 
290.06 79.77 5.0 -1.0 2.84799157894 73.056069676754 0.2897651852687188 0.017971433343939622 25.956607353836716 16.0 25.96999018477776 32.0 2.8479917091317475 73.16610563645945 
290.06 79.77 5.0 -1.0 0.325733 66.09288743575368 0.03783186800653004 0.016589015394405805 2.034248219484203 16.0 -1.0 -1.0 -1.0 -1.0 
290.06 79.77 5.0 -1.0 1.603391 111.47645168886169 0.1668484714189128 0.04009012053648069 4.169275565304638 8.0 -1.0 -1.0 -1.0 -1.0 
290.06 79.77 5.0 -1.0 3.436155481471 54.607732727656675 0.06426593021149962 0.02350110514207489 1.7147110503025695 32.0 -1.0 -1.0 -1.0 -1.0 
290.06 79.77 5.0 -1.0 1.0772101343087 109.21546545531335 0.35649644673769115 0.016589015394405805 34.6233287309376 32.0 35.04364803705249 32.0 1.0772131039023711 109.29376775570705 
290.06 79.77 5.0 -1.0 0.05399492486453078 163.82319818297003 0.12708971653659945 0.04009012053648069 1.6923945042669124 1.0 -1.0 -1.0 -1.0 -1.0 
290.06 79.77 5.0 -1.0 1.6208005921 46.8908884088069 1.6433178481118873 0.011059343596270537 301.4965551704356 32.0 301.60986571903544 32.0 1.6208029289070207 46.854643028604045 
290.06 79.77 5.0 -1.0 0.663249 0.0 1.0834365445564254 0.027648358990676344 22.729850338096533 32.0 -1.0 -1.0 -1.0 -1.0 
290.06 79.77 5.0 -1.0 3.65354515394 59.93251914724516 0.3102767079536638 0.027648358990676344 17.628967066076864 16.0 17.62896606823536 16.0 3.65354632473706 59.9091763994246 
290.06 79.77 5.0 -1.0 0.008280703354665122 145.16186977708915 0.011068898637285399 0.06497364362808941 0.7262196064773595 8.0 -1.0 -1.0 -1.0 -1.0 
290.06 79.77 5.0 -1.0 2.84799157894 73.056069676754 0.2897651852687188 0.017971433343939622 25.956607353836716 16.0 25.96999018477776 32.0 2.8479917091317475 73.16610563645945 
290.06 79.77 5.0 -1.0 0.325733 66.09288743575368 0.03783186800653004 0.016589015394405805 2.034248219484203 16.0 -1.0 -1.0 -1.0 -1.0 
290.06 79.77 5.0 -1.0 1.603391 111.47645168886169 0.1668484714189128 0.04009012053648069 4.169275565304638 8.0 -1.0 -1.0 -1.0 -1.0 
290.06 79.77 5.0 -1.0 3.436155481471 54.607732727656675 0.06426593021149962 0.02350110514207489 1.7147110503025695 32.0 -1.0 -1.0 -1.0 -1.0 
290.06 79.77 5.0 -1.0 1.0772101343087 109.21546545531335 0.35649644673769115 0.016589015394405805 34.6233287309376 32.0 35.04364803705249 32.0 1.0772131039023711 109.29376775570705 
290.06 79.77 5.0 -1.0 0.05399492486453078 163.82319818297003 0.12708971653659945 0.04009012053648069 1.6923945042669124 1.0 -1.0 -1.0 -1.0 -1.0 
290.06 79.77 5.0 -1.0 1.6208005921 46.8908884088069 1.6433178481118873 0.011059343596270537 301.4965551704356 32.0 301.60986571903544 32.0 1.6208029289070207 46.854643028604045 
290.06 79.77 5.0 -1.0 0.663249 0.0 1.0834365445564254 0.027648358990676344 22.729850338096533 32.0 -1.0 -1.0 -1.0 -1.0 
291.86 79.77 5.0 -1.0 0.01612345029807225 81.64960644179003 1.099269328078719 0.038707702586946884 0.6429088068876212 16.0 -1.0 -1.0 -1.0 -1.0 
291.86 79.77 5.0 -1.0 0.030822335699084488 39.14752431908532 3.8544160923830693 0.05114946413275124 3.651409934853282 16.0 -1.0 -1.0 -1.0 -1.0 
291.86 79.77 5.0 -1.0 0.06001451524461525 110.15508531491041 7.202541156259633 0.009676925646736721 610.0862607126978 32.0 613.9823442004597 32.0 0.06001149207198372 111.21652848474264 
291.86 79.77 5.0 -1.0 0.01612345029807225 81.64960644179003 1.099269328078719 0.038707702586946884 0.6429088068876212 16.0 -1.0 -1.0 -1.0 -1.0 
291.86 79.77 5.0 -1.0 0.030822335699084488 39.14752431908532 3.8544160923830693 0.05114946413275124 3.651409934853282 16.0 -1.0 -1.0 -1.0 -1.0 
291.86 79.77 5.0 -1.0 0.06001451524461525 110.15508531491041 7.202541156259633 0.009676925646736721 610.0862607126978 32.0 613.9823442004597 32.0 0.06001149207198372 111.21652848474264 
299.74 38.74 5.0 -1.0 1.2140327894 82.8710341152489 0.04844718267983436 0.017971433343939622 1.7389251053546617 32.0 -1.0 -1.0 -1.0 -1.0 
299.74 38.74 5.0 -1.0 263.852243 216.9078254414958 0.20189730090554744 0.0483846282336836 0.6642036924683011 1.0 -1.0 -1.0 -1.0 -1.0 
299.74 38.74 5.0 -1.0 1.3475 30.447998682185776 0.020669574344802204 0.02350110514207489 1.1007010957820205 2.0 -1.0 -1.0 -1.0 -1.0 
299.74 38.74 5.0 -1.0 420.8813326052112 68.7676523199097 0.40398071738076446 0.04147253848601452 2.473851079209509 1.0 -1.0 -1.0 -1.0 -1.0 
299.74 38.74 5.0 -1.0 1.7465751271 72.32082990400679 0.15842363796432907 0.038707702586946884 0.8643915669625345 1.0 -1.0 -1.0 -1.0 -1.0 
299.74 38.74 5.0 -1.0 180.831826 0.0 0.03270027877808285 0.052531882082285056 0.7554719397293862 1.0 -1.0 -1.0 -1.0 -1.0 
299.74 38.74 5.0 -1.0 0.010419746251239537 546.5880409751805 0.18455533867962315 0.022118687192541075 1.5078601660831694 4.0 -1.0 -1.0 -1.0 -1.0 
299.74 38.74 5.0 -1.0 2.08696826121 111.40578332907471 3.0370241460997236 0.07188573337575849 22.543353168624687 8.0 23.345536595015304 8.0 2.0869871756682796 111.31772641784977 
299.74 38.74 5.0 -1.0 44.078082058485805 182.19601365839353 1.6320042001547708 0.049767046183217416 15.310449885650693 8.0 15.424588768469956 8.0 44.0781150246039 182.1562795928451 
299.74 38.74 5.0 -1.0 101.7320938393003 364.39202731678705 1.7247401460269538 0.1451538847010508 15.29985174187924 1.0 15.299851803895432 1.0 101.73243936151268 364.41375711879726 
299.74 38.74 5.0 -1.0 1.2140327894 82.8710341152489 0.04844718267983436 0.017971433343939622 1.7389251053546617 32.0 -1.0 -1.0 -1.0 -1.0 
299.74 38.74 5.0 -1.0 263.852243 216.9078254414958 0.20189730090554744 0.0483846282336836 0.6642036924683011 1.0 -1.0 -1.0 -1.0 -1.0 
299.74 38.74 5.0 -1.0 1.3475 30.447998682185776 0.020669574344802204 0.02350110514207489 1.1007010957820205 2.0 -1.0 -1.0 -1.0 -1.0 
299.74 38.74 5.0 -1.0 420.8813326052112 68.7676523199097 0.40398071738076446 0.04147253848601452 2.473851079209509 1.0 -1.0 -1.0 -1.0 -1.0 
299.74 38.74 5.0 -1.0 1.7465751271 72.32082990400679 0.15842363796432907 0.038707702586946884 0.8643915669625345 1.0 -1.0 -1.0 -1.0 -1.0 
299.74 38.74 5.0 -1.0 180.831826 0.0 0.03270027877808285 0.052531882082285056 0.7554719397293862 1.0 -1.0 -1.0 -1.0 -1.0 
299.74 38.74 5.0 -1.0 0.010419746251239537 546.5880409751805 0.18455533867962315 0.022118687192541075 1.5078601660831694 4.0 -1.0 -1.0 -1.0 -1.0 
299.74 38.74 5.0 -1.0 2.08696826121 111.40578332907471 3.0370241460997236 0.07188573337575849 22.543353168624687 8.0 23.345536595015304 8.0 2.0869871756682796 111.31772641784977 
299.74 38.74 5.0 -1.0 44.078082058485805 182.19601365839353 1.6320042001547708 0.049767046183217416 15.310449885650693 8.0 15.424588768469956 8.0 44.0781150246039 182.1562795928451 
299.74 38.74 5.0 -1.0 101.7320938393003 364.39202731678705 1.7247401460269538 0.1451538847010508 15.29985174187924 1.0 15.299851803895432 1.0 101.73243936151268 364.41375711879726 
290.06 79.77 5.0 -1.0 3.65354515394 59.93251914724516 0.3102767079536638 0.027648358990676344 17.628967066076864 16.0 17.62896606823536 16.0 3.65354632473706 59.9091763994246 
290.06 79.77 5.0 -1.0 0.008280703354665122 145.16186977708915 0.011068898637285399 0.06497364362808941 0.7262196064773595 8.0 -1.0 -1.0 -1.0 -1.0 
290.06 79.77 5.0 -1.0 2.84799157894 73.056069676754 0.2897651852687188 0.017971433343939622 25.956607353836716 16.0 25.96999018477776 32.0 2.8479917091317475 73.16610563645945 
290.06 79.77 5.0 -1.0 0.325733 66.09288743575368 0.03783186800653004 0.016589015394405805 2.034248219484203 16.0 -1.0 -1.0 -1.0 -1.0 
290.06 79.77 5.0 -1.0 1.603391 111.47645168886169 0.1668484714189128 0.04009012053648069 4.169275565304638 8.0 -1.0 -1.0 -1.0 -1.0 
290.06 79.77 5.0 -1.0 3.436155481471 54.607732727656675 0.06426593021149962 0.02350110514207489 1.7147110503025695 32.0 -1.0 -1.0 -1.0 -1.0 
290.06 79.77 5.0 -1.0 1.0772101343087 109.21546545531335 0.35649644673769115 0.016589015394405805 34.6233287309376 32.0 35.04364803705249 32.0 1.0772131039023711 109.29376775570705 
290.06 79.77 5.0 -1.0 0.05399492486453078 163.82319818297003 0.12708971653659945 0.04009012053648069 1.6923945042669124 1.0 -1.0 -1.0 -1.0 -1.0 
290.06 79.77 5.0 -1.0 1.6208005921 46.8908884088069 1.6433178481118873 0.011059343596270537 301.4965551704356 32.0 301.60986571903544 32.0 1.6208029289070207 46.854643028604045 
290.06 79.77 5.0 -1.0 0.663249 0.0 1.0834365445564254 0.027648358990676344 22.729850338096533 32.0 -1.0 -1.0 -1.0 -1.0 
291.86 79.77 5.0 -1.0 0.01612345029807225 81.64960644179003 1.099269328078719 0.038707702586946884 0.6429088068876212 16.0 -1.0 -1.0 -1.0 -1.0 
291.86 79.77 5.0 -1.0 0.030822335699084488 39.14752431908532 3.8544160923830693 0.05114946413275124 3.651409934853282 16.0 -1.0 -1.0 -1.0 -1.0 
291.86 79.77 5.0 -1.0 0.06001451524461525 110.15508531491041 7.202541156259633 0.009676925646736721 610.0862607126978 32.0 613.9823442004597 32.0 0.06001149207198372 111.21652848474264 
290.06 79.77 5.0 -1.0 3.65354515394 59.93251914724516 0.3102767079536638 0.027648358990676344 17.628967066076864 16.0 17.62896606823536 16.0 3.65354632473706 59.9091763994246 
290.06 79.77 5.0 -1.0 0.008280703354665122 145.16186977708915 0.011068898637285399 0.06497364362808941 0.7262196064773595 8.0 -1.0 -1.0 -1.0 -1.0 
290.06 79.77 5.0 -1.0 2.84799157894 73.056069676754 0.2897651852687188 0.017971433343939622 25.956607353836716 16.0 25.96999018477776 32.0 2.8479917091317475 73.16610563645945 
290.06 79.77 5.0 -1.0 0.325733 66.09288743575368 0.03783186800653004 0.016589015394405805 2.034248219484203 16.0 -1.0 -1.0 -1.0 -1.0 
290.06 79.77 5.0 -1.0 1.603391 111.47645168886169 0.1668484714189128 0.04009012053648069 4.169275565304638 8.0 -1.0 -1.0 -1.0 -1.0 
290.06 79.77 5.0 -1.0 3.436155481471 54.607732727656675 0.06426593021149962 0.02350110514207489 1.7147110503025695 32.0 -1.0 -1.0 -1.0 -1.0 
290.06 79.77 5.0 -1.0 1.0772101343087 109.21546545531335 0.35649644673769115 0.016589015394405805 34.6233287309376 32.0 35.04364803705249 32.0 1.0772131039023711 109.29376775570705 
290.06 79.77 5.0 -1.0 0.05399492486453078 163.82319818297003 0.12708971653659945 0.04009012053648069 1.6923945042669124 1.0 -1.0 -1.0 -1.0 -1.0 
290.06 79.77 5.0 -1.0 1.6208005921 46.8908884088069 1.6433178481118873 0.011059343596270537 301.4965551704356 32.0 301.60986571903544 32.0 1.6208029289070207 46.854643028604045 
290.06 79.77 5.0 -1.0 0.663249 0.0 1.0834365445564254 0.027648358990676344 22.729850338096533 32.0 -1.0 -1.0 -1.0 -1.0 
291.86 79.77 5.0 -1.0 0.01612345029807225 81.64960644179003 1.099269328078719 0.038707702586946884 0.6429088068876212 16.0 -1.0 -1.0 -1.0 -1.0 
291.86 79.77 5.0 -1.0 0.030822335699084488 39.14752431908532 3.8544160923830693 0.05114946413275124 3.651409934853282 16.0 -1.0 -1.0 -1.0 -1.0 
291.86 79.77 5.0 -1.0 0.06001451524461525 110.15508531491041 7.202541156259633 0.009676925646736721 610.0862607126978 32.0 613.9823442004597 32.0 0.06001149207198372 111.21652848474264 
299.74 38.74 5.0 -1.0 1.2140327894 82.8710341152489 0.048447182679834354 0.017971433343939622 1.7389251053546617 32.0 -1.0 -1.0 -1.0 -1.0 
299.74 38.74 5.0 -1.0 263.852243 216.9078254414958 0.20189730090554744 0.0483846282336836 0.6642036924683011 1.0 -1.0 -1.0 -1.0 -1.0 
299.74 38.74 5.0 -1.0 1.3475 30.447998682185776 0.020669574344802204 0.02350110514207489 1.1007010957820205 2.0 -1.0 -1.0 -1.0 -1.0 
299.74 38.74 5.0 -1.0 420.8813326052112 68.7676523199097 0.4039807173807644 0.04147253848601452 2.473851079209509 1.0 -1.0 -1.0 -1.0 -1.0 
299.74 38.74 5.0 -1.0 1.7465751271 72.32082990400679 0.15842363796432904 0.038707702586946884 0.8643915669625345 1.0 -1.0 -1.0 -1.0 -1.0 
299.74 38.74 5.0 -1.0 180.831826 0.0 0.03270027877808285 0.052531882082285056 0.7554719397293862 1.0 -1.0 -1.0 -1.0 -1.0 
299.74 38.74 5.0 -1.0 0.010419746251239537 546.5880409751805 0.18455533867962318 0.022118687192541075 1.5078601660831694 4.0 -1.0 -1.0 -1.0 -1.0 
299.74 38.74 5.0 -1.0 2.08696826121 111.40578332907471 3.0370241460997236 0.07188573337575849 22.54335316862468 8.0 23.345536595015304 8.0 2.0869871756682796 111.31772641784977 
299.74 38.74 5.0 -1.0 44.0780820584858 182.19601365839353 1.6320042001547708 0.049767046183217416 15.310449885567207 8.0 15.424588768469956 8.0 44.0781150246039 182.1562795928451 
299.74 38.74 5.0 -1.0 101.7320938393003 364.39202731678705 1.7247401460269538 0.1451538847010508 15.29985174187924 1.0 15.299851803895432 1.0 101.73243936151268 364.41375711879726 
299.74 38.74 5.0 -1.0 1.2140327894 82.8710341152489 0.04844718267983436 0.017971433343939622 1.7389251053546617 32.0 -1.0 -1.0 -1.0 -1.0 
299.74 38.74 5.0 -1.0 263.852243 216.9078254414958 0.20189730090554744 0.0483846282336836 0.6642036924683011 1.0 -1.0 -1.0 -1.0 -1.0 
299.74 38.74 5.0 -1.0 1.3475 30.447998682185776 0.020669574344802204 0.02350110514207489 1.1007010957820205 2.0 -1.0 -1.0 -1.0 -1.0 
299.74 38.74 5.0 -1.0 420.8813326052112 68.7676523199097 0.40398071738076446 0.04147253848601452 2.473851079209509 1.0 -1.0 -1.0 -1.0 -1.0 
299.74 38.74 5.0 -1.0 1.7465751271 72.32082990400679 0.15842363796432907 0.038707702586946884 0.8643915669625345 1.0 -1.0 -1.0 -1.0 -1.0 
299.74 38.74 5.0 -1.0 180.831826 0.0 0.03270027877808285 0.052531882082285056 0.7554719397293862 1.0 -1.0 -1.0 -1.0 -1.0 
299.74 38.74 5.0 -1.0 0.010419746251239537 546.5880409751805 0.18455533867962315 0.022118687192541075 1.5078601660831694 4.0 -1.0 -1.0 -1.0 -1.0 
299.74 38.74 5.0 -1.0 2.08696826121 111.40578332907471 3.0370241460997236 0.07188573337575849 22.543353168624687 8.0 23.345536595015304 8.0 2.0869871756682796 111.31772641784977 
299.74 38.74 5.0 -1.0 44.078082058485805 182.19601365839353 1.6320042001547708 0.049767046183217416 15.310449885650693 8.0 15.424588768469956 8.0 44.0781150246039 182.1562795928451 
299.74 38.74 5.0 -1.0 101.7320938393003 364.39202731678705 1.7247401460269538 0.1451538847010508 15.29985174187924 1.0 15.299851803895432 1.0 101.73243936151268 364.41375711879726 
290.06 79.77 5.0 -1.0 3.65354515394 59.93251914724516 0.3102767079536638 0.027648358990676344 17.628967066076864 16.0 17.62896606823536 16.0 3.65354632473706 59.9091763994246 
290.06 79.77 5.0 -1.0 0.008280703354665122 145.16186977708915 0.011068898637285399 0.06497364362808941 0.7262196064773595 8.0 -1.0 -1.0 -1.0 -1.0 
290.06 79.77 5.0 -1.0 2.84799157894 73.056069676754 0.2897651852687188 0.017971433343939622 25.956607353836716 16.0 25.96999018477776 32.0 2.8479917091317475 73.16610563645945 
290.06 79.77 5.0 -1.0 0.325733 66.09288743575368 0.03783186800653004 0.016589015394405805 2.034248219484203 16.0 -1.0 -1.0 -1.0 -1.0 
290.06 79.77 5.0 -1.0 1.603391 111.47645168886169 0.1668484714189128 0.04009012053648069 4.169275565304638 8.0 -1.0 -1.0 -1.0 -1.0 
290.06 79.77 5.0 -1.0 3.436155481471 54.607732727656675 0.06426593021149962 0.02350110514207489 1.7147110503025695 32.0 -1.0 -1.0 -1.0 -1.0 
290.06 79.77 5.0 -1.0 1.0772101343087 109.21546545531335 0.35649644673769115 0.016589015394405805 34.6233287309376 32.0 35.04364803705249 32.0 1.0772131039023711 109.29376775570705 
290.06 79.77 5.0 -1.0 0.05399492486453078 163.82319818297003 0.12708971653659945 0.04009012053648069 1.6923945042669124 1.0 -1.0 -1.0 -1.0 -1.0 
290.06 79.77 5.0 -1.0 1.6208005921 46.8908884088069 1.6433178481118873 0.011059343596270537 301.4965551704356 32.0 301.60986571903544 32.0 1.6208029289070207 46.854643028604045 
290.06 79.77 5.0 -1.0 0.663249 0.0 1.0834365445564254 0.027648358990676344 22.729850338096533 32.0 -1.0 -1.0 -1.0 -1.0 
291.86 79.77 5.0 -1.0 0.01612345029807225 81.64960644179003 1.099269328078719 0.038707702586946884 0.6429088068876212 16.0 -1.0 -1.0 -1.0 -1.0 
291.86 79.77 5.0 -1.0 0.030822335699084488 39.14752431908532 3.8544160923830693 0.05114946413275124 3.651409934853282 16.0 -1.0 -1.0 -1.0 -1.0 
291.86 79.77 5.0 -1.0 0.06001451524461525 110.15508531491041 7.202541156259633 0.009676925646736721 610.0862607126978 32.0 613.9823442004597 32.0 0.06001149207198372 111.21652848474264 
299.74 38.74 5.0 -1.0 1.2140327894 82.8710341152489 0.04844718267983436 0.017971433343939622 1.7389251053546617 32.0 -1.0 -1.0 -1.0 -1.0 
299.74 38.74 5.0 -1.0 263.852243 216.9078254414958 0.20189730090554744 0.0483846282336836 0.6642036924683011 1.0 -1.0 -1.0 -1.0 -1.0 
299.74 38.74 5.0 -1.0 1.3475 30.447998682185776 0.020669574344802204 0.02350110514207489 1.1007010957820205 2.0 -1.0 -1.0 -1.0 -1.0 
299.74 38.74 5.0 -1.0 420.8813326052112 68.7676523199097 0.40398071738076446 0.04147253848601452 2.473851079209509 1.0 -1.0 -1.0 -1.0 -1.0 
299.74 38.74 5.0 -1.0 1.7465751271 72.32082990400679 0.15842363796432907 0.038707702586946884 0.8643915669625345 1.0 -1.0 -1.0 -1.0 -1.0 
299.74 38.74 5.0 -1.0 180.831826 0.0 0.03270027877808285 0.052531882082285056 0.7554719397293862 1.0 -1.0 -1.0 -1.0 -1.0 
299.74 38.74 5.0 -1.0 0.010419746251239537 546.5880409751805 0.18455533867962315 0.022118687192541075 1.5078601660831694 4.0 -1.0 -1.0 -1.0 -1.0 
299.74 38.74 5.0 -1.0 2.08696826121 111.40578332907471 3.0370241460997236 0.07188573337575849 22.543353168624687 8.0 23.345536595015304 8.0 2.0869871756682796 111.31772641784977 
299.74 38.74 5.0 -1.0 44.078082058485805 182.19601365839353 1.6320042001547708 0.049767046183217416 15.310449885650693 8.0 15.424588768469956 8.0 44.0781150246039 182.1562795928451 
299.74 38.74 5.0 -1.0 101.7320938393003 364.39202731678705 1.7247401460269538 0.1451538847010508 15.29985174187924 1.0 15.299851803895432 1.0 101.73243936151268 364.41375711879726 
