112.77 88.36 67.0 -1.0 3.5354509962 112.11332010514391 2.2502730736303422 0.06773847952715704 292.7060250557722 8.0 292.8430148959562 8.0 3.535448437711845 112.12730988270685 
112.77 88.36 67.0 -1.0 5.830224 0.0 8.95354868677502 0.07326815132529231 954.8122248695383 8.0 -1.0 -1.0 -1.0 -1.0 
112.77 88.36 67.0 -1.0 2.586365680859 106.09701757820689 5.710520140181013 0.02073626924300726 2740.8676997685857 32.0 2741.1574080949895 32.0 2.5863603999217353 106.15663182938583 
123.73 88.38 67.0 -1.0 0.45130391517 63.21882509645024 1.7378968754306758 0.01520659744487199 890.6180419925804 32.0 890.8221640060566 32.0 0.45130642926475656 63.349906125067236 
123.73 88.38 67.0 -1.0 1.51972574585 112.86470956522017 2.0884879949607416 0.04147253848601452 430.78441409625594 16.0 446.1875051354264 32.0 1.5197277510499894 112.83569541445681 
123.73 88.38 67.0 -1.0 1.240695 46.96618006914613 6.489051458090829 0.01520659744487199 4975.145885598052 32.0 4975.196198302666 32.0 1.240694776546055 46.955840961711175 
123.73 88.38 67.0 -1.0 0.8351543918 32.79070235752673 8.373215895525812 0.012441761545804354 5544.237634020612 32.0 5544.340329067731 32.0 0.8351510890255062 32.788130326712114 
359.99 88.19 67.0 -1.0 0.623924 64.12076277314475 4.709418621680498 0.03456044873834543 946.4426031493842 16.0 969.3729367321348 32.0 0.6239209445387436 64.05829165681718 
359.99 88.19 67.0 -1.0 1.297656144478 58.13751422465939 1.3599199700975058 0.024883523091608708 447.1548571849592 32.0 447.61780076605646 32.0 1.2976518822445846 58.188811536603296 
359.99 88.19 67.0 -1.0 0.5574661317029487 56.49339210227106 8.685481096141666 0.15483081034778753 512.0483209172676 4.0 539.1897884021867 8.0 0.557489935696746 58.188811536603296 
