
289.23 78.88 6.0 -1.0 6.456229971471407 40.8543356616449 2.355251037203052 0.011059343596270537 345.1496890712363 32.0 345.2165853091089 32.0 6.456230039475487 40.883964975283 
289.23 78.88 6.0 -1.0 0.011163339112402308 54.57615260932363 4.076252011294517 0.05529671798135268 5.483633828315173 1.0 -1.0 -1.0 -1.0 -1.0 
289.23 78.88 6.0 -1.0 6.456229971471407 40.8543356616449 2.3552510372030517 0.011059343596270537 345.14968907123625 32.0 345.2165853091089 32.0 6.456230039475487 40.883964975283 
289.23 78.88 6.0 -1.0 0.011163339112402308 54.57615260932363 4.076252011294517 0.05529671798135268 5.483633828315173 1.0 -1.0 -1.0 -1.0 -1.0 
291.39 14.17 6.0 -1.0 1.0178131725710262 63.41292707228371 0.2599809307044156 0.013824179495338172 3.918885224960712 32.0 -1.0 -1.0 -1.0 -1.0 
291.39 14.17 6.0 -1.0 1.1366337475 69.68356470756524 0.27117105099098315 0.012441761545804354 1.286331531774028 32.0 -1.0 -1.0 -1.0 -1.0 
291.39 14.17 6.0 -1.0 1.6888011384 90.96840513154905 0.8072177425408391 0.013824179495338172 19.110747240033827 32.0 19.11074662353218 32.0 1.6888103952320914 90.9769418633154 
291.39 14.17 6.0 -1.0 104.491133 62.794695192748904 0.19396741271167336 0.022118687192541075 1.595571088126878 4.0 -1.0 -1.0 -1.0 -1.0 
291.39 14.17 6.0 -1.0 0.010515955496278548 0.0 0.667547921863847 0.03456044873834543 6.636509326476752 4.0 -1.0 -1.0 -1.0 -1.0 
291.39 14.17 6.0 -1.0 5.4199894818 294.366693498498 0.04065003333666847 0.011059343596270537 2.4611117855690203 1.0 -1.0 -1.0 -1.0 -1.0 
291.39 14.17 6.0 -1.0 0.10321920367257825 883.1000804954941 0.08806320341568248 0.02350110514207489 2.5440086489452898 8.0 -1.0 -1.0 -1.0 -1.0 
291.39 14.17 6.0 -1.0 0.217252 195.89118697259786 6.773031233020212 0.029030776940210157 56.4425343377608 32.0 56.9127503218681 32.0 0.21724796776349348 195.61560469609418 
291.39 14.17 6.0 -1.0 9.283479079243 106.60083979978612 2.830382852894209 0.013824179495338172 63.21505065074054 32.0 63.46704359325556 32.0 9.28348526940681 106.56142356181435 
291.39 14.17 6.0 -1.0 32.10055972106885 588.733386996996 3.8358214714603345 0.07465056927482613 11.473122917738769 2.0 11.599815835927467 2.0 32.100554866095386 588.6683768842109 
291.39 14.17 6.0 -1.0 1.0178131725710262 63.41292707228371 0.2599809307044156 0.013824179495338172 3.918885224960712 32.0 -1.0 -1.0 -1.0 -1.0 
291.39 14.17 6.0 -1.0 1.1366337475 69.68356470756524 0.27117105099098315 0.012441761545804354 1.286331531774028 32.0 -1.0 -1.0 -1.0 -1.0 
291.39 14.17 6.0 -1.0 1.6888011384 90.96840513154905 0.8072177425408391 0.013824179495338172 19.110747240033827 32.0 19.11074662353218 32.0 1.6888103952320914 90.9769418633154 
291.39 14.17 6.0 -1.0 104.491133 62.794695192748904 0.19396741271167336 0.022118687192541075 1.595571088126878 4.0 -1.0 -1.0 -1.0 -1.0 
291.39 14.17 6.0 -1.0 0.010515955496278548 0.0 0.667547921863847 0.03456044873834543 6.636509326476752 4.0 -1.0 -1.0 -1.0 -1.0 
291.39 14.17 6.0 -1.0 5.4199894818 294.366693498498 0.04065003333666847 0.011059343596270537 2.4611117855690203 1.0 -1.0 -1.0 -1.0 -1.0 
291.39 14.17 6.0 -1.0 0.10321920367257825 883.1000804954941 0.08806320341568248 0.02350110514207489 2.5440086489452898 8.0 -1.0 -1.0 -1.0 -1.0 
291.39 14.17 6.0 -1.0 0.217252 195.89118697259786 6.773031233020212 0.029030776940210157 56.4425343377608 32.0 56.9127503218681 32.0 0.21724796776349348 195.61560469609418 
291.39 14.17 6.0 -1.0 9.283479079243 106.60083979978612 2.830382852894209 0.013824179495338172 63.21505065074054 32.0 63.46704359325556 32.0 9.28348526940681 106.56142356181435 
291.39 14.17 6.0 -1.0 32.10055972106885 588.733386996996 3.8358214714603345 0.07465056927482613 11.473122917738769 2.0 11.599815835927467 2.0 32.100554866095386 588.6683768842109 
293.67 79.77 6.0 -1.0 0.970346 7.868577069794898 1.8002197938065532 0.024883523091608708 139.49047709334516 32.0 139.69912281789095 32.0 0.970347476444052 8.095834648570891 
293.67 79.77 6.0 -1.0 2.414783230685903 41.15999318924492 4.079069040987993 0.03041319488974398 338.0083126827194 16.0 349.19676735823316 32.0 2.4147842244322724 41.18755877460441 
293.67 79.77 6.0 -1.0 0.0036209583502459165 55.563490198361 3.366299210800548 0.02350110514207489 119.15663832188189 4.0 -1.0 -1.0 -1.0 -1.0 
293.67 79.77 6.0 -1.0 0.970346 7.868577069794898 1.8002197938065532 0.024883523091608708 139.49047709334516 32.0 139.69912281789095 32.0 0.970347476444052 8.095834648570891 
293.67 79.77 6.0 -1.0 2.414783230685903 41.15999318924492 4.079069040987993 0.03041319488974398 338.0083126827194 16.0 349.19676735823316 32.0 2.4147842244322724 41.18755877460441 
293.67 79.77 6.0 -1.0 0.0036209583502459165 55.563490198361 3.366299210800548 0.02350110514207489 119.15663832188189 4.0 -1.0 -1.0 -1.0 -1.0 
294.19 78.87 6.0 -1.0 2.5516889392121866 9.78051164592419 5.267107196250563 0.016589015394405805 638.0884563207966 32.0 638.8508580036837 32.0 2.5516934935391573 9.715001578285072 
294.19 78.87 6.0 -1.0 1.7528157081 61.05257527429996 1.1975890895574548 0.011059343596270537 221.05402244293467 32.0 221.0761755981144 32.0 1.7528085057468465 61.022353663603106 
294.19 78.87 6.0 -1.0 1.1005167036283978 0.0 1.5042420738058901 0.013824179495338172 112.73487792257659 32.0 -1.0 -1.0 -1.0 -1.0 
294.19 78.87 6.0 -1.0 2.27252128588 168.0332232776563 1.8126995735709859 0.01520659744487199 244.50160386699557 32.0 244.75278999084486 32.0 2.272524094829957 167.98856895784598 
295.47 79.76 6.0 -1.0 0.01061305307569805 0.0 2.717336449659425 0.00552967179813527 33.32326030062495 16.0 -1.0 -1.0 -1.0 -1.0 
295.47 79.76 6.0 -1.0 1.02145 112.04107294982744 2.351999059352172 0.022118687192541075 266.3440896005981 32.0 266.5223916742062 32.0 1.021445920438661 112.02611194959972 
295.47 79.76 6.0 -1.0 0.01061305307569805 0.0 2.717336449659425 0.00552967179813527 33.32326030062495 16.0 -1.0 -1.0 -1.0 -1.0 
295.47 79.76 6.0 -1.0 1.02145 112.04107294982744 2.351999059352172 0.022118687192541075 266.3440896005981 32.0 266.5223916742062 32.0 1.021445920438661 112.02611194959972 
296.52 79.31 6.0 -1.0 1.707787667113 76.11611969354772 4.868203641414099 0.03041319488974398 280.09521155215714 32.0 289.90493291486325 32.0 1.7077885180090866 75.99964776345924 
296.52 79.31 6.0 -1.0 0.762838173423 19.73130181473469 1.4481584463104342 0.02350110514207489 104.54771794163403 32.0 104.58098644173603 32.0 0.7628386811120437 19.632399022784412 
296.52 79.31 6.0 -1.0 0.4329617993720772 26.483265300222804 3.5797721545813097 0.022118687192541075 269.5989710106916 32.0 274.9205945716517 32.0 0.43296495277900254 26.817452273391083 
296.52 79.31 6.0 -1.0 0.7868706767511885 0.0 2.5184893228948138 0.05391430003181888 16.10985576213921 16.0 -1.0 -1.0 -1.0 -1.0 
296.52 79.31 6.0 -1.0 2.66608189885 169.2052202791871 3.926986478874693 0.017971433343939622 298.7669544897514 32.0 299.0997826364491 32.0 2.6660776105321324 169.20294415513166 
296.52 79.31 6.0 -1.0 1.707787667113 76.11611969354772 4.868203641414099 0.03041319488974398 280.09521155215714 32.0 289.90493291486325 32.0 1.7077885180090866 75.99964776345924 
296.52 79.31 6.0 -1.0 0.762838173423 19.73130181473469 1.4481584463104342 0.02350110514207489 104.54771794163403 32.0 104.58098644173603 32.0 0.7628386811120437 19.632399022784412 
296.52 79.31 6.0 -1.0 0.4329617993720772 26.483265300222804 3.5797721545813097 0.022118687192541075 269.5989710106916 32.0 274.9205945716517 32.0 0.43296495277900254 26.817452273391083 
296.52 79.31 6.0 -1.0 0.7868706767511885 0.0 2.5184893228948138 0.05391430003181888 16.10985576213921 16.0 -1.0 -1.0 -1.0 -1.0 
296.52 79.31 6.0 -1.0 2.66608189885 169.2052202791871 3.926986478874693 0.017971433343939622 298.7669544897514 32.0 299.0997826364491 32.0 2.6660776105321324 169.20294415513166 
297.27 79.76 6.0 -1.0 1.2175987727243358 49.63790610363602 5.32933066309083 0.013824179495338172 855.929529644011 32.0 857.254180560916 32.0 1.2176011902435373 49.58698722249672 
297.27 79.76 6.0 -1.0 0.00963670515349142 94.60480570041777 6.666262149960813 0.03317803078881161 19.152874367411655 1.0 -1.0 -1.0 -1.0 -1.0 
297.27 79.76 6.0 -1.0 2.251542 86.41362037680379 1.1473765527464062 0.011059343596270537 180.3746628677273 32.0 180.37465897854977 32.0 2.2515375045865467 86.42303487349427 
297.27 79.76 6.0 -1.0 0.45130391517 56.40748075125089 2.236325178527656 0.031795612839277794 105.86029254981453 16.0 108.36604246705402 32.0 0.45130642926475656 56.2660508075677 
297.27 79.76 6.0 -1.0 3.85557384197 112.81496150250177 1.8673560055177587 0.02073626924300726 149.27173091478085 32.0 149.4110549227765 32.0 3.8555754144908865 112.83569541445681 
297.27 79.76 6.0 -1.0 1.2175987727243358 49.63790610363602 5.32933066309083 0.013824179495338172 855.929529644011 32.0 857.254180560916 32.0 1.2176011902435373 49.58698722249672 
297.27 79.76 6.0 -1.0 0.00963670515349142 94.60480570041777 6.666262149960813 0.03317803078881161 19.152874367411655 1.0 -1.0 -1.0 -1.0 -1.0 
297.27 79.76 6.0 -1.0 2.251542 86.41362037680379 1.1473765527464062 0.011059343596270537 180.3746628677273 32.0 180.37465897854977 32.0 2.2515375045865467 86.42303487349427 
297.27 79.76 6.0 -1.0 0.45130391517 56.40748075125089 2.236325178527656 0.031795612839277794 105.86029254981453 16.0 108.36604246705402 32.0 0.45130642926475656 56.2660508075677 
297.27 79.76 6.0 -1.0 3.85557384197 112.81496150250177 1.8673560055177587 0.02073626924300726 149.27173091478085 32.0 149.4110549227765 32.0 3.8555754144908865 112.83569541445681 
298.57 39.13 6.0 -1.0 0.062261945802573895 48.89813038636894 0.03222929644301044 0.049767046183217416 1.2910100117612022 8.0 -1.0 -1.0 -1.0 -1.0 
298.57 39.13 6.0 -1.0 58.07250876916154 55.850250069163764 0.34178529631750376 0.06635606157762322 1.4196952808964731 1.0 -1.0 -1.0 -1.0 -1.0 
298.57 39.13 6.0 -1.0 1.4103082645658 52.724129137974145 0.20259590509116915 0.009676925646736721 8.39206396689125 32.0 8.589441565929011 32.0 1.4102928010591618 52.72412314881794 
298.57 39.13 6.0 -1.0 59.594756 230.53975404489404 0.4612818816800296 0.04285495643554833 3.889827232224349 2.0 -1.0 -1.0 -1.0 -1.0 
298.57 39.13 6.0 -1.0 29.281723720712563 83.79870436442617 0.37649358067924693 0.013824179495338172 16.55741623936008 8.0 16.557417090141207 8.0 29.281727620400492 83.79188861270873 
298.57 39.13 6.0 -1.0 1.4566001023496797 0.0 0.3113503261046008 0.05391430003181887 1.8806065539781303 4.0 -1.0 -1.0 -1.0 -1.0 
298.57 39.13 6.0 -1.0 0.732773180015 466.53855508902967 0.9917441330617631 0.11750552571037447 1.9662472873434758 2.0 -1.0 -1.0 -1.0 -1.0 
298.57 39.13 6.0 -1.0 400.13439317157656 34.71393989261307 1.038010197698108 0.0884747487701643 0.5586190121201278 1.0 -1.0 -1.0 -1.0 -1.0 
298.57 39.13 6.0 -1.0 1.2690139217352538 155.51285169634323 1.1975890895574548 0.04147253848601452 16.35410058460346 16.0 16.839720151384967 16.0 1.2689876408937077 155.54122318566826 
298.57 39.13 6.0 -1.0 67.3765811248755 311.02570339268647 8.739652189151094 0.08570991287109667 9041.897438029018 4.0 9041.897219916465 4.0 67.3765801669409 310.9812484382294 
298.57 39.13 6.0 -1.0 0.062261945802573895 48.89813038636894 0.03222929644301044 0.049767046183217416 1.2910100117612022 8.0 -1.0 -1.0 -1.0 -1.0 
298.57 39.13 6.0 -1.0 58.07250876916154 55.850250069163764 0.34178529631750376 0.06635606157762322 1.4196952808964731 1.0 -1.0 -1.0 -1.0 -1.0 
298.57 39.13 6.0 -1.0 1.4103082645658 52.724129137974145 0.20259590509116915 0.009676925646736721 8.39206396689125 32.0 8.589441565929011 32.0 1.4102928010591618 52.72412314881794 
298.57 39.13 6.0 -1.0 59.594756 230.53975404489404 0.4612818816800296 0.04285495643554833 3.889827232224349 2.0 -1.0 -1.0 -1.0 -1.0 
298.57 39.13 6.0 -1.0 29.281723720712563 83.79870436442617 0.37649358067924693 0.013824179495338172 16.55741623936008 8.0 16.557417090141207 8.0 29.281727620400492 83.79188861270873 
298.57 39.13 6.0 -1.0 1.4566001023496797 0.0 0.3113503261046008 0.05391430003181887 1.8806065539781303 4.0 -1.0 -1.0 -1.0 -1.0 
298.57 39.13 6.0 -1.0 0.732773180015 466.53855508902967 0.9917441330617631 0.11750552571037447 1.9662472873434758 2.0 -1.0 -1.0 -1.0 -1.0 
298.57 39.13 6.0 -1.0 400.13439317157656 34.71393989261307 1.038010197698108 0.0884747487701643 0.5586190121201278 1.0 -1.0 -1.0 -1.0 -1.0 
298.57 39.13 6.0 -1.0 1.2690139217352538 155.51285169634323 1.1975890895574548 0.04147253848601452 16.35410058460346 16.0 16.839720151384967 16.0 1.2689876408937077 155.54122318566826 
298.57 39.13 6.0 -1.0 67.3765811248755 311.02570339268647 8.739652189151094 0.08570991287109667 9041.897438029018 4.0 9041.897219916465 4.0 67.3765801669409 310.9812484382294 
298.92 38.74 6.0 -1.0 2.343743 75.1303152532178 0.7846743728309856 0.029030776940210157 6.034064818878452 16.0 10.945838123578067 16.0 2.343767846468836 75.2912622317093 
298.92 38.74 6.0 -1.0 245.8392716170269 101.5853533165193 0.01396093456155592 0.017971433343939622 1.3475936850227115 1.0 -1.0 -1.0 -1.0 -1.0 
298.92 38.74 6.0 -1.0 1.5042184955592726 53.75703591394033 0.08721557721439982 0.009676925646736721 1.8733357190253703 1.0 -1.0 -1.0 -1.0 -1.0 
298.92 38.74 6.0 -1.0 0.003843871913492291 0.0 0.20371870326560237 0.013824179495338172 2.9276893517181968 1.0 -1.0 -1.0 -1.0 -1.0 
298.92 38.74 6.0 -1.0 46.49598409213 332.10787896415775 0.01786591249426744 0.06497364362808941 1.730373886474168 8.0 -1.0 -1.0 -1.0 -1.0 
298.92 38.74 6.0 -1.0 11.841981267492002 498.1618184462366 0.09371242574197479 0.09538683851783337 1.804351106030663 2.0 -1.0 -1.0 -1.0 -1.0 
298.92 38.74 6.0 -1.0 92.37324886478785 36.61855551134953 1.1505515732568443 0.02350110514207489 17.599227546084844 2.0 -1.0 -1.0 -1.0 -1.0 
298.92 38.74 6.0 -1.0 0.473649743674 20.87506769966728 2.899654371493131 0.01520659744487199 140.34515495124649 32.0 140.89567401705068 32.0 0.47363452419328195 21.04917008628432 
298.92 38.74 6.0 -1.0 0.6027636566114403 177.7120918489575 1.3922408471454342 0.013824179495338172 73.36292614567199 32.0 73.40230421394807 32.0 0.6027524553549787 177.7035705361311 
298.92 38.74 6.0 -1.0 4.3217007 166.05393948207887 1.8544999360231633 0.03456044873834543 48.950865490412426 16.0 50.1454895656437 32.0 4.321706607394542 166.06580822881043 
298.92 38.74 6.0 -1.0 2.343743 75.1303152532178 0.7846743728309856 0.029030776940210157 6.034064818878452 16.0 10.945838123578067 16.0 2.343767846468836 75.2912622317093 
298.92 38.74 6.0 -1.0 245.8392716170269 101.5853533165193 0.01396093456155592 0.017971433343939622 1.3475936850227115 1.0 -1.0 -1.0 -1.0 -1.0 
298.92 38.74 6.0 -1.0 1.5042184955592726 53.75703591394033 0.08721557721439982 0.009676925646736721 1.8733357190253703 1.0 -1.0 -1.0 -1.0 -1.0 
298.92 38.74 6.0 -1.0 0.003843871913492291 0.0 0.20371870326560237 0.013824179495338172 2.9276893517181968 1.0 -1.0 -1.0 -1.0 -1.0 
298.92 38.74 6.0 -1.0 46.49598409213 332.10787896415775 0.01786591249426744 0.06497364362808941 1.730373886474168 8.0 -1.0 -1.0 -1.0 -1.0 
298.92 38.74 6.0 -1.0 11.841981267492002 498.1618184462366 0.09371242574197479 0.09538683851783337 1.804351106030663 2.0 -1.0 -1.0 -1.0 -1.0 
298.92 38.74 6.0 -1.0 92.37324886478785 36.61855551134953 1.1505515732568443 0.02350110514207489 17.599227546084844 2.0 -1.0 -1.0 -1.0 -1.0 
298.92 38.74 6.0 -1.0 0.473649743674 20.87506769966728 2.899654371493131 0.01520659744487199 140.34515495124649 32.0 140.89567401705068 32.0 0.47363452419328195 21.04917008628432 
298.92 38.74 6.0 -1.0 0.6027636566114403 177.7120918489575 1.3922408471454342 0.013824179495338172 73.36292614567199 32.0 73.40230421394807 32.0 0.6027524553549787 177.7035705361311 
298.92 38.74 6.0 -1.0 4.3217007 166.05393948207887 1.8544999360231633 0.03456044873834543 48.950865490412426 16.0 50.1454895656437 32.0 4.321706607394542 166.06580822881043 
299.12 39.52 6.0 -1.0 3.255405118685032 116.67574566386645 0.04616006658852638 0.009676925646736721 1.327180539759636 1.0 -1.0 -1.0 -1.0 -1.0 
299.12 39.52 6.0 -1.0 3.435246 134.95607125568347 0.12017329822537279 0.08985716671969811 0.31780224635709275 1.0 -1.0 -1.0 -1.0 -1.0 
299.12 39.52 6.0 -1.0 0.7816149446 36.36771898741435 0.4628780072936351 0.016589015394405805 7.3533226590248795 16.0 13.638308336493674 32.0 0.7816197467036546 36.431255918569015 
299.12 39.52 6.0 -1.0 1.672008955802 0.0 0.04738791128666746 0.027648358990676344 0.12911928534966347 8.0 -1.0 -1.0 -1.0 -1.0 
299.12 39.52 6.0 -1.0 1.1345091894 160.760752500069 0.43108554087915063 0.03041319488974398 6.260163280631148 16.0 6.674612563144688 16.0 1.1345036909915507 160.39872397481082 
299.12 39.52 6.0 -1.0 9.89892959273002 321.521505000138 0.468022817466339 0.006912089747669086 20.892109642942092 16.0 21.66130297249734 16.0 9.898940334096551 321.5058334813716 
299.12 39.52 6.0 -1.0 2.18492568145 482.282257500207 0.30454281996177057 0.013824179495338172 9.077063313385178 16.0 9.746893458149037 16.0 2.1849094385591648 482.1069533223966 
299.12 39.52 6.0 -1.0 25.958797047369 79.68099703873807 7.664581540072595 0.024883523091608708 234.3392079920464 16.0 234.33920108616218 16.0 25.95879777800292 79.64277335531615 
299.12 39.52 6.0 -1.0 2.5319475773331 225.2483390865053 3.652214325520265 0.012441761545804354 246.1669982609178 32.0 246.2084893869579 32.0 2.531942300265655 225.26659909648507 
299.12 39.52 6.0 -1.0 1.2459000213660945 161.4842482358929 1.6018448970356192 0.04009012053648069 24.39421117364965 16.0 25.594302847364542 16.0 1.2458864754686754 161.41070330588218 
299.12 39.52 6.0 -1.0 3.255405118685032 116.67574566386645 0.04616006658852638 0.009676925646736721 1.327180539759636 1.0 -1.0 -1.0 -1.0 -1.0 
299.12 39.52 6.0 -1.0 3.435246 134.95607125568347 0.12017329822537279 0.08985716671969811 0.31780224635709275 1.0 -1.0 -1.0 -1.0 -1.0 
299.12 39.52 6.0 -1.0 0.7816149446 36.36771898741435 0.4628780072936351 0.016589015394405805 7.3533226590248795 16.0 13.638308336493674 32.0 0.7816197467036546 36.431255918569015 
299.12 39.52 6.0 -1.0 1.672008955802 0.0 0.04738791128666746 0.027648358990676344 0.12911928534966347 8.0 -1.0 -1.0 -1.0 -1.0 
299.12 39.52 6.0 -1.0 1.1345091894 160.760752500069 0.4310855408791507 0.03041319488974398 6.260163280631148 16.0 6.674612563144688 16.0 1.1345036909915507 160.39872397481082 
299.12 39.52 6.0 -1.0 9.89892959273002 321.521505000138 0.468022817466339 0.006912089747669086 20.892109642942096 16.0 21.66130297249734 16.0 9.898940334096551 321.5058334813716 
299.12 39.52 6.0 -1.0 2.18492568145 482.282257500207 0.30454281996177057 0.013824179495338172 9.077063313385178 16.0 9.746893458149037 16.0 2.1849094385591648 482.1069533223966 
299.12 39.52 6.0 -1.0 25.958797047369 79.68099703873807 7.664581540072594 0.024883523091608708 234.3392079920464 16.0 234.33920108616218 16.0 25.95879777800292 79.64277335531615 
299.12 39.52 6.0 -1.0 2.5319475773331 225.2483390865053 3.652214325520265 0.012441761545804354 246.1669982609178 32.0 246.2084893869579 32.0 2.531942300265655 225.26659909648507 
299.12 39.52 6.0 -1.0 1.2459000213660947 161.4842482358929 1.6018448970356192 0.04009012053648069 24.394211173632197 16.0 25.594302847364542 16.0 1.2458864754686754 161.41070330588218 
299.39 39.13 6.0 -1.0 12.6998621581 90.52098615999797 0.08655531263517098 0.022118687192541075 1.2090145097725364 16.0 -1.0 -1.0 -1.0 -1.0 
299.39 39.13 6.0 -1.0 2.1933 20.405578236067342 0.6369134321932862 0.024883523091608708 17.908163244599635 32.0 17.90816369647774 32.0 2.193307106305535 20.4419824876415 
299.39 39.13 6.0 -1.0 3.121390202582 72.41678892799838 0.959396654743631 0.15483081034778753 -2.5365217167868073 4.0 -1.0 -1.0 -1.0 -1.0 
299.39 39.13 6.0 -1.0 115.381509 125.34855202155653 0.01061213045816599 0.07879782312342758 0.5668033733575139 4.0 -1.0 -1.0 -1.0 -1.0 
299.39 39.13 6.0 -1.0 8.351100256070806 31.145356255050153 0.025819105619600408 0.045619792334615966 0.41539573031634347 2.0 -1.0 -1.0 -1.0 -1.0 
299.39 39.13 6.0 -1.0 1.579516 0.0 0.0751255351635512 0.017971433343939622 0.16073714586181476 16.0 -1.0 -1.0 -1.0 -1.0 
299.39 39.13 6.0 -1.0 1.6888011384 96.91371117129727 1.1038353304926376 0.027648358990676344 25.914396196329598 16.0 26.0888004191071 16.0 1.6888103952320914 96.84642198352931 
299.39 39.13 6.0 -1.0 0.89398205209 170.45561970128435 5.570248719345163 0.06635606157762322 50.29617581620748 8.0 51.59252719626085 16.0 0.8939726588626703 170.7209131517387 
299.39 39.13 6.0 -1.0 0.66278 340.9112394025687 5.422173590099175 0.02211868719254107 246.63548004191367 32.0 247.2112078543145 32.0 0.6627791056719919 341.0370345710488 
299.39 39.13 6.0 -1.0 4.288817218684 511.366859103853 2.8598656705762258 0.02073626924300726 109.11052670351323 16.0 109.34369198275553 16.0 4.28881321568042 511.35315599035897 
299.39 39.13 6.0 -1.0 12.6998621581 90.52098615999797 0.08655531263517098 0.022118687192541075 1.2090145097725364 16.0 -1.0 -1.0 -1.0 -1.0 
299.39 39.13 6.0 -1.0 2.1933 20.405578236067342 0.6369134321932862 0.024883523091608708 17.908163244599635 32.0 17.90816369647774 32.0 2.193307106305535 20.4419824876415 
299.39 39.13 6.0 -1.0 3.121390202582 72.41678892799838 0.959396654743631 0.15483081034778753 -2.5365217167868073 4.0 -1.0 -1.0 -1.0 -1.0 
299.39 39.13 6.0 -1.0 115.381509 125.34855202155653 0.01061213045816599 0.07879782312342758 0.5668033733575139 4.0 -1.0 -1.0 -1.0 -1.0 
299.39 39.13 6.0 -1.0 8.351100256070806 31.145356255050153 0.025819105619600408 0.045619792334615966 0.41539573031634347 2.0 -1.0 -1.0 -1.0 -1.0 
299.39 39.13 6.0 -1.0 1.579516 0.0 0.0751255351635512 0.017971433343939622 0.16073714586181476 16.0 -1.0 -1.0 -1.0 -1.0 
299.39 39.13 6.0 -1.0 1.6888011384 96.91371117129727 1.1038353304926376 0.027648358990676344 25.914396196329598 16.0 26.0888004191071 16.0 1.6888103952320914 96.84642198352931 
299.39 39.13 6.0 -1.0 0.89398205209 170.45561970128435 5.570248719345163 0.06635606157762322 50.29617581620748 8.0 51.59252719626085 16.0 0.8939726588626703 170.7209131517387 
299.39 39.13 6.0 -1.0 0.66278 340.9112394025687 5.422173590099175 0.02211868719254107 246.63548004191367 32.0 247.2112078543145 32.0 0.6627791056719919 341.0370345710488 
299.39 39.13 6.0 -1.0 4.288817218684 511.366859103853 2.8598656705762258 0.02073626924300726 109.11052670351323 16.0 109.34369198275553 16.0 4.28881321568042 511.35315599035897 
299.81 39.13 6.0 -1.0 338.983051 54.36115168116158 0.014815525888514983 0.02073626924300726 1.967088486459791 1.0 -1.0 -1.0 -1.0 -1.0 
299.81 39.13 6.0 -1.0 0.10659359079457086 105.3481629131476 0.4788152971972425 0.0483846282336836 0.38918487058606005 4.0 -1.0 -1.0 -1.0 -1.0 
299.81 39.13 6.0 -1.0 3.522355067817 40.543243175014105 0.47159300720092434 0.012441761545804354 15.342868657840112 32.0 15.37821308946246 32.0 3.522351714006315 40.479173242854465 
299.81 39.13 6.0 -1.0 0.854047 46.755946224289715 0.09377718883445076 0.019353851293473442 1.8619182939233654 8.0 -1.0 -1.0 -1.0 -1.0 
299.81 39.13 6.0 -1.0 5.519419001073 19.762822630885342 0.011331970376636379 0.04147253848601452 0.7548074233237224 1.0 -1.0 -1.0 -1.0 -1.0 
299.81 39.13 6.0 -1.0 268.26957952797216 0.0 0.6834133659933387 0.04147253848601452 5.62177769328702 1.0 -1.0 -1.0 -1.0 -1.0 
299.81 39.13 6.0 -1.0 0.771087 357.01619419371735 0.44654474870503197 0.011059343596270537 16.380829647731055 16.0 16.4599904381263 32.0 0.7710999246531477 356.9251100688692 
299.81 39.13 6.0 -1.0 245.4261196602377 535.524291290576 0.010444842371142099 0.02073626924300726 1.554426160349676 1.0 -1.0 -1.0 -1.0 -1.0 
299.81 39.13 6.0 -1.0 3.39287005624701 69.35733145527512 3.1307584754395146 0.035942866687879244 76.84134689765416 32.0 77.09127294537214 32.0 3.3928699849639092 69.4217821114954 
299.81 39.13 6.0 -1.0 0.01816974111633454 178.50809709685868 2.0741095118420954 0.02350110514207489 1.158863696361768 1.0 -1.0 -1.0 -1.0 -1.0 
299.81 39.13 6.0 -1.0 338.983051 54.36115168116158 0.014815525888514983 0.02073626924300726 1.967088486459791 1.0 -1.0 -1.0 -1.0 -1.0 
299.81 39.13 6.0 -1.0 0.10659359079457086 105.3481629131476 0.47881529719724253 0.0483846282336836 0.38918487058606005 4.0 -1.0 -1.0 -1.0 -1.0 
299.81 39.13 6.0 -1.0 3.522355067817 40.543243175014105 0.47159300720092434 0.012441761545804354 15.342868657840112 32.0 15.378213089462458 32.0 3.522351714006315 40.479173242854465 
299.81 39.13 6.0 -1.0 0.854047 46.755946224289715 0.09377718883445076 0.019353851293473442 1.8619182939233654 8.0 -1.0 -1.0 -1.0 -1.0 
299.81 39.13 6.0 -1.0 5.519419001073 19.762822630885342 0.011331970376636379 0.04147253848601452 0.7548074233237224 1.0 -1.0 -1.0 -1.0 -1.0 
299.81 39.13 6.0 -1.0 268.26957952797216 0.0 0.6834133659933387 0.04147253848601452 5.62177769328702 1.0 -1.0 -1.0 -1.0 -1.0 
299.81 39.13 6.0 -1.0 0.771087 357.01619419371735 0.44654474870503197 0.011059343596270537 16.380829647731055 16.0 16.4599904381263 32.0 0.7710999246531477 356.9251100688692 
299.81 39.13 6.0 -1.0 245.4261196602377 535.524291290576 0.010444842371142099 0.02073626924300726 1.554426160349676 1.0 -1.0 -1.0 -1.0 -1.0 
299.81 39.13 6.0 -1.0 3.39287005624701 69.35733145527512 3.1307584754395146 0.035942866687879244 76.84134689765416 32.0 77.09127294537214 32.0 3.3928699849639092 69.4217821114954 
299.81 39.13 6.0 -1.0 0.018169741116334535 178.50809709685868 2.0741095118420954 0.02350110514207489 1.158863696361768 1.0 -1.0 -1.0 -1.0 -1.0 
299.95 39.52 6.0 -1.0 20.088207070863376 49.579310854076596 0.05216410220767706 0.023501105142074888 1.1039430296018007 1.0 -1.0 -1.0 -1.0 -1.0 
299.95 39.52 6.0 -1.0 398.406375 65.18859228625654 0.7322956741270126 0.019353851293473442 6.932286926107194 1.0 -1.0 -1.0 -1.0 -1.0 
299.95 39.52 6.0 -1.0 0.0014376993196681743 2.9102050127793095 0.464158883361278 0.012441761545804354 4.945439098258765 1.0 -1.0 -1.0 -1.0 -1.0 
299.95 39.52 6.0 -1.0 1.09911524378 53.918161964038475 0.2762766201625743 0.08018024107296139 -0.32007148277154723 1.0 -1.0 -1.0 -1.0 -1.0 
299.95 39.52 6.0 -1.0 0.763359 76.30028415323207 0.08794161145692235 0.03456044873834543 -0.39728745743139093 16.0 -1.0 -1.0 -1.0 -1.0 
299.95 39.52 6.0 -1.0 2.266492130584 0.0 0.015453216954363694 0.02073626924300726 0.9323580880941322 2.0 -1.0 -1.0 -1.0 -1.0 
299.95 39.52 6.0 -1.0 0.8313288172 176.35842377442614 0.9587340896247087 0.016589015394405805 23.409506935224154 32.0 24.441014229628507 32.0 0.8313387904005747 176.38799740573833 
299.95 39.52 6.0 -1.0 23.270554003715503 352.7168475488523 0.02665278366645541 0.04838462823368359 1.3536164847507348 1.0 -1.0 -1.0 -1.0 -1.0 
299.95 39.52 6.0 -1.0 125.10334085032453 96.35424233220222 4.925714623546535 0.049767046183217416 37.14923320582765 2.0 37.49638671070421 2.0 125.10330028211078 96.34043231799362 
299.95 39.52 6.0 -1.0 494.3250341583081 529.0752713232785 4.898566485950711 0.030413194889743977 32.36676787913604 1.0 -1.0 -1.0 -1.0 -1.0 
299.95 39.52 6.0 -1.0 20.088207070863376 49.579310854076596 0.05216410220767706 0.023501105142074888 1.1039430296018007 1.0 -1.0 -1.0 -1.0 -1.0 
299.95 39.52 6.0 -1.0 398.406375 65.18859228625654 0.7322956741270126 0.019353851293473442 6.932286926107194 1.0 -1.0 -1.0 -1.0 -1.0 
299.95 39.52 6.0 -1.0 0.0014376993196681743 2.9102050127793095 0.464158883361278 0.012441761545804354 4.945439098258765 1.0 -1.0 -1.0 -1.0 -1.0 
299.95 39.52 6.0 -1.0 1.09911524378 53.918161964038475 0.2762766201625743 0.08018024107296139 -0.32007148277154723 1.0 -1.0 -1.0 -1.0 -1.0 
299.95 39.52 6.0 -1.0 0.763359 76.30028415323207 0.08794161145692235 0.03456044873834543 -0.39728745743139093 16.0 -1.0 -1.0 -1.0 -1.0 
299.95 39.52 6.0 -1.0 2.266492130584 0.0 0.015453216954363694 0.02073626924300726 0.9323580880941322 2.0 -1.0 -1.0 -1.0 -1.0 
299.95 39.52 6.0 -1.0 0.8313288172 176.35842377442614 0.9587340896247087 0.016589015394405805 23.409506935224154 32.0 24.441014229628507 32.0 0.8313387904005747 176.38799740573833 
299.95 39.52 6.0 -1.0 23.270554003715503 352.7168475488523 0.02665278366645541 0.04838462823368359 1.3536164847507348 1.0 -1.0 -1.0 -1.0 -1.0 
299.95 39.52 6.0 -1.0 125.10334085032453 96.35424233220222 4.925714623546535 0.049767046183217416 37.14923320582765 2.0 37.49638671070421 2.0 125.10330028211078 96.34043231799362 
299.95 39.52 6.0 -1.0 494.3250341583081 529.0752713232785 4.898566485950711 0.030413194889743977 32.36676787913604 1.0 -1.0 -1.0 -1.0 -1.0 
84.68 22.35 6.0 -1.0 14.10148032791797 114.2366445241501 0.019104167305247822 0.1755670795907948 1.333947690722844 1.0 -1.0 -1.0 -1.0 -1.0 
84.68 22.35 6.0 -1.0 0.19731861899116993 96.12131149105034 0.04571576658153368 0.07741540517389377 3.782514279831723 4.0 -1.0 -1.0 -1.0 -1.0 
84.68 22.35 6.0 -1.0 1.244555 93.20084892263004 0.06782395925350981 0.012441761545804356 0.019251987286915524 1.0 -1.0 -1.0 -1.0 -1.0 
84.68 22.35 6.0 -1.0 0.08053550660879588 88.84131784223455 0.959396654743631 0.019353851293473442 6.374094571467665 32.0 -1.0 -1.0 -1.0 -1.0 
84.68 22.35 6.0 -1.0 0.7817427462 141.07103971804085 0.02704227371659052 0.03041319488974398 3.3863656123013524 1.0 -1.0 -1.0 -1.0 -1.0 
84.68 22.35 6.0 -1.0 0.0026249295204437808 282.1420794360817 0.014381884001221652 0.049767046183217416 1.375228784927614 2.0 -1.0 -1.0 -1.0 -1.0 
84.68 22.35 6.0 -1.0 0.499765 142.51010823001607 1.0568233500032589 0.013824179495338172 56.90418736201594 32.0 57.60899355811654 32.0 0.4997673386242241 142.4866898148477 
84.68 22.35 6.0 -1.0 1.12648201282 63.61529333819844 1.1537353796843521 0.016589015394405805 58.080746750353384 32.0 58.124009842092526 32.0 1.12646982112589 63.65349992438864 
84.68 22.35 6.0 -1.0 382.76240356282 0.0 2.562364236117258 0.01520659744487199 23.88403562809395 1.0 -1.0 -1.0 -1.0 -1.0 
84.68 22.35 6.0 -1.0 1.61233860788 423.2131191541225 1.9612332745026024 0.011059343596270537 139.01939621079111 32.0 139.19329230650592 32.0 1.6123522073030474 423.2097562540434 
84.68 22.35 6.0 -1.0 14.10148032791797 114.2366445241501 0.019104167305247822 0.1755670795907948 1.333947690722844 1.0 -1.0 -1.0 -1.0 -1.0 
84.68 22.35 6.0 -1.0 0.19731861899116993 96.12131149105034 0.04571576658153368 0.07741540517389377 3.782514279831723 4.0 -1.0 -1.0 -1.0 -1.0 
84.68 22.35 6.0 -1.0 1.244555 93.20084892263004 0.06782395925350981 0.012441761545804356 0.019251987286915524 1.0 -1.0 -1.0 -1.0 -1.0 
84.68 22.35 6.0 -1.0 0.08053550660879588 88.84131784223455 0.959396654743631 0.019353851293473442 6.374094571467665 32.0 -1.0 -1.0 -1.0 -1.0 
84.68 22.35 6.0 -1.0 0.7817427462 141.07103971804085 0.02704227371659052 0.03041319488974398 3.3863656123013524 1.0 -1.0 -1.0 -1.0 -1.0 
84.68 22.35 6.0 -1.0 0.0026249295204437808 282.1420794360817 0.014381884001221652 0.049767046183217416 1.375228784927614 2.0 -1.0 -1.0 -1.0 -1.0 
84.68 22.35 6.0 -1.0 0.499765 142.51010823001607 1.0568233500032589 0.013824179495338172 56.90418736201594 32.0 57.60899355811654 32.0 0.4997673386242241 142.4866898148477 
84.68 22.35 6.0 -1.0 1.12648201282 63.61529333819844 1.1537353796843521 0.016589015394405805 58.080746750353384 32.0 58.124009842092526 32.0 1.12646982112589 63.65349992438864 
84.68 22.35 6.0 -1.0 382.76240356282 0.0 2.562364236117258 0.01520659744487199 23.88403562809395 1.0 -1.0 -1.0 -1.0 -1.0 
84.68 22.35 6.0 -1.0 1.61233860788 423.2131191541225 1.9612332745026024 0.011059343596270537 139.01939621079111 32.0 139.19329230650592 32.0 1.6123522073030474 423.2097562540434 
289.23 78.88 6.0 -1.0 6.456229971471407 40.8543356616449 2.355251037203052 0.011059343596270537 345.1496890712363 32.0 345.2165853091089 32.0 6.456230039475487 40.883964975283 
289.23 78.88 6.0 -1.0 0.011163339112402308 54.57615260932363 4.076252011294517 0.05529671798135268 5.483633828315173 1.0 -1.0 -1.0 -1.0 -1.0 
291.39 14.17 6.0 -1.0 1.0178131725710262 63.41292707228371 0.2599809307044156 0.013824179495338172 3.918885224960712 32.0 -1.0 -1.0 -1.0 -1.0 
291.39 14.17 6.0 -1.0 1.1366337475 69.68356470756524 0.27117105099098315 0.012441761545804354 1.286331531774028 32.0 -1.0 -1.0 -1.0 -1.0 
291.39 14.17 6.0 -1.0 1.6888011384 90.96840513154905 0.8072177425408391 0.013824179495338172 19.110747240033827 32.0 19.11074662353218 32.0 1.6888103952320914 90.9769418633154 
291.39 14.17 6.0 -1.0 104.491133 62.794695192748904 0.19396741271167336 0.022118687192541075 1.595571088126878 4.0 -1.0 -1.0 -1.0 -1.0 
291.39 14.17 6.0 -1.0 0.010515955496278548 0.0 0.667547921863847 0.03456044873834543 6.636509326476752 4.0 -1.0 -1.0 -1.0 -1.0 
291.39 14.17 6.0 -1.0 5.4199894818 294.366693498498 0.04065003333666847 0.011059343596270537 2.4611117855690203 1.0 -1.0 -1.0 -1.0 -1.0 
291.39 14.17 6.0 -1.0 0.10321920367257825 883.1000804954941 0.08806320341568248 0.02350110514207489 2.5440086489452898 8.0 -1.0 -1.0 -1.0 -1.0 
291.39 14.17 6.0 -1.0 0.217252 195.89118697259786 6.773031233020212 0.029030776940210157 56.4425343377608 32.0 56.9127503218681 32.0 0.21724796776349348 195.61560469609418 
291.39 14.17 6.0 -1.0 9.283479079243 106.60083979978612 2.830382852894209 0.013824179495338172 63.21505065074054 32.0 63.46704359325556 32.0 9.28348526940681 106.56142356181435 
291.39 14.17 6.0 -1.0 32.10055972106885 588.733386996996 3.8358214714603345 0.07465056927482613 11.473122917738769 2.0 11.599815835927467 2.0 32.100554866095386 588.6683768842109 
293.67 79.77 6.0 -1.0 0.970346 7.868577069794898 1.8002197938065532 0.024883523091608708 139.49047709334516 32.0 139.69912281789095 32.0 0.970347476444052 8.095834648570891 
293.67 79.77 6.0 -1.0 2.414783230685903 41.15999318924492 4.079069040987993 0.03041319488974398 338.0083126827194 16.0 349.19676735823316 32.0 2.4147842244322724 41.18755877460441 
293.67 79.77 6.0 -1.0 0.0036209583502459165 55.563490198361 3.366299210800548 0.02350110514207489 119.15663832188189 4.0 -1.0 -1.0 -1.0 -1.0 
295.47 79.76 6.0 -1.0 0.01061305307569805 0.0 2.717336449659425 0.00552967179813527 33.32326030062495 16.0 -1.0 -1.0 -1.0 -1.0 
295.47 79.76 6.0 -1.0 1.02145 112.04107294982744 2.351999059352172 0.022118687192541075 266.3440896005981 32.0 266.5223916742062 32.0 1.021445920438661 112.02611194959972 
298.57 39.13 6.0 -1.0 0.062261945802573895 48.89813038636894 0.03222929644301044 0.049767046183217416 1.2910100117612022 8.0 -1.0 -1.0 -1.0 -1.0 
298.57 39.13 6.0 -1.0 58.07250876916154 55.850250069163764 0.34178529631750376 0.06635606157762322 1.4196952808964731 1.0 -1.0 -1.0 -1.0 -1.0 
298.57 39.13 6.0 -1.0 1.4103082645658 52.724129137974145 0.20259590509116915 0.009676925646736721 8.39206396689125 32.0 8.589441565929011 32.0 1.4102928010591618 52.72412314881794 
298.57 39.13 6.0 -1.0 59.594756 230.53975404489404 0.4612818816800296 0.04285495643554833 3.889827232224349 2.0 -1.0 -1.0 -1.0 -1.0 
298.57 39.13 6.0 -1.0 29.281723720712563 83.79870436442617 0.37649358067924693 0.013824179495338172 16.55741623936008 8.0 16.557417090141207 8.0 29.281727620400492 83.79188861270873 
298.57 39.13 6.0 -1.0 1.4566001023496797 0.0 0.3113503261046008 0.05391430003181887 1.8806065539781303 4.0 -1.0 -1.0 -1.0 -1.0 
298.57 39.13 6.0 -1.0 0.732773180015 466.53855508902967 0.9917441330617631 0.11750552571037447 1.9662472873434758 2.0 -1.0 -1.0 -1.0 -1.0 
298.57 39.13 6.0 -1.0 400.13439317157656 34.71393989261307 1.038010197698108 0.0884747487701643 0.5586190121201278 1.0 -1.0 -1.0 -1.0 -1.0 
298.57 39.13 6.0 -1.0 1.2690139217352538 155.51285169634323 1.1975890895574548 0.04147253848601452 16.35410058460346 16.0 16.839720151384967 16.0 1.2689876408937077 155.54122318566826 
298.57 39.13 6.0 -1.0 67.3765811248755 311.02570339268647 8.739652189151094 0.08570991287109667 9041.897438029018 4.0 9041.897219916465 4.0 67.3765801669409 310.9812484382294 
298.92 38.74 6.0 -1.0 2.343743 75.1303152532178 0.7846743728309856 0.029030776940210157 6.034064818878452 16.0 10.945838123578067 16.0 2.343767846468836 75.2912622317093 
298.92 38.74 6.0 -1.0 245.8392716170269 101.5853533165193 0.01396093456155592 0.017971433343939622 1.3475936850227115 1.0 -1.0 -1.0 -1.0 -1.0 
298.92 38.74 6.0 -1.0 1.5042184955592726 53.75703591394033 0.08721557721439982 0.009676925646736721 1.8733357190253703 1.0 -1.0 -1.0 -1.0 -1.0 
298.92 38.74 6.0 -1.0 0.003843871913492291 0.0 0.20371870326560237 0.013824179495338172 2.9276893517181968 1.0 -1.0 -1.0 -1.0 -1.0 
298.92 38.74 6.0 -1.0 46.49598409213 332.10787896415775 0.01786591249426744 0.06497364362808941 1.730373886474168 8.0 -1.0 -1.0 -1.0 -1.0 
298.92 38.74 6.0 -1.0 11.841981267492002 498.1618184462366 0.09371242574197479 0.09538683851783337 1.804351106030663 2.0 -1.0 -1.0 -1.0 -1.0 
298.92 38.74 6.0 -1.0 92.37324886478785 36.61855551134953 1.1505515732568443 0.02350110514207489 17.599227546084844 2.0 -1.0 -1.0 -1.0 -1.0 
298.92 38.74 6.0 -1.0 0.473649743674 20.87506769966728 2.899654371493131 0.01520659744487199 140.34515495124649 32.0 140.89567401705068 32.0 0.47363452419328195 21.04917008628432 
298.92 38.74 6.0 -1.0 0.6027636566114403 177.7120918489575 1.3922408471454342 0.013824179495338172 73.36292614567199 32.0 73.40230421394807 32.0 0.6027524553549787 177.7035705361311 
298.92 38.74 6.0 -1.0 4.3217007 166.05393948207887 1.8544999360231633 0.03456044873834543 48.950865490412426 16.0 50.1454895656437 32.0 4.321706607394542 166.06580822881043 
299.12 39.52 6.0 -1.0 3.255405118685032 116.67574566386645 0.04616006658852638 0.009676925646736721 1.327180539759636 1.0 -1.0 -1.0 -1.0 -1.0 
299.12 39.52 6.0 -1.0 3.435246 134.95607125568347 0.12017329822537279 0.08985716671969811 0.31780224635709275 1.0 -1.0 -1.0 -1.0 -1.0 
299.12 39.52 6.0 -1.0 0.7816149446 36.36771898741435 0.4628780072936351 0.016589015394405805 7.3533226590248795 16.0 13.638308336493674 32.0 0.7816197467036546 36.431255918569015 
299.12 39.52 6.0 -1.0 1.672008955802 0.0 0.04738791128666746 0.027648358990676344 0.12911928534966347 8.0 -1.0 -1.0 -1.0 -1.0 
299.12 39.52 6.0 -1.0 1.1345091894 160.760752500069 0.4310855408791507 0.03041319488974398 6.260163280631148 16.0 6.674612563144688 16.0 1.1345036909915507 160.39872397481082 
299.12 39.52 6.0 -1.0 9.89892959273002 321.521505000138 0.468022817466339 0.006912089747669086 20.892109642942096 16.0 21.66130297249734 16.0 9.898940334096551 321.5058334813716 
299.12 39.52 6.0 -1.0 2.18492568145 482.282257500207 0.30454281996177057 0.013824179495338172 9.077063313385178 16.0 9.746893458149037 16.0 2.1849094385591648 482.1069533223966 
299.12 39.52 6.0 -1.0 25.958797047369 79.68099703873807 7.664581540072594 0.024883523091608708 234.3392079920464 16.0 234.33920108616218 16.0 25.95879777800292 79.64277335531615 
299.12 39.52 6.0 -1.0 2.5319475773331 225.2483390865053 3.652214325520265 0.012441761545804354 246.1669982609178 32.0 246.2084893869579 32.0 2.531942300265655 225.26659909648507 
299.12 39.52 6.0 -1.0 1.2459000213660947 161.4842482358929 1.6018448970356192 0.04009012053648069 24.394211173632197 16.0 25.594302847364542 16.0 1.2458864754686754 161.41070330588218 
299.39 39.13 6.0 -1.0 12.6998621581 90.52098615999797 0.08655531263517098 0.022118687192541075 1.2090145097725364 16.0 -1.0 -1.0 -1.0 -1.0 
299.39 39.13 6.0 -1.0 2.1933 20.405578236067342 0.6369134321932862 0.024883523091608708 17.908163244599635 32.0 17.90816369647774 32.0 2.193307106305535 20.4419824876415 
299.39 39.13 6.0 -1.0 3.121390202582 72.41678892799838 0.959396654743631 0.15483081034778753 -2.5365217167868073 4.0 -1.0 -1.0 -1.0 -1.0 
299.39 39.13 6.0 -1.0 115.381509 125.34855202155653 0.01061213045816599 0.07879782312342758 0.5668033733575139 4.0 -1.0 -1.0 -1.0 -1.0 
299.39 39.13 6.0 -1.0 8.351100256070806 31.145356255050153 0.025819105619600408 0.045619792334615966 0.41539573031634347 2.0 -1.0 -1.0 -1.0 -1.0 
299.39 39.13 6.0 -1.0 1.579516 0.0 0.0751255351635512 0.017971433343939622 0.16073714586181476 16.0 -1.0 -1.0 -1.0 -1.0 
299.39 39.13 6.0 -1.0 1.6888011384 96.91371117129727 1.1038353304926376 0.027648358990676344 25.914396196329598 16.0 26.0888004191071 16.0 1.6888103952320914 96.84642198352931 
299.39 39.13 6.0 -1.0 0.89398205209 170.45561970128435 5.570248719345163 0.06635606157762322 50.29617581620748 8.0 51.59252719626085 16.0 0.8939726588626703 170.7209131517387 
299.39 39.13 6.0 -1.0 0.66278 340.9112394025687 5.422173590099175 0.02211868719254107 246.63548004191367 32.0 247.2112078543145 32.0 0.6627791056719919 341.0370345710488 
299.39 39.13 6.0 -1.0 4.288817218684 511.366859103853 2.8598656705762258 0.02073626924300726 109.11052670351323 16.0 109.34369198275553 16.0 4.28881321568042 511.35315599035897 
299.95 39.52 6.0 -1.0 20.088207070863376 49.579310854076596 0.05216410220767706 0.023501105142074888 1.1039430296018007 1.0 -1.0 -1.0 -1.0 -1.0 
299.95 39.52 6.0 -1.0 398.406375 65.18859228625654 0.7322956741270126 0.019353851293473442 6.932286926107194 1.0 -1.0 -1.0 -1.0 -1.0 
299.95 39.52 6.0 -1.0 0.0014376993196681743 2.9102050127793095 0.464158883361278 0.012441761545804354 4.945439098258765 1.0 -1.0 -1.0 -1.0 -1.0 
299.95 39.52 6.0 -1.0 1.09911524378 53.918161964038475 0.2762766201625743 0.08018024107296139 -0.32007148277154723 1.0 -1.0 -1.0 -1.0 -1.0 
299.95 39.52 6.0 -1.0 0.763359 76.30028415323207 0.08794161145692235 0.03456044873834543 -0.39728745743139093 16.0 -1.0 -1.0 -1.0 -1.0 
299.95 39.52 6.0 -1.0 2.266492130584 0.0 0.015453216954363694 0.02073626924300726 0.9323580880941322 2.0 -1.0 -1.0 -1.0 -1.0 
299.95 39.52 6.0 -1.0 0.8313288172 176.35842377442614 0.9587340896247087 0.016589015394405805 23.409506935224154 32.0 24.441014229628507 32.0 0.8313387904005747 176.38799740573833 
299.95 39.52 6.0 -1.0 23.270554003715503 352.7168475488523 0.02665278366645541 0.04838462823368359 1.3536164847507348 1.0 -1.0 -1.0 -1.0 -1.0 
299.95 39.52 6.0 -1.0 125.10334085032453 96.35424233220222 4.925714623546535 0.049767046183217416 37.14923320582765 2.0 37.49638671070421 2.0 125.10330028211078 96.34043231799362 
299.95 39.52 6.0 -1.0 494.3250341583081 529.0752713232785 4.898566485950711 0.030413194889743977 32.36676787913604 1.0 -1.0 -1.0 -1.0 -1.0 
84.68 22.35 6.0 -1.0 14.10148032791797 114.2366445241501 0.019104167305247822 0.1755670795907948 1.333947690722844 1.0 -1.0 -1.0 -1.0 -1.0 
84.68 22.35 6.0 -1.0 0.19731861899116993 96.12131149105034 0.04571576658153368 0.07741540517389377 3.782514279831723 4.0 -1.0 -1.0 -1.0 -1.0 
84.68 22.35 6.0 -1.0 1.244555 93.20084892263004 0.06782395925350981 0.012441761545804356 0.019251987286915524 1.0 -1.0 -1.0 -1.0 -1.0 
84.68 22.35 6.0 -1.0 0.08053550660879588 88.84131784223455 0.959396654743631 0.019353851293473442 6.374094571467665 32.0 -1.0 -1.0 -1.0 -1.0 
84.68 22.35 6.0 -1.0 0.7817427462 141.07103971804085 0.02704227371659052 0.03041319488974398 3.3863656123013524 1.0 -1.0 -1.0 -1.0 -1.0 
84.68 22.35 6.0 -1.0 0.0026249295204437808 282.1420794360817 0.014381884001221652 0.049767046183217416 1.375228784927614 2.0 -1.0 -1.0 -1.0 -1.0 
84.68 22.35 6.0 -1.0 0.499765 142.51010823001607 1.0568233500032589 0.013824179495338172 56.90418736201594 32.0 57.60899355811654 32.0 0.4997673386242241 142.4866898148477 
84.68 22.35 6.0 -1.0 1.12648201282 63.61529333819844 1.1537353796843521 0.016589015394405805 58.080746750353384 32.0 58.124009842092526 32.0 1.12646982112589 63.65349992438864 
84.68 22.35 6.0 -1.0 382.76240356282 0.0 2.562364236117258 0.01520659744487199 23.88403562809395 1.0 -1.0 -1.0 -1.0 -1.0 
84.68 22.35 6.0 -1.0 1.61233860788 423.2131191541225 1.9612332745026024 0.011059343596270537 139.01939621079111 32.0 139.19329230650592 32.0 1.6123522073030474 423.2097562540434 
299.81 39.13 6.0 -1.0 338.983051 54.36115168116158 0.014815525888514983 0.02073626924300726 1.967088486459791 1.0 -1.0 -1.0 -1.0 -1.0 
299.81 39.13 6.0 -1.0 0.10659359079457086 105.3481629131476 0.47881529719724253 0.0483846282336836 0.38918487058606005 4.0 -1.0 -1.0 -1.0 -1.0 
299.81 39.13 6.0 -1.0 3.522355067817 40.543243175014105 0.47159300720092434 0.012441761545804354 15.342868657840112 32.0 15.378213089462458 32.0 3.522351714006315 40.479173242854465 
299.81 39.13 6.0 -1.0 0.854047 46.755946224289715 0.09377718883445076 0.019353851293473442 1.8619182939233654 8.0 -1.0 -1.0 -1.0 -1.0 
299.81 39.13 6.0 -1.0 5.519419001073 19.762822630885342 0.011331970376636379 0.04147253848601452 0.7548074233237224 1.0 -1.0 -1.0 -1.0 -1.0 
299.81 39.13 6.0 -1.0 268.26957952797216 0.0 0.6834133659933387 0.04147253848601452 5.62177769328702 1.0 -1.0 -1.0 -1.0 -1.0 
299.81 39.13 6.0 -1.0 0.771087 357.01619419371735 0.44654474870503197 0.011059343596270537 16.380829647731055 16.0 16.4599904381263 32.0 0.7710999246531477 356.9251100688692 
299.81 39.13 6.0 -1.0 245.4261196602377 535.524291290576 0.010444842371142099 0.02073626924300726 1.554426160349676 1.0 -1.0 -1.0 -1.0 -1.0 
299.81 39.13 6.0 -1.0 3.39287005624701 69.35733145527512 3.1307584754395146 0.035942866687879244 76.84134689765416 32.0 77.09127294537214 32.0 3.3928699849639092 69.4217821114954 
299.81 39.13 6.0 -1.0 0.018169741116334535 178.50809709685868 2.0741095118420954 0.02350110514207489 1.158863696361768 1.0 -1.0 -1.0 -1.0 -1.0 
294.19 78.87 6.0 -1.0 2.5516889392121866 9.78051164592419 5.267107196250563 0.016589015394405805 638.0884563207966 32.0 638.8508580036837 32.0 2.5516934935391573 9.715001578285072 
294.19 78.87 6.0 -1.0 1.7528157081 61.05257527429996 1.1975890895574548 0.011059343596270537 221.05402244293467 32.0 221.0761755981144 32.0 1.7528085057468465 61.022353663603106 
294.19 78.87 6.0 -1.0 1.1005167036283978 0.0 1.5042420738058901 0.013824179495338172 112.73487792257659 32.0 -1.0 -1.0 -1.0 -1.0 
294.19 78.87 6.0 -1.0 2.27252128588 168.0332232776563 1.8126995735709859 0.01520659744487199 244.50160386699557 32.0 244.75278999084486 32.0 2.272524094829957 167.98856895784598 
296.52 79.31 6.0 -1.0 1.707787667113 76.11611969354772 4.868203641414099 0.03041319488974398 280.09521155215714 32.0 289.90493291486325 32.0 1.7077885180090866 75.99964776345924 
296.52 79.31 6.0 -1.0 0.762838173423 19.73130181473469 1.4481584463104342 0.02350110514207489 104.54771794163403 32.0 104.58098644173603 32.0 0.7628386811120437 19.632399022784412 
296.52 79.31 6.0 -1.0 0.4329617993720772 26.483265300222804 3.5797721545813097 0.022118687192541075 269.5989710106916 32.0 274.9205945716517 32.0 0.43296495277900254 26.817452273391083 
296.52 79.31 6.0 -1.0 0.7868706767511885 0.0 2.5184893228948138 0.05391430003181888 16.10985576213921 16.0 -1.0 -1.0 -1.0 -1.0 
296.52 79.31 6.0 -1.0 2.66608189885 169.2052202791871 3.926986478874693 0.017971433343939622 298.7669544897514 32.0 299.0997826364491 32.0 2.6660776105321324 169.20294415513166 
297.27 79.76 6.0 -1.0 1.2175987727243358 49.63790610363602 5.32933066309083 0.013824179495338172 855.929529644011 32.0 857.254180560916 32.0 1.2176011902435373 49.58698722249672 
297.27 79.76 6.0 -1.0 0.00963670515349142 94.60480570041777 6.666262149960813 0.03317803078881161 19.152874367411655 1.0 -1.0 -1.0 -1.0 -1.0 
297.27 79.76 6.0 -1.0 2.251542 86.41362037680379 1.1473765527464062 0.011059343596270537 180.3746628677273 32.0 180.37465897854977 32.0 2.2515375045865467 86.42303487349427 
297.27 79.76 6.0 -1.0 0.45130391517 56.40748075125089 2.236325178527656 0.031795612839277794 105.86029254981453 16.0 108.36604246705402 32.0 0.45130642926475656 56.2660508075677 
297.27 79.76 6.0 -1.0 3.85557384197 112.81496150250177 1.8673560055177587 0.02073626924300726 149.27173091478085 32.0 149.4110549227765 32.0 3.8555754144908865 112.83569541445681 
289.23 78.88 6.0 -1.0 6.456229971471407 40.8543356616449 2.355251037203052 0.011059343596270537 345.1496890712363 32.0 345.2165853091089 32.0 6.456230039475487 40.883964975283 
289.23 78.88 6.0 -1.0 0.011163339112402308 54.57615260932363 4.076252011294517 0.05529671798135268 5.483633828315173 1.0 -1.0 -1.0 -1.0 -1.0 
291.39 14.17 6.0 -1.0 1.0178131725710262 63.41292707228371 0.2599809307044156 0.013824179495338172 3.918885224960712 32.0 -1.0 -1.0 -1.0 -1.0 
291.39 14.17 6.0 -1.0 1.1366337475 69.68356470756524 0.27117105099098315 0.012441761545804354 1.286331531774028 32.0 -1.0 -1.0 -1.0 -1.0 
291.39 14.17 6.0 -1.0 1.6888011384 90.96840513154905 0.8072177425408391 0.013824179495338172 19.110747240033827 32.0 19.11074662353218 32.0 1.6888103952320914 90.9769418633154 
291.39 14.17 6.0 -1.0 104.491133 62.794695192748904 0.19396741271167336 0.022118687192541075 1.595571088126878 4.0 -1.0 -1.0 -1.0 -1.0 
291.39 14.17 6.0 -1.0 0.010515955496278548 0.0 0.667547921863847 0.03456044873834543 6.636509326476752 4.0 -1.0 -1.0 -1.0 -1.0 
291.39 14.17 6.0 -1.0 5.4199894818 294.366693498498 0.04065003333666847 0.011059343596270537 2.4611117855690203 1.0 -1.0 -1.0 -1.0 -1.0 
291.39 14.17 6.0 -1.0 0.10321920367257825 883.1000804954941 0.08806320341568248 0.02350110514207489 2.5440086489452898 8.0 -1.0 -1.0 -1.0 -1.0 
291.39 14.17 6.0 -1.0 0.217252 195.89118697259786 6.773031233020212 0.029030776940210157 56.4425343377608 32.0 56.9127503218681 32.0 0.21724796776349348 195.61560469609418 
291.39 14.17 6.0 -1.0 9.283479079243 106.60083979978612 2.830382852894209 0.013824179495338172 63.21505065074054 32.0 63.46704359325556 32.0 9.28348526940681 106.56142356181435 
291.39 14.17 6.0 -1.0 32.10055972106885 588.733386996996 3.8358214714603345 0.07465056927482613 11.473122917738769 2.0 11.599815835927467 2.0 32.100554866095386 588.6683768842109 
293.67 79.77 6.0 -1.0 0.970346 7.868577069794898 1.8002197938065532 0.024883523091608708 139.49047709334516 32.0 139.69912281789095 32.0 0.970347476444052 8.095834648570891 
293.67 79.77 6.0 -1.0 2.414783230685903 41.15999318924492 4.079069040987993 0.03041319488974398 338.0083126827194 16.0 349.19676735823316 32.0 2.4147842244322724 41.18755877460441 
293.67 79.77 6.0 -1.0 0.0036209583502459165 55.563490198361 3.366299210800548 0.02350110514207489 119.15663832188189 4.0 -1.0 -1.0 -1.0 -1.0 
294.19 78.87 6.0 -1.0 2.5516889392121866 9.78051164592419 5.267107196250563 0.016589015394405805 638.0884563207966 32.0 638.8508580036837 32.0 2.5516934935391573 9.715001578285072 
294.19 78.87 6.0 -1.0 1.7528157081 61.05257527429996 1.1975890895574548 0.011059343596270537 221.05402244293467 32.0 221.0761755981144 32.0 1.7528085057468465 61.022353663603106 
294.19 78.87 6.0 -1.0 1.1005167036283978 0.0 1.5042420738058901 0.013824179495338172 112.73487792257659 32.0 -1.0 -1.0 -1.0 -1.0 
294.19 78.87 6.0 -1.0 2.27252128588 168.0332232776563 1.8126995735709859 0.01520659744487199 244.50160386699557 32.0 244.75278999084486 32.0 2.272524094829957 167.98856895784598 
295.47 79.76 6.0 -1.0 0.01061305307569805 0.0 2.717336449659425 0.00552967179813527 33.32326030062495 16.0 -1.0 -1.0 -1.0 -1.0 
295.47 79.76 6.0 -1.0 1.02145 112.04107294982744 2.351999059352172 0.022118687192541075 266.3440896005981 32.0 266.5223916742062 32.0 1.021445920438661 112.02611194959972 
296.52 79.31 6.0 -1.0 1.707787667113 76.11611969354772 4.868203641414099 0.03041319488974398 280.09521155215714 32.0 289.90493291486325 32.0 1.7077885180090866 75.99964776345924 
296.52 79.31 6.0 -1.0 0.762838173423 19.73130181473469 1.4481584463104342 0.02350110514207489 104.54771794163403 32.0 104.58098644173603 32.0 0.7628386811120437 19.632399022784412 
296.52 79.31 6.0 -1.0 0.4329617993720772 26.483265300222804 3.5797721545813097 0.022118687192541075 269.5989710106916 32.0 274.9205945716517 32.0 0.43296495277900254 26.817452273391083 
296.52 79.31 6.0 -1.0 0.7868706767511885 0.0 2.5184893228948138 0.05391430003181888 16.10985576213921 16.0 -1.0 -1.0 -1.0 -1.0 
296.52 79.31 6.0 -1.0 2.66608189885 169.2052202791871 3.926986478874693 0.017971433343939622 298.7669544897514 32.0 299.0997826364491 32.0 2.6660776105321324 169.20294415513166 
297.27 79.76 6.0 -1.0 1.2175987727243358 49.63790610363602 5.32933066309083 0.013824179495338172 855.929529644011 32.0 857.254180560916 32.0 1.2176011902435373 49.58698722249672 
297.27 79.76 6.0 -1.0 0.00963670515349142 94.60480570041777 6.666262149960813 0.03317803078881161 19.152874367411655 1.0 -1.0 -1.0 -1.0 -1.0 
297.27 79.76 6.0 -1.0 2.251542 86.41362037680379 1.1473765527464062 0.011059343596270537 180.3746628677273 32.0 180.37465897854977 32.0 2.2515375045865467 86.42303487349427 
297.27 79.76 6.0 -1.0 0.45130391517 56.40748075125089 2.236325178527656 0.031795612839277794 105.86029254981453 16.0 108.36604246705402 32.0 0.45130642926475656 56.2660508075677 
297.27 79.76 6.0 -1.0 3.85557384197 112.81496150250177 1.8673560055177587 0.02073626924300726 149.27173091478085 32.0 149.4110549227765 32.0 3.8555754144908865 112.83569541445681 
298.57 39.13 6.0 -1.0 0.062261945802573895 48.89813038636894 0.03222929644301044 0.049767046183217416 1.2910100117612022 8.0 -1.0 -1.0 -1.0 -1.0 
298.57 39.13 6.0 -1.0 58.07250876916154 55.850250069163764 0.34178529631750376 0.06635606157762322 1.4196952808964731 1.0 -1.0 -1.0 -1.0 -1.0 
298.57 39.13 6.0 -1.0 1.4103082645658 52.724129137974145 0.20259590509116915 0.009676925646736721 8.39206396689125 32.0 8.589441565929011 32.0 1.4102928010591618 52.72412314881794 
298.57 39.13 6.0 -1.0 59.594756 230.53975404489404 0.4612818816800296 0.04285495643554833 3.889827232224349 2.0 -1.0 -1.0 -1.0 -1.0 
298.57 39.13 6.0 -1.0 29.281723720712563 83.79870436442617 0.37649358067924693 0.013824179495338172 16.55741623936008 8.0 16.557417090141207 8.0 29.281727620400492 83.79188861270873 
298.57 39.13 6.0 -1.0 1.4566001023496797 0.0 0.3113503261046008 0.05391430003181887 1.8806065539781303 4.0 -1.0 -1.0 -1.0 -1.0 
298.57 39.13 6.0 -1.0 0.732773180015 466.53855508902967 0.9917441330617631 0.11750552571037447 1.9662472873434758 2.0 -1.0 -1.0 -1.0 -1.0 
298.57 39.13 6.0 -1.0 400.13439317157656 34.71393989261307 1.038010197698108 0.0884747487701643 0.5586190121201278 1.0 -1.0 -1.0 -1.0 -1.0 
298.57 39.13 6.0 -1.0 1.2690139217352538 155.51285169634323 1.1975890895574548 0.04147253848601452 16.35410058460346 16.0 16.839720151384967 16.0 1.2689876408937077 155.54122318566826 
298.57 39.13 6.0 -1.0 67.3765811248755 311.02570339268647 8.739652189151094 0.08570991287109667 9041.897438029018 4.0 9041.897219916465 4.0 67.3765801669409 310.9812484382294 
298.92 38.74 6.0 -1.0 2.343743 75.1303152532178 0.7846743728309856 0.029030776940210157 6.034064818878452 16.0 10.945838123578067 16.0 2.343767846468836 75.2912622317093 
298.92 38.74 6.0 -1.0 245.8392716170269 101.5853533165193 0.01396093456155592 0.017971433343939622 1.3475936850227115 1.0 -1.0 -1.0 -1.0 -1.0 
298.92 38.74 6.0 -1.0 1.5042184955592726 53.75703591394033 0.08721557721439982 0.009676925646736721 1.8733357190253703 1.0 -1.0 -1.0 -1.0 -1.0 
298.92 38.74 6.0 -1.0 0.003843871913492291 0.0 0.20371870326560237 0.013824179495338172 2.9276893517181968 1.0 -1.0 -1.0 -1.0 -1.0 
298.92 38.74 6.0 -1.0 46.49598409213 332.10787896415775 0.01786591249426744 0.06497364362808941 1.730373886474168 8.0 -1.0 -1.0 -1.0 -1.0 
298.92 38.74 6.0 -1.0 11.841981267492002 498.1618184462366 0.09371242574197479 0.09538683851783337 1.804351106030663 2.0 -1.0 -1.0 -1.0 -1.0 
298.92 38.74 6.0 -1.0 92.37324886478785 36.61855551134953 1.1505515732568443 0.02350110514207489 17.599227546084844 2.0 -1.0 -1.0 -1.0 -1.0 
298.92 38.74 6.0 -1.0 0.473649743674 20.87506769966728 2.899654371493131 0.01520659744487199 140.34515495124649 32.0 140.89567401705068 32.0 0.47363452419328195 21.04917008628432 
298.92 38.74 6.0 -1.0 0.6027636566114403 177.7120918489575 1.3922408471454342 0.013824179495338172 73.36292614567199 32.0 73.40230421394807 32.0 0.6027524553549787 177.7035705361311 
298.92 38.74 6.0 -1.0 4.3217007 166.05393948207887 1.8544999360231633 0.03456044873834543 48.950865490412426 16.0 50.1454895656437 32.0 4.321706607394542 166.06580822881043 
299.12 39.52 6.0 -1.0 3.255405118685032 116.67574566386645 0.04616006658852638 0.009676925646736721 1.327180539759636 1.0 -1.0 -1.0 -1.0 -1.0 
299.12 39.52 6.0 -1.0 3.435246 134.95607125568347 0.12017329822537279 0.08985716671969811 0.31780224635709275 1.0 -1.0 -1.0 -1.0 -1.0 
299.12 39.52 6.0 -1.0 0.7816149446 36.36771898741435 0.4628780072936351 0.016589015394405805 7.3533226590248795 16.0 13.638308336493674 32.0 0.7816197467036546 36.431255918569015 
299.12 39.52 6.0 -1.0 1.672008955802 0.0 0.04738791128666746 0.027648358990676344 0.12911928534966347 8.0 -1.0 -1.0 -1.0 -1.0 
299.12 39.52 6.0 -1.0 1.1345091894 160.760752500069 0.4310855408791507 0.03041319488974398 6.260163280631148 16.0 6.674612563144688 16.0 1.1345036909915507 160.39872397481082 
299.12 39.52 6.0 -1.0 9.89892959273002 321.521505000138 0.468022817466339 0.006912089747669086 20.892109642942096 16.0 21.66130297249734 16.0 9.898940334096551 321.5058334813716 
299.12 39.52 6.0 -1.0 2.18492568145 482.282257500207 0.30454281996177057 0.013824179495338172 9.077063313385178 16.0 9.746893458149037 16.0 2.1849094385591648 482.1069533223966 
299.12 39.52 6.0 -1.0 25.958797047369 79.68099703873807 7.664581540072594 0.024883523091608708 234.3392079920464 16.0 234.33920108616218 16.0 25.95879777800292 79.64277335531615 
299.12 39.52 6.0 -1.0 2.5319475773331 225.2483390865053 3.652214325520265 0.012441761545804354 246.1669982609178 32.0 246.2084893869579 32.0 2.531942300265655 225.26659909648507 
299.12 39.52 6.0 -1.0 1.2459000213660947 161.4842482358929 1.6018448970356192 0.04009012053648069 24.394211173632197 16.0 25.594302847364542 16.0 1.2458864754686754 161.41070330588218 
299.39 39.13 6.0 -1.0 12.6998621581 90.52098615999797 0.08655531263517098 0.022118687192541075 1.2090145097725364 16.0 -1.0 -1.0 -1.0 -1.0 
299.39 39.13 6.0 -1.0 2.1933 20.405578236067342 0.6369134321932862 0.024883523091608708 17.908163244599635 32.0 17.90816369647774 32.0 2.193307106305535 20.4419824876415 
299.39 39.13 6.0 -1.0 3.121390202582 72.41678892799838 0.959396654743631 0.15483081034778753 -2.5365217167868073 4.0 -1.0 -1.0 -1.0 -1.0 
299.39 39.13 6.0 -1.0 115.381509 125.34855202155653 0.01061213045816599 0.07879782312342758 0.5668033733575139 4.0 -1.0 -1.0 -1.0 -1.0 
299.39 39.13 6.0 -1.0 8.351100256070806 31.145356255050153 0.025819105619600408 0.045619792334615966 0.41539573031634347 2.0 -1.0 -1.0 -1.0 -1.0 
299.39 39.13 6.0 -1.0 1.579516 0.0 0.0751255351635512 0.017971433343939622 0.16073714586181476 16.0 -1.0 -1.0 -1.0 -1.0 
299.39 39.13 6.0 -1.0 1.6888011384 96.91371117129727 1.1038353304926376 0.027648358990676344 25.914396196329598 16.0 26.0888004191071 16.0 1.6888103952320914 96.84642198352931 
299.39 39.13 6.0 -1.0 0.89398205209 170.45561970128435 5.570248719345163 0.06635606157762322 50.29617581620748 8.0 51.59252719626085 16.0 0.8939726588626703 170.7209131517387 
299.39 39.13 6.0 -1.0 0.66278 340.9112394025687 5.422173590099175 0.02211868719254107 246.63548004191367 32.0 247.2112078543145 32.0 0.6627791056719919 341.0370345710488 
299.39 39.13 6.0 -1.0 4.288817218684 511.366859103853 2.8598656705762258 0.02073626924300726 109.11052670351323 16.0 109.34369198275553 16.0 4.28881321568042 511.35315599035897 
299.81 39.13 6.0 -1.0 338.983051 54.36115168116158 0.014815525888514983 0.02073626924300726 1.967088486459791 1.0 -1.0 -1.0 -1.0 -1.0 
299.81 39.13 6.0 -1.0 0.10659359079457086 105.3481629131476 0.4788152971972425 0.0483846282336836 0.38918487058606005 4.0 -1.0 -1.0 -1.0 -1.0 
299.81 39.13 6.0 -1.0 3.522355067817 40.543243175014105 0.47159300720092434 0.012441761545804354 15.342868657840112 32.0 15.37821308946246 32.0 3.522351714006315 40.479173242854465 
299.81 39.13 6.0 -1.0 0.854047 46.755946224289715 0.09377718883445076 0.019353851293473442 1.8619182939233654 8.0 -1.0 -1.0 -1.0 -1.0 
299.81 39.13 6.0 -1.0 5.519419001073 19.762822630885342 0.011331970376636379 0.04147253848601452 0.7548074233237224 1.0 -1.0 -1.0 -1.0 -1.0 
299.81 39.13 6.0 -1.0 268.26957952797216 0.0 0.6834133659933387 0.04147253848601452 5.62177769328702 1.0 -1.0 -1.0 -1.0 -1.0 
299.81 39.13 6.0 -1.0 0.771087 357.01619419371735 0.44654474870503197 0.011059343596270537 16.380829647731055 16.0 16.4599904381263 32.0 0.7710999246531477 356.9251100688692 
299.81 39.13 6.0 -1.0 245.4261196602377 535.524291290576 0.010444842371142099 0.02073626924300726 1.554426160349676 1.0 -1.0 -1.0 -1.0 -1.0 
299.81 39.13 6.0 -1.0 3.39287005624701 69.35733145527512 3.1307584754395146 0.035942866687879244 76.84134689765416 32.0 77.09127294537214 32.0 3.3928699849639092 69.4217821114954 
299.81 39.13 6.0 -1.0 0.01816974111633454 178.50809709685868 2.0741095118420954 0.02350110514207489 1.158863696361768 1.0 -1.0 -1.0 -1.0 -1.0 
299.95 39.52 6.0 -1.0 20.088207070863376 49.579310854076596 0.05216410220767706 0.023501105142074888 1.1039430296018007 1.0 -1.0 -1.0 -1.0 -1.0 
299.95 39.52 6.0 -1.0 398.406375 65.18859228625654 0.7322956741270126 0.019353851293473442 6.932286926107194 1.0 -1.0 -1.0 -1.0 -1.0 
299.95 39.52 6.0 -1.0 0.0014376993196681743 2.9102050127793095 0.464158883361278 0.012441761545804354 4.945439098258765 1.0 -1.0 -1.0 -1.0 -1.0 
299.95 39.52 6.0 -1.0 1.09911524378 53.918161964038475 0.2762766201625743 0.08018024107296139 -0.32007148277154723 1.0 -1.0 -1.0 -1.0 -1.0 
299.95 39.52 6.0 -1.0 0.763359 76.30028415323207 0.08794161145692235 0.03456044873834543 -0.39728745743139093 16.0 -1.0 -1.0 -1.0 -1.0 
299.95 39.52 6.0 -1.0 2.266492130584 0.0 0.015453216954363694 0.02073626924300726 0.9323580880941322 2.0 -1.0 -1.0 -1.0 -1.0 
299.95 39.52 6.0 -1.0 0.8313288172 176.35842377442614 0.9587340896247087 0.016589015394405805 23.409506935224154 32.0 24.441014229628507 32.0 0.8313387904005747 176.38799740573833 
299.95 39.52 6.0 -1.0 23.270554003715503 352.7168475488523 0.02665278366645541 0.04838462823368359 1.3536164847507348 1.0 -1.0 -1.0 -1.0 -1.0 
299.95 39.52 6.0 -1.0 125.10334085032453 96.35424233220222 4.925714623546535 0.049767046183217416 37.14923320582765 2.0 37.49638671070421 2.0 125.10330028211078 96.34043231799362 
299.95 39.52 6.0 -1.0 494.3250341583081 529.0752713232785 4.898566485950711 0.030413194889743977 32.36676787913604 1.0 -1.0 -1.0 -1.0 -1.0 
84.68 22.35 6.0 -1.0 14.10148032791797 114.2366445241501 0.019104167305247822 0.1755670795907948 1.333947690722844 1.0 -1.0 -1.0 -1.0 -1.0 
84.68 22.35 6.0 -1.0 0.19731861899116993 96.12131149105034 0.04571576658153368 0.07741540517389377 3.782514279831723 4.0 -1.0 -1.0 -1.0 -1.0 
84.68 22.35 6.0 -1.0 1.244555 93.20084892263004 0.06782395925350981 0.012441761545804356 0.019251987286915524 1.0 -1.0 -1.0 -1.0 -1.0 
84.68 22.35 6.0 -1.0 0.08053550660879588 88.84131784223455 0.959396654743631 0.019353851293473442 6.374094571467665 32.0 -1.0 -1.0 -1.0 -1.0 
84.68 22.35 6.0 -1.0 0.7817427462 141.07103971804085 0.02704227371659052 0.03041319488974398 3.3863656123013524 1.0 -1.0 -1.0 -1.0 -1.0 
84.68 22.35 6.0 -1.0 0.0026249295204437808 282.1420794360817 0.014381884001221652 0.049767046183217416 1.375228784927614 2.0 -1.0 -1.0 -1.0 -1.0 
84.68 22.35 6.0 -1.0 0.499765 142.51010823001607 1.0568233500032589 0.013824179495338172 56.90418736201594 32.0 57.60899355811654 32.0 0.4997673386242241 142.4866898148477 
84.68 22.35 6.0 -1.0 1.12648201282 63.61529333819844 1.1537353796843521 0.016589015394405805 58.080746750353384 32.0 58.124009842092526 32.0 1.12646982112589 63.65349992438864 
84.68 22.35 6.0 -1.0 382.76240356282 0.0 2.562364236117258 0.01520659744487199 23.88403562809395 1.0 -1.0 -1.0 -1.0 -1.0 
84.68 22.35 6.0 -1.0 1.61233860788 423.2131191541225 1.9612332745026024 0.011059343596270537 139.01939621079111 32.0 139.19329230650592 32.0 1.6123522073030474 423.2097562540434 
289.23 78.88 6.0 -1.0 6.456229971471407 40.8543356616449 2.355251037203052 0.011059343596270537 345.1496890712363 32.0 345.2165853091089 32.0 6.456230039475487 40.883964975283 
289.23 78.88 6.0 -1.0 0.011163339112402308 54.57615260932363 4.076252011294517 0.05529671798135268 5.483633828315173 1.0 -1.0 -1.0 -1.0 -1.0 
291.39 14.17 6.0 -1.0 1.0178131725710262 63.41292707228371 0.2599809307044156 0.013824179495338172 3.918885224960712 32.0 -1.0 -1.0 -1.0 -1.0 
291.39 14.17 6.0 -1.0 1.1366337475 69.68356470756524 0.27117105099098315 0.012441761545804354 1.286331531774028 32.0 -1.0 -1.0 -1.0 -1.0 
291.39 14.17 6.0 -1.0 1.6888011384 90.96840513154905 0.8072177425408391 0.013824179495338172 19.110747240033827 32.0 19.11074662353218 32.0 1.6888103952320914 90.9769418633154 
291.39 14.17 6.0 -1.0 104.491133 62.794695192748904 0.19396741271167336 0.022118687192541075 1.595571088126878 4.0 -1.0 -1.0 -1.0 -1.0 
291.39 14.17 6.0 -1.0 0.010515955496278548 0.0 0.667547921863847 0.03456044873834543 6.636509326476752 4.0 -1.0 -1.0 -1.0 -1.0 
291.39 14.17 6.0 -1.0 5.4199894818 294.366693498498 0.04065003333666847 0.011059343596270537 2.4611117855690203 1.0 -1.0 -1.0 -1.0 -1.0 
291.39 14.17 6.0 -1.0 0.10321920367257825 883.1000804954941 0.08806320341568248 0.02350110514207489 2.5440086489452898 8.0 -1.0 -1.0 -1.0 -1.0 
291.39 14.17 6.0 -1.0 0.217252 195.89118697259786 6.773031233020212 0.029030776940210157 56.4425343377608 32.0 56.9127503218681 32.0 0.21724796776349348 195.61560469609418 
291.39 14.17 6.0 -1.0 9.283479079243 106.60083979978612 2.830382852894209 0.013824179495338172 63.21505065074054 32.0 63.46704359325556 32.0 9.28348526940681 106.56142356181435 
291.39 14.17 6.0 -1.0 32.10055972106885 588.733386996996 3.8358214714603345 0.07465056927482613 11.473122917738769 2.0 11.599815835927467 2.0 32.100554866095386 588.6683768842109 
293.67 79.77 6.0 -1.0 0.970346 7.868577069794898 1.8002197938065532 0.024883523091608708 139.49047709334516 32.0 139.69912281789095 32.0 0.970347476444052 8.095834648570891 
293.67 79.77 6.0 -1.0 2.414783230685903 41.15999318924492 4.079069040987993 0.03041319488974398 338.0083126827194 16.0 349.19676735823316 32.0 2.4147842244322724 41.18755877460441 
293.67 79.77 6.0 -1.0 0.0036209583502459165 55.563490198361 3.366299210800548 0.02350110514207489 119.15663832188189 4.0 -1.0 -1.0 -1.0 -1.0 
294.19 78.87 6.0 -1.0 2.5516889392121866 9.78051164592419 5.267107196250563 0.016589015394405805 638.0884563207966 32.0 638.8508580036837 32.0 2.5516934935391573 9.715001578285072 
294.19 78.87 6.0 -1.0 1.7528157081 61.05257527429996 1.1975890895574548 0.011059343596270537 221.05402244293467 32.0 221.0761755981144 32.0 1.7528085057468465 61.022353663603106 
294.19 78.87 6.0 -1.0 1.1005167036283978 0.0 1.5042420738058901 0.013824179495338172 112.73487792257659 32.0 -1.0 -1.0 -1.0 -1.0 
294.19 78.87 6.0 -1.0 2.27252128588 168.0332232776563 1.8126995735709859 0.01520659744487199 244.50160386699557 32.0 244.75278999084486 32.0 2.272524094829957 167.98856895784598 
295.47 79.76 6.0 -1.0 0.01061305307569805 0.0 2.717336449659425 0.00552967179813527 33.32326030062495 16.0 -1.0 -1.0 -1.0 -1.0 
295.47 79.76 6.0 -1.0 1.02145 112.04107294982744 2.351999059352172 0.022118687192541075 266.3440896005981 32.0 266.5223916742062 32.0 1.021445920438661 112.02611194959972 
296.52 79.31 6.0 -1.0 1.707787667113 76.11611969354772 4.868203641414099 0.03041319488974398 280.09521155215714 32.0 289.90493291486325 32.0 1.7077885180090866 75.99964776345924 
296.52 79.31 6.0 -1.0 0.762838173423 19.73130181473469 1.4481584463104342 0.02350110514207489 104.54771794163403 32.0 104.58098644173603 32.0 0.7628386811120437 19.632399022784412 
296.52 79.31 6.0 -1.0 0.4329617993720772 26.483265300222804 3.5797721545813097 0.022118687192541075 269.5989710106916 32.0 274.9205945716517 32.0 0.43296495277900254 26.817452273391083 
296.52 79.31 6.0 -1.0 0.7868706767511885 0.0 2.5184893228948138 0.05391430003181888 16.10985576213921 16.0 -1.0 -1.0 -1.0 -1.0 
296.52 79.31 6.0 -1.0 2.66608189885 169.2052202791871 3.926986478874693 0.017971433343939622 298.7669544897514 32.0 299.0997826364491 32.0 2.6660776105321324 169.20294415513166 
297.27 79.76 6.0 -1.0 1.2175987727243358 49.63790610363602 5.32933066309083 0.013824179495338172 855.929529644011 32.0 857.254180560916 32.0 1.2176011902435373 49.58698722249672 
297.27 79.76 6.0 -1.0 0.00963670515349142 94.60480570041777 6.666262149960813 0.03317803078881161 19.152874367411655 1.0 -1.0 -1.0 -1.0 -1.0 
297.27 79.76 6.0 -1.0 2.251542 86.41362037680379 1.1473765527464062 0.011059343596270537 180.3746628677273 32.0 180.37465897854977 32.0 2.2515375045865467 86.42303487349427 
297.27 79.76 6.0 -1.0 0.45130391517 56.40748075125089 2.236325178527656 0.031795612839277794 105.86029254981453 16.0 108.36604246705402 32.0 0.45130642926475656 56.2660508075677 
297.27 79.76 6.0 -1.0 3.85557384197 112.81496150250177 1.8673560055177587 0.02073626924300726 149.27173091478085 32.0 149.4110549227765 32.0 3.8555754144908865 112.83569541445681 
298.57 39.13 6.0 -1.0 0.062261945802573895 48.89813038636894 0.03222929644301044 0.049767046183217416 1.2910100117612022 8.0 -1.0 -1.0 -1.0 -1.0 
298.57 39.13 6.0 -1.0 58.07250876916154 55.850250069163764 0.34178529631750376 0.06635606157762322 1.4196952808964731 1.0 -1.0 -1.0 -1.0 -1.0 
298.57 39.13 6.0 -1.0 1.4103082645658 52.724129137974145 0.20259590509116915 0.009676925646736721 8.39206396689125 32.0 8.589441565929011 32.0 1.4102928010591618 52.72412314881794 
298.57 39.13 6.0 -1.0 59.594756 230.53975404489404 0.4612818816800296 0.04285495643554833 3.889827232224349 2.0 -1.0 -1.0 -1.0 -1.0 
298.57 39.13 6.0 -1.0 29.281723720712563 83.79870436442617 0.37649358067924693 0.013824179495338172 16.55741623936008 8.0 16.557417090141207 8.0 29.281727620400492 83.79188861270873 
298.57 39.13 6.0 -1.0 1.4566001023496797 0.0 0.3113503261046008 0.05391430003181887 1.8806065539781303 4.0 -1.0 -1.0 -1.0 -1.0 
298.57 39.13 6.0 -1.0 0.732773180015 466.53855508902967 0.9917441330617631 0.11750552571037447 1.9662472873434758 2.0 -1.0 -1.0 -1.0 -1.0 
298.57 39.13 6.0 -1.0 400.13439317157656 34.71393989261307 1.038010197698108 0.0884747487701643 0.5586190121201278 1.0 -1.0 -1.0 -1.0 -1.0 
298.57 39.13 6.0 -1.0 1.2690139217352538 155.51285169634323 1.1975890895574548 0.04147253848601452 16.35410058460346 16.0 16.839720151384967 16.0 1.2689876408937077 155.54122318566826 
298.57 39.13 6.0 -1.0 67.3765811248755 311.02570339268647 8.739652189151094 0.08570991287109667 9041.897438029018 4.0 9041.897219916465 4.0 67.3765801669409 310.9812484382294 
298.92 38.74 6.0 -1.0 2.343743 75.1303152532178 0.7846743728309856 0.029030776940210157 6.034064818878452 16.0 10.945838123578067 16.0 2.343767846468836 75.2912622317093 
298.92 38.74 6.0 -1.0 245.8392716170269 101.5853533165193 0.01396093456155592 0.017971433343939622 1.3475936850227115 1.0 -1.0 -1.0 -1.0 -1.0 
298.92 38.74 6.0 -1.0 1.5042184955592726 53.75703591394033 0.08721557721439982 0.009676925646736721 1.8733357190253703 1.0 -1.0 -1.0 -1.0 -1.0 
298.92 38.74 6.0 -1.0 0.003843871913492291 0.0 0.20371870326560237 0.013824179495338172 2.9276893517181968 1.0 -1.0 -1.0 -1.0 -1.0 
298.92 38.74 6.0 -1.0 46.49598409213 332.10787896415775 0.01786591249426744 0.06497364362808941 1.730373886474168 8.0 -1.0 -1.0 -1.0 -1.0 
298.92 38.74 6.0 -1.0 11.841981267492002 498.1618184462366 0.09371242574197479 0.09538683851783337 1.804351106030663 2.0 -1.0 -1.0 -1.0 -1.0 
298.92 38.74 6.0 -1.0 92.37324886478785 36.61855551134953 1.1505515732568443 0.02350110514207489 17.599227546084844 2.0 -1.0 -1.0 -1.0 -1.0 
298.92 38.74 6.0 -1.0 0.473649743674 20.87506769966728 2.899654371493131 0.01520659744487199 140.34515495124649 32.0 140.89567401705068 32.0 0.47363452419328195 21.04917008628432 
298.92 38.74 6.0 -1.0 0.6027636566114403 177.7120918489575 1.3922408471454342 0.013824179495338172 73.36292614567199 32.0 73.40230421394807 32.0 0.6027524553549787 177.7035705361311 
298.92 38.74 6.0 -1.0 4.3217007 166.05393948207887 1.8544999360231633 0.03456044873834543 48.950865490412426 16.0 50.1454895656437 32.0 4.321706607394542 166.06580822881043 
299.12 39.52 6.0 -1.0 3.255405118685032 116.67574566386645 0.04616006658852638 0.009676925646736721 1.327180539759636 1.0 -1.0 -1.0 -1.0 -1.0 
299.12 39.52 6.0 -1.0 3.435246 134.95607125568347 0.12017329822537279 0.08985716671969811 0.31780224635709275 1.0 -1.0 -1.0 -1.0 -1.0 
299.12 39.52 6.0 -1.0 0.7816149446 36.36771898741435 0.4628780072936351 0.016589015394405805 7.3533226590248795 16.0 13.638308336493674 32.0 0.7816197467036546 36.431255918569015 
299.12 39.52 6.0 -1.0 1.672008955802 0.0 0.04738791128666746 0.027648358990676344 0.12911928534966347 8.0 -1.0 -1.0 -1.0 -1.0 
299.12 39.52 6.0 -1.0 1.1345091894 160.760752500069 0.4310855408791507 0.03041319488974398 6.260163280631148 16.0 6.674612563144688 16.0 1.1345036909915507 160.39872397481082 
299.12 39.52 6.0 -1.0 9.89892959273002 321.521505000138 0.468022817466339 0.006912089747669086 20.892109642942096 16.0 21.66130297249734 16.0 9.898940334096551 321.5058334813716 
299.12 39.52 6.0 -1.0 2.18492568145 482.282257500207 0.30454281996177057 0.013824179495338172 9.077063313385178 16.0 9.746893458149037 16.0 2.1849094385591648 482.1069533223966 
299.12 39.52 6.0 -1.0 25.958797047369 79.68099703873807 7.664581540072594 0.024883523091608708 234.3392079920464 16.0 234.33920108616218 16.0 25.95879777800292 79.64277335531615 
299.12 39.52 6.0 -1.0 2.5319475773331 225.2483390865053 3.652214325520265 0.012441761545804354 246.1669982609178 32.0 246.2084893869579 32.0 2.531942300265655 225.26659909648507 
299.12 39.52 6.0 -1.0 1.2459000213660947 161.4842482358929 1.6018448970356192 0.04009012053648069 24.394211173632197 16.0 25.594302847364542 16.0 1.2458864754686754 161.41070330588218 
299.39 39.13 6.0 -1.0 12.6998621581 90.52098615999797 0.08655531263517098 0.022118687192541075 1.2090145097725364 16.0 -1.0 -1.0 -1.0 -1.0 
299.39 39.13 6.0 -1.0 2.1933 20.405578236067342 0.6369134321932862 0.024883523091608708 17.908163244599635 32.0 17.90816369647774 32.0 2.193307106305535 20.4419824876415 
299.39 39.13 6.0 -1.0 3.121390202582 72.41678892799838 0.959396654743631 0.15483081034778753 -2.5365217167868073 4.0 -1.0 -1.0 -1.0 -1.0 
299.39 39.13 6.0 -1.0 115.381509 125.34855202155653 0.01061213045816599 0.07879782312342758 0.5668033733575139 4.0 -1.0 -1.0 -1.0 -1.0 
299.39 39.13 6.0 -1.0 8.351100256070806 31.145356255050153 0.025819105619600408 0.045619792334615966 0.41539573031634347 2.0 -1.0 -1.0 -1.0 -1.0 
299.39 39.13 6.0 -1.0 1.579516 0.0 0.0751255351635512 0.017971433343939622 0.16073714586181476 16.0 -1.0 -1.0 -1.0 -1.0 
299.39 39.13 6.0 -1.0 1.6888011384 96.91371117129727 1.1038353304926376 0.027648358990676344 25.914396196329598 16.0 26.0888004191071 16.0 1.6888103952320914 96.84642198352931 
299.39 39.13 6.0 -1.0 0.89398205209 170.45561970128435 5.570248719345163 0.06635606157762322 50.29617581620748 8.0 51.59252719626085 16.0 0.8939726588626703 170.7209131517387 
299.39 39.13 6.0 -1.0 0.66278 340.9112394025687 5.422173590099175 0.02211868719254107 246.63548004191367 32.0 247.2112078543145 32.0 0.6627791056719919 341.0370345710488 
299.39 39.13 6.0 -1.0 4.288817218684 511.366859103853 2.8598656705762258 0.02073626924300726 109.11052670351323 16.0 109.34369198275553 16.0 4.28881321568042 511.35315599035897 
299.81 39.13 6.0 -1.0 338.983051 54.36115168116158 0.014815525888514983 0.02073626924300726 1.967088486459791 1.0 -1.0 -1.0 -1.0 -1.0 
299.81 39.13 6.0 -1.0 0.10659359079457086 105.3481629131476 0.4788152971972425 0.0483846282336836 0.38918487058606005 4.0 -1.0 -1.0 -1.0 -1.0 
299.81 39.13 6.0 -1.0 3.522355067817 40.543243175014105 0.47159300720092434 0.012441761545804354 15.342868657840112 32.0 15.37821308946246 32.0 3.522351714006315 40.479173242854465 
299.81 39.13 6.0 -1.0 0.854047 46.755946224289715 0.09377718883445076 0.019353851293473442 1.8619182939233654 8.0 -1.0 -1.0 -1.0 -1.0 
299.81 39.13 6.0 -1.0 5.519419001073 19.762822630885342 0.011331970376636379 0.04147253848601452 0.7548074233237224 1.0 -1.0 -1.0 -1.0 -1.0 
299.81 39.13 6.0 -1.0 268.26957952797216 0.0 0.6834133659933387 0.04147253848601452 5.62177769328702 1.0 -1.0 -1.0 -1.0 -1.0 
299.81 39.13 6.0 -1.0 0.771087 357.01619419371735 0.44654474870503197 0.011059343596270537 16.380829647731055 16.0 16.4599904381263 32.0 0.7710999246531477 356.9251100688692 
299.81 39.13 6.0 -1.0 245.4261196602377 535.524291290576 0.010444842371142099 0.02073626924300726 1.554426160349676 1.0 -1.0 -1.0 -1.0 -1.0 
299.81 39.13 6.0 -1.0 3.39287005624701 69.35733145527512 3.1307584754395146 0.035942866687879244 76.84134689765416 32.0 77.09127294537214 32.0 3.3928699849639092 69.4217821114954 
299.81 39.13 6.0 -1.0 0.01816974111633454 178.50809709685868 2.0741095118420954 0.02350110514207489 1.158863696361768 1.0 -1.0 -1.0 -1.0 -1.0 
299.95 39.52 6.0 -1.0 20.088207070863376 49.579310854076596 0.05216410220767706 0.023501105142074888 1.1039430296018007 1.0 -1.0 -1.0 -1.0 -1.0 
299.95 39.52 6.0 -1.0 398.406375 65.18859228625654 0.7322956741270126 0.019353851293473442 6.932286926107194 1.0 -1.0 -1.0 -1.0 -1.0 
299.95 39.52 6.0 -1.0 0.0014376993196681743 2.9102050127793095 0.464158883361278 0.012441761545804354 4.945439098258765 1.0 -1.0 -1.0 -1.0 -1.0 
299.95 39.52 6.0 -1.0 1.09911524378 53.918161964038475 0.2762766201625743 0.08018024107296139 -0.32007148277154723 1.0 -1.0 -1.0 -1.0 -1.0 
299.95 39.52 6.0 -1.0 0.763359 76.30028415323207 0.08794161145692235 0.03456044873834543 -0.39728745743139093 16.0 -1.0 -1.0 -1.0 -1.0 
299.95 39.52 6.0 -1.0 2.266492130584 0.0 0.015453216954363694 0.02073626924300726 0.9323580880941322 2.0 -1.0 -1.0 -1.0 -1.0 
299.95 39.52 6.0 -1.0 0.8313288172 176.35842377442614 0.9587340896247087 0.016589015394405805 23.409506935224154 32.0 24.441014229628507 32.0 0.8313387904005747 176.38799740573833 
299.95 39.52 6.0 -1.0 23.270554003715503 352.7168475488523 0.02665278366645541 0.04838462823368359 1.3536164847507348 1.0 -1.0 -1.0 -1.0 -1.0 
299.95 39.52 6.0 -1.0 125.10334085032453 96.35424233220222 4.925714623546535 0.049767046183217416 37.14923320582765 2.0 37.49638671070421 2.0 125.10330028211078 96.34043231799362 
299.95 39.52 6.0 -1.0 494.3250341583081 529.0752713232785 4.898566485950711 0.030413194889743977 32.36676787913604 1.0 -1.0 -1.0 -1.0 -1.0 
84.68 22.35 6.0 -1.0 14.10148032791797 114.2366445241501 0.019104167305247822 0.1755670795907948 1.333947690722844 1.0 -1.0 -1.0 -1.0 -1.0 
84.68 22.35 6.0 -1.0 0.19731861899116993 96.12131149105034 0.04571576658153368 0.07741540517389377 3.782514279831723 4.0 -1.0 -1.0 -1.0 -1.0 
84.68 22.35 6.0 -1.0 1.244555 93.20084892263004 0.06782395925350981 0.012441761545804356 0.019251987286915524 1.0 -1.0 -1.0 -1.0 -1.0 
84.68 22.35 6.0 -1.0 0.08053550660879588 88.84131784223455 0.959396654743631 0.019353851293473442 6.374094571467665 32.0 -1.0 -1.0 -1.0 -1.0 
84.68 22.35 6.0 -1.0 0.7817427462 141.07103971804085 0.02704227371659052 0.03041319488974398 3.3863656123013524 1.0 -1.0 -1.0 -1.0 -1.0 
84.68 22.35 6.0 -1.0 0.0026249295204437808 282.1420794360817 0.014381884001221652 0.049767046183217416 1.375228784927614 2.0 -1.0 -1.0 -1.0 -1.0 
84.68 22.35 6.0 -1.0 0.499765 142.51010823001607 1.0568233500032589 0.013824179495338172 56.90418736201594 32.0 57.60899355811654 32.0 0.4997673386242241 142.4866898148477 
84.68 22.35 6.0 -1.0 1.12648201282 63.61529333819844 1.1537353796843521 0.016589015394405805 58.080746750353384 32.0 58.124009842092526 32.0 1.12646982112589 63.65349992438864 
84.68 22.35 6.0 -1.0 382.76240356282 0.0 2.562364236117258 0.01520659744487199 23.88403562809395 1.0 -1.0 -1.0 -1.0 -1.0 
84.68 22.35 6.0 -1.0 1.61233860788 423.2131191541225 1.9612332745026024 0.011059343596270537 139.01939621079111 32.0 139.19329230650592 32.0 1.6123522073030474 423.2097562540434 
100.65 -9.89 6.0 -1.0 298.121588082968 102.60999975584888 0.4410262569908356 0.03456044873834543 1.0946513359668488 1.0 -1.0 -1.0 -1.0 -1.0 
100.65 -9.89 6.0 -1.0 0.008670122029371757 26.763921161700626 0.033018084541305774 0.022118687192541075 0.3683024286387204 8.0 -1.0 -1.0 -1.0 -1.0 
100.65 -9.89 6.0 -1.0 2.915451911126324 41.897212154138735 0.03547766230008381 0.024883523091608708 1.377032966078607 8.0 -1.0 -1.0 -1.0 -1.0 
100.65 -9.89 6.0 -1.0 0.8655970492 141.31889244273805 0.037649358067924674 0.017971433343939622 0.49543995163473614 4.0 -1.0 -1.0 -1.0 -1.0 
100.65 -9.89 6.0 -1.0 3.8234726081391104 82.6717766085417 0.03929700353651379 0.031795612839277794 0.7584526903302532 8.0 -1.0 -1.0 -1.0 -1.0 
100.65 -9.89 6.0 -1.0 2.012072 141.76795152263233 0.09890073518198203 0.02073626924300726 2.5169936923292546 32.0 -1.0 -1.0 -1.0 -1.0 
100.65 -9.89 6.0 -1.0 0.523887 0.0 0.10048476241819601 0.03041319488974398 -0.3704542572559347 2.0 -1.0 -1.0 -1.0 -1.0 
100.65 -9.89 6.0 -1.0 1.09539127017 149.67139132877213 0.03652214325520263 0.0027648358990676344 1.451537230700768 32.0 -1.0 -1.0 -1.0 -1.0 
100.65 -9.89 6.0 -1.0 1.31252674625 299.34278265754426 0.022041153719473485 0.009676925646736721 0.5647761666613628 16.0 -1.0 -1.0 -1.0 -1.0 
100.65 -9.89 6.0 -1.0 138.41286895587558 449.0141739863164 1.1803402058496175 0.019353851293473442 15.271932922876681 1.0 -1.0 -1.0 -1.0 -1.0 
102.92 -9.89 6.0 -1.0 1.021138 13.743005670401395 0.055318995751934955 0.006912089747669086 1.40359442962608 4.0 -1.0 -1.0 -1.0 -1.0 
102.92 -9.89 6.0 -1.0 8.7 23.253736238153227 0.058180369841616314 0.013824179495338172 1.7824711772751494 2.0 -1.0 -1.0 -1.0 -1.0 
102.92 -9.89 6.0 -1.0 0.266907 11.84085955685103 0.017547870569073296 0.03732528463741307 1.368891992720089 4.0 -1.0 -1.0 -1.0 -1.0 
102.92 -9.89 6.0 -1.0 1.7667042978510337 36.52120538016703 0.04322784408305815 0.15621322829732134 2.825412335944622 2.0 -1.0 -1.0 -1.0 -1.0 
102.92 -9.89 6.0 -1.0 0.933716 77.8928833498875 0.04453124799663493 0.017971433343939622 1.99412116996363 1.0 -1.0 -1.0 -1.0 -1.0 
102.92 -9.89 6.0 -1.0 0.04155204828721927 158.49632491158425 0.8679482850487058 0.017971433343939622 5.105195141331112 32.0 -1.0 -1.0 -1.0 -1.0 
102.92 -9.89 6.0 -1.0 0.010136367620830354 316.9926498231685 0.032118161317230866 0.05529671798135268 0.9355481547752617 8.0 -1.0 -1.0 -1.0 -1.0 
102.92 -9.89 6.0 -1.0 346.020761 152.07658177835177 7.56463327554629 0.009676925646736721 83.4319419797012 1.0 83.43194169868268 1.0 346.0202909385165 152.10049346002566 
102.92 -9.89 6.0 -1.0 2.348959950399 0.0 4.067812589587063 0.013824179495338172 211.2799701193248 32.0 -1.0 -1.0 -1.0 -1.0 
102.92 -9.89 6.0 -1.0 20.699648 475.4889747347528 5.144831280817312 0.022118687192541075 103.41889322307178 8.0 103.5115801150683 8.0 20.699614348510902 475.42788973732564 
105.19 -9.88 6.0 -1.0 219.60994148422 68.30482152469754 0.025429658855217887 0.013824179495338172 2.9870630812916614 2.0 -1.0 -1.0 -1.0 -1.0 
105.19 -9.88 6.0 -1.0 40.95339554236013 18.069558048777328 0.0681527443185034 0.022118687192541075 1.0510379426886483 2.0 -1.0 -1.0 -1.0 -1.0 
105.19 -9.88 6.0 -1.0 290.25460815391 50.9448010956366 0.1645589971998487 0.016589015394405805 1.5762414525629833 1.0 -1.0 -1.0 -1.0 -1.0 
105.19 -9.88 6.0 -1.0 0.800929 157.65925910098125 0.04861481941618454 0.04147253848601452 1.6197777633905734 16.0 -1.0 -1.0 -1.0 -1.0 
105.19 -9.88 6.0 -1.0 2.4634427377 315.3185182019625 0.05659463684913345 0.08985716671969811 0.5397374537350966 2.0 -1.0 -1.0 -1.0 -1.0 
105.19 -9.88 6.0 -1.0 1.200466 472.9777773029437 0.10280191389284826 0.019353851293473442 1.5582073142297042 2.0 -1.0 -1.0 -1.0 -1.0 
105.19 -9.88 6.0 -1.0 1.84699098534 26.631311993355066 4.1329640358514785 0.017971433343939622 190.30196752766648 32.0 190.692494490301 32.0 1.8470018403604629 26.61505640717681 
105.19 -9.88 6.0 -1.0 34.340659 40.82206438768281 7.098802907566048 0.02073626924300726 219.63714018046616 8.0 14.66237312476667 1.0 137.36425898969173 40.78276704217587 
105.19 -9.88 6.0 -1.0 2.1725750607760346 60.452605199836185 1.7523641607693234 0.03317803078881161 40.9686224528019 32.0 41.33385390685979 32.0 2.172570627105112 60.51636399806742 
105.19 -9.88 6.0 -1.0 4.616211666904796 0.0 6.127435210676334 0.03041319488974398 135.61892019788155 16.0 -1.0 -1.0 -1.0 -1.0 
105.52 -9.88 6.0 -1.0 41.14202978752838 39.68906368623456 0.04719189172528151 0.01520659744487199 0.8901036570905844 2.0 -1.0 -1.0 -1.0 -1.0 
105.52 -9.88 6.0 -1.0 2.79091017854 26.801791242233694 0.46834626021972464 0.10644618211410392 1.5088763197615906 4.0 -1.0 -1.0 -1.0 -1.0 
105.52 -9.88 6.0 -1.0 1.4499216603224474 140.82613656198052 0.13292674224474205 0.027648358990676344 0.7909514601805033 8.0 -1.0 -1.0 -1.0 -1.0 
105.52 -9.88 6.0 -1.0 60.033861 155.62782266614093 0.023732174541416837 0.035942866687879244 -0.2835991867676104 8.0 -1.0 -1.0 -1.0 -1.0 
105.52 -9.88 6.0 -1.0 6.02064 466.8834679984228 0.01263019747928729 0.022118687192541075 1.7562992494639764 32.0 -1.0 -1.0 -1.0 -1.0 
105.52 -9.88 6.0 -1.0 0.14976839237533543 25.167535678682857 1.6241310233313988 0.029030776940210154 11.376306733441966 16.0 12.347187819051696 32.0 0.1497634608919422 27.930629537569583 
105.52 -9.88 6.0 -1.0 35.2051272362 70.87999844200479 1.1355480623157956 0.016589015394405805 22.709349635514716 8.0 22.709349235095523 8.0 35.205205980067454 70.83855317499531 
105.52 -9.88 6.0 -1.0 0.91545239953 147.2230797678795 1.0597477916820932 0.02350110514207489 23.586198985085208 16.0 23.74897953934891 32.0 0.9154670503145705 147.14179473777597 
105.52 -9.88 6.0 -1.0 0.2647885245599424 0.0 6.001748986257364 0.012441761545804354 106.19480822637533 32.0 32.03228636381061 8.0 0.9267144681264957 4.553906989821127 
105.52 -9.88 6.0 -1.0 0.01695945003342085 311.25564533228186 1.4491592444291008 0.006912089747669086 30.60879516976623 32.0 31.141626594864576 32.0 0.016946917943035565 314.3207802307649 
105.84 -9.88 6.0 -1.0 0.7689965116578887 76.00891632434565 0.6749676032594978 0.03456044873834543 7.6290220055969415 16.0 7.810699925917692 16.0 0.76900808683907 75.99964776345924 
105.84 -9.88 6.0 -1.0 0.0030829791543015525 118.67168792629936 0.36953601033657074 0.009676925646736721 3.1993711384729506 1.0 -1.0 -1.0 -1.0 -1.0 
105.84 -9.88 6.0 -1.0 0.3095681718924234 110.3697431821354 0.5826081259236008 0.03456044873834543 4.755547641727334 16.0 -1.0 -1.0 -1.0 -1.0 
105.84 -9.88 6.0 -1.0 0.13474628696785776 66.60004561429315 0.7089001340999033 0.05391430003181887 0.6632655525486477 2.0 -1.0 -1.0 -1.0 -1.0 
105.84 -9.88 6.0 -1.0 5.059597294 80.66722976412653 0.634278846953517 0.038707702586946884 7.697222957029964 16.0 7.897931896209118 16.0 5.059579658942918 80.75595061949464 
105.84 -9.88 6.0 -1.0 1.116957930831 0.0 0.2779997494079773 0.022118687192541075 1.347660452780624 32.0 -1.0 -1.0 -1.0 -1.0 
105.84 -9.88 6.0 -1.0 2.2837880647 307.4486870255389 0.213960218781229 0.037325284637413074 2.997785972327147 4.0 -1.0 -1.0 -1.0 -1.0 
105.84 -9.88 6.0 -1.0 0.8949230916158317 461.17303053830835 0.13357112113487682 0.016589015394405805 1.2794671419978665 16.0 -1.0 -1.0 -1.0 -1.0 
105.84 -9.88 6.0 -1.0 6.108913257 89.89161281319761 1.9981590898062889 0.008294507697202903 294.04395715520025 32.0 294.21138338233516 32.0 6.108894012868405 89.86376459913691 
105.84 -9.88 6.0 -1.0 0.890994259795 153.72434351276945 1.0 0.05529671798135269 7.961091285405677 8.0 8.792881762857267 8.0 0.8909410098567606 154.02325418906122 
106.17 -9.88 6.0 -1.0 0.002735771569121937 85.3132817471586 0.6404432431172377 0.06635606157762322 8.96181953199325 1.0 -1.0 -1.0 -1.0 -1.0 
106.17 -9.88 6.0 -1.0 3.5540227404 80.93356247029911 0.028519736887022848 0.011059343596270537 -0.10582233472547987 1.0 -1.0 -1.0 -1.0 -1.0 
106.17 -9.88 6.0 -1.0 0.005475772270464147 73.81651864540247 0.027494379596855727 0.026265941041142528 2.5997095955752227 1.0 -1.0 -1.0 -1.0 -1.0 
106.17 -9.88 6.0 -1.0 2.44290034442 304.11675728693007 0.011689791918721566 0.03732528463741307 2.251041467172732 4.0 -1.0 -1.0 -1.0 -1.0 
106.17 -9.88 6.0 -1.0 3.33342176928 456.1751359303951 0.013855243458219334 0.13962421290291552 1.1320804882844036 2.0 -1.0 -1.0 -1.0 -1.0 
106.17 -9.88 6.0 -1.0 1.664475 36.08706195829008 5.52807921196648 0.035942866687879244 81.10278908304625 16.0 89.2945289389427 32.0 1.6644662537146362 36.1276621192476 
106.17 -9.88 6.0 -1.0 89.12656 29.973703801007055 2.485647525109076 0.06635606157762322 24.24872953774019 4.0 24.248729866442538 4.0 89.12660026301941 29.9545881997123 
106.17 -9.88 6.0 -1.0 0.10659359079457086 112.96025968233405 3.018199722206234 0.026265941041142528 49.91405427342655 32.0 50.40385148782146 32.0 0.1065927790477872 115.36564374213522 
106.17 -9.88 6.0 -1.0 367.4055519177 0.0 2.264307961349155 0.026265941041142528 19.043945031597893 1.0 -1.0 -1.0 -1.0 -1.0 
106.17 -9.88 6.0 -1.0 1.8887846273 152.05837864346503 2.1965150000457414 0.005529671798135269 195.68661983885795 32.0 195.7342978027633 32.0 1.8887779636618993 152.10049346002566 
106.49 -9.88 6.0 -1.0 1.355473 14.711739114711941 0.9794879553846649 0.08156265902249521 2.971313368461793 8.0 -1.0 -1.0 -1.0 -1.0 
106.49 -9.88 6.0 -1.0 3.966654455764226 131.68360348690013 0.21000625157143193 0.03732528463741307 0.586140750708948 2.0 -1.0 -1.0 -1.0 -1.0 
106.49 -9.88 6.0 -1.0 205.50156142751428 40.84087085525861 0.023699406694277465 0.02073626924300726 1.2286425398140435 2.0 -1.0 -1.0 -1.0 -1.0 
106.49 -9.88 6.0 -1.0 1.04542524405 236.20013044908683 0.01339407391545149 0.022118687192541075 0.19079893388812771 32.0 -1.0 -1.0 -1.0 -1.0 
106.49 -9.88 6.0 -1.0 1.943521 43.68393700319374 0.20913756307675835 0.017971433343939622 3.3887386709940825 32.0 -1.0 -1.0 -1.0 -1.0 
106.49 -9.88 6.0 -1.0 0.9078078525 0.0 0.45778975220911355 0.04700221028414978 1.0887206061648558 4.0 -1.0 -1.0 -1.0 -1.0 
106.49 -9.88 6.0 -1.0 0.24828928805603276 150.41173763599662 0.8578144136963749 0.013824179495338172 40.91674248487539 32.0 41.21123139361878 32.0 0.24829205358400944 150.27893066409717 
106.49 -9.88 6.0 -1.0 0.2956639123189926 74.68689642591492 4.42246664892876 0.03732528463741307 52.89322234504496 16.0 56.813808043551965 32.0 0.29567672754637897 74.78527256617362 
106.49 -9.88 6.0 -1.0 168.634064 300.82347527199323 5.667288709535706 0.009676925646736721 106.80031491343004 1.0 106.80031682932986 1.0 168.63438456008834 300.8614551275158 
106.49 -9.88 6.0 -1.0 0.0015906536642315901 451.2352129079899 1.9885194946178792 0.012441761545804354 11.607465180099993 2.0 -1.0 -1.0 -1.0 -1.0 
107.47 -9.88 6.0 -1.0 7.2381013428 40.36037365089877 0.6502514182965707 0.022118687192541075 17.927439794232658 16.0 18.085072169314262 16.0 7.238122634589673 40.37797530974732 
107.47 -9.88 6.0 -1.0 0.048579112890325495 36.99700917999054 0.0133202523099758 0.05114946413275124 1.0958531024448601 1.0 -1.0 -1.0 -1.0 -1.0 
107.47 -9.88 6.0 -1.0 0.5390034 207.04347522214306 0.03669918888002356 0.06635606157762322 1.2808717270012442 4.0 -1.0 -1.0 -1.0 -1.0 
107.47 -9.88 6.0 -1.0 0.0021345519190796537 0.0 0.9021848492717566 0.05391430003181887 9.12165737131865 1.0 -1.0 -1.0 -1.0 -1.0 
107.47 -9.88 6.0 -1.0 3.535085 145.5856335264563 0.02378141128096147 0.05114946413275124 0.12810627603271296 1.0 -1.0 -1.0 -1.0 -1.0 
107.47 -9.88 6.0 -1.0 0.004748709801915154 291.1712670529126 0.27456417141023903 0.051149464132751246 0.9581055122839878 1.0 -1.0 -1.0 -1.0 -1.0 
107.47 -9.88 6.0 -1.0 0.818715145697 436.75690057936885 0.02104419479756245 0.038707702586946884 1.741529971442356 1.0 -1.0 -1.0 -1.0 -1.0 
107.47 -9.88 6.0 -1.0 1.684824546 98.847971398251 1.410635930080207 0.04285495643554833 20.51196321712543 16.0 20.664601369990763 16.0 1.6848086185442905 98.87038064567203 
107.47 -9.88 6.0 -1.0 0.5231683062382 104.17693848202768 6.9531919456105795 0.038707702586946884 105.63541884455921 16.0 113.67432622041663 32.0 0.5231716689498475 104.23387110035024 
107.47 -9.88 6.0 -1.0 275.85470899694 83.12315049530342 2.760858218615919 0.07188573337575849 14.65761459454594 1.0 -1.0 -1.0 -1.0 -1.0 
108.77 -9.88 6.0 -1.0 0.8584551911 49.03314458110536 0.15528128342560743 0.1769494975403286 0.8437875206359878 4.0 -1.0 -1.0 -1.0 -1.0 
108.77 -9.88 6.0 -1.0 0.52826709593 36.477944930580115 0.8315569337971686 0.017971433343939622 14.05415316189426 32.0 14.161609647167124 32.0 0.5282648392797759 36.63365178478329 
108.77 -9.88 6.0 -1.0 30.36958214096 76.68851678428936 0.13999567261057852 0.022118687192541075 2.7925651703294467 8.0 -1.0 -1.0 -1.0 -1.0 
108.77 -9.88 6.0 -1.0 0.250288 234.56166914663723 0.04138678454592263 0.02073626924300726 1.2428084951579703 1.0 -1.0 -1.0 -1.0 -1.0 
108.77 -9.88 6.0 -1.0 2.3276183091028506 0.0 0.09647136862602292 0.03317803078881161 0.5834941822950265 32.0 -1.0 -1.0 -1.0 -1.0 
108.77 -9.88 6.0 -1.0 0.453891 141.37324471351573 0.07267518376864189 0.03317803078881161 1.5083687475027991 4.0 -1.0 -1.0 -1.0 -1.0 
108.77 -9.88 6.0 -1.0 0.7493121892 424.11973414054717 0.7749772057780361 0.04147253848601452 8.270062851134949 8.0 8.39140533379516 8.0 0.7493023683006566 424.0193397189004 
108.77 -9.88 6.0 -1.0 332.9448049492 93.40050550829932 1.302001429772467 0.07326815132529231 4.408358283653063 1.0 -1.0 -1.0 -1.0 -1.0 
108.77 -9.88 6.0 -1.0 0.520833 83.30544632983644 1.2328467394420672 0.006912089747669086 51.870154941909 32.0 54.70116948433379 32.0 0.520837299215297 83.28589894717305 
108.77 -9.88 6.0 -1.0 218.15265566266055 282.74648942703146 2.5605946519140703 0.017971433343939622 36.50742914782572 1.0 36.50742952313179 1.0 218.15261182685694 282.7470251013384 
109.09 -9.87 6.0 -1.0 170.849405719173 91.61913376824961 0.03310945218811976 0.03041319488974398 0.7967746590411285 1.0 -1.0 -1.0 -1.0 -1.0 
109.09 -9.87 6.0 -1.0 1.41269354871 66.75108317401043 0.8246917104001704 0.07603298722435994 4.2931870476894725 8.0 -1.0 -1.0 -1.0 -1.0 
109.09 -9.87 6.0 -1.0 2.4692559061 54.54927227123433 0.015581858706494924 0.02073626924300726 2.242169488487627 8.0 -1.0 -1.0 -1.0 -1.0 
109.09 -9.87 6.0 -1.0 2.9732066401153 20.012658712511666 0.04298959328112831 0.022118687192541075 0.6930924648134835 1.0 -1.0 -1.0 -1.0 -1.0 
109.09 -9.87 6.0 -1.0 1.84704824843 3.377663917723488 0.2546481902546703 0.06359122567855559 2.192589572714042 1.0 -1.0 -1.0 -1.0 -1.0 
109.09 -9.87 6.0 -1.0 0.002124765100293428 27.44351933150334 0.22863141994216765 0.05944397182995413 2.525978862346971 1.0 -1.0 -1.0 -1.0 -1.0 
109.09 -9.87 6.0 -1.0 0.15184747094026294 0.0 0.04144400774340961 0.029030776940210157 1.3584061528650162 8.0 -1.0 -1.0 -1.0 -1.0 
109.09 -9.87 6.0 -1.0 0.57198175779 281.44384594430966 0.01342186237317017 0.008294507697202903 0.390549938102988 32.0 -1.0 -1.0 -1.0 -1.0 
109.09 -9.87 6.0 -1.0 1.667695 422.16576891646446 0.07207518712173606 0.08156265902249521 -0.01936509069078607 1.0 -1.0 -1.0 -1.0 -1.0 
109.09 -9.87 6.0 -1.0 0.5108557892033546 140.72192297215483 7.879336515072576 0.031795612839277794 178.41629355000708 16.0 194.3527359338501 32.0 0.5108631739858538 140.36153321959785 
13.25 51.14 6.0 -1.0 24.623136935 73.17303325676428 0.44654474870503197 0.013824179495338174 34.49643139106996 16.0 34.69281914204545 16.0 24.6231138589792 73.16610563645945 
13.25 51.14 6.0 -1.0 1.51562424828 194.03676827819075 0.01650143648732039 0.01520659744487199 3.0908331705924534 2.0 -1.0 -1.0 -1.0 -1.0 
13.25 51.14 6.0 -1.0 4.028522 131.3131279137981 0.387310085303984 0.019353851293473442 9.319938583948652 16.0 9.50666154934174 16.0 4.028515832033008 131.2537192399556 
13.25 51.14 6.0 -1.0 1.73619728331 53.66568099032638 0.05173344232089789 0.06082638977948796 0.9980219892128647 1.0 -1.0 -1.0 -1.0 -1.0 
13.25 51.14 6.0 -1.0 401.7446020972 90.93427287277979 0.011561290148859552 0.019353851293473442 0.553822416922767 1.0 -1.0 -1.0 -1.0 -1.0 
13.25 51.14 6.0 -1.0 0.18587573081901607 181.86854574555957 0.17547870569073296 0.12441761545804356 1.0959571550411735 1.0 -1.0 -1.0 -1.0 -1.0 
13.25 51.14 6.0 -1.0 5.172242227 31.539159748254853 8.442919515616992 0.01520659744487199 499.0478496356585 32.0 499.139107740304 32.0 5.172235736002525 31.573755129426477 
13.25 51.14 6.0 -1.0 492.0585774431732 77.23820177102897 1.7116830195001613 0.029030776940210157 11.330199488083911 1.0 -1.0 -1.0 -1.0 -1.0 
13.25 51.14 6.0 -1.0 3.277614 0.0 8.842898893257331 0.022118687192541075 277.55949971266267 32.0 -1.0 -1.0 -1.0 -1.0 
13.25 51.14 6.0 -1.0 15.673575030148907 272.80281861833936 4.728979994171741 0.01520659744487199 106.97100726944325 8.0 106.97100747281218 8.0 15.673625360553464 272.72842972373195 
17.36 66.12 6.0 -1.0 0.264271 55.1722825019588 0.010146134848430603 0.026265941041142528 0.7276336701343143 1.0 -1.0 -1.0 -1.0 -1.0 
17.36 66.12 6.0 -1.0 1.106562 109.57256478234167 0.5866469778046373 0.02073626924300726 9.745228023470512 16.0 9.823680639524142 32.0 1.1065518871570628 109.79975742124273 
17.36 66.12 6.0 -1.0 0.623924 47.19494687900766 0.01342186237317017 0.031795612839277794 -0.04154029153108873 2.0 -1.0 -1.0 -1.0 -1.0 
17.36 66.12 6.0 -1.0 203.7770607185 206.27845920508474 0.038597453784262166 0.022118687192541075 1.0224222416304232 1.0 -1.0 -1.0 -1.0 -1.0 
17.36 66.12 6.0 -1.0 1.451168 0.0 0.20957145722768147 0.017971433343939622 0.9941117710368755 2.0 -1.0 -1.0 -1.0 -1.0 
17.36 66.12 6.0 -1.0 1.189192897888 343.07689846833705 0.020287602314368953 0.024883523091608708 1.9801168333717996 8.0 -1.0 -1.0 -1.0 -1.0 
17.36 66.12 6.0 -1.0 8.0048537226 514.6153477025056 0.15453216954363694 0.012441761545804354 1.4733394888747209 16.0 -1.0 -1.0 -1.0 -1.0 
17.36 66.12 6.0 -1.0 1.155259714038 57.951483299632095 6.8246975314948415 0.02350110514207489 202.69812123083324 32.0 202.9990080286324 32.0 1.1552704866820327 57.88521773728188 
17.36 66.12 6.0 -1.0 20.936465284527372 70.14908680053156 8.812406242494824 0.024883523091608704 205.34195250718764 16.0 205.50136506754612 16.0 20.936446768852573 70.13016764324534 
17.36 66.12 6.0 -1.0 12.385435 171.53844923416852 1.5657393701560414 0.011059343596270537 60.7243579599111 16.0 60.8285309384253 16.0 12.38543821576362 171.53049661659577 
217.61 31.28 6.0 -1.0 0.802639 28.362431558302923 0.023455085678109402 0.029030776940210157 0.788043266027519 16.0 -1.0 -1.0 -1.0 -1.0 
217.61 31.28 6.0 -1.0 1.05458870231 46.78820615972922 0.018532192071769888 0.09538683851783337 1.089457821245318 4.0 -1.0 -1.0 -1.0 -1.0 
217.61 31.28 6.0 -1.0 60.033861 31.827186944582273 0.06286079047658087 0.011059343596270537 -1.0570993513179305 8.0 -1.0 -1.0 -1.0 -1.0 
217.61 31.28 6.0 -1.0 130.78951613875947 24.010474658016733 0.05842203191873788 0.04285495643554833 0.7486773803467529 1.0 -1.0 -1.0 -1.0 -1.0 
217.61 31.28 6.0 -1.0 309.30868547671 62.25352939336427 0.5612739905788914 0.012441761545804352 8.654775811007154 1.0 -1.0 -1.0 -1.0 -1.0 
217.61 31.28 6.0 -1.0 27.33126064671421 93.3802940900464 0.022658727867683442 0.019353851293473442 0.4004002239618941 8.0 -1.0 -1.0 -1.0 -1.0 
217.61 31.28 6.0 -1.0 83.87537092586331 76.121889901787 2.585480425615838 0.008294507697202903 68.57584428455849 2.0 68.65446768518046 2.0 83.87529912094276 76.1008456965664 
217.61 31.28 6.0 -1.0 124.52974799671011 32.873150834779814 2.5341970675601457 0.029030776940210157 29.895499962782093 2.0 29.895499491739105 2.0 124.52995482211313 32.88932825981925 
217.61 31.28 6.0 -1.0 23.90555115685 0.0 5.256202242708843 0.13132970520571263 25.858391786595426 4.0 -1.0 -1.0 -1.0 -1.0 
217.61 31.28 6.0 -1.0 0.91545239953 31.126764696682134 7.517745316634098 0.019353851293473442 358.52575850950757 32.0 359.6835684526157 32.0 0.9154670503145705 31.067765463890797 
