23.86 62.91 8.0 -1.0 1.09911524378 24.893729885462523 0.1533622854339414 0.01520659744487199 1.6072147968610588 2.0 -1.0 -1.0 -1.0 -1.0 
23.86 62.91 8.0 -1.0 12.608085313 221.73431758832206 0.7744420018433865 0.024883523091608704 20.50642391095049 16.0 20.64306131023207 16.0 12.608082518757632 221.72467143773534 
23.86 62.91 8.0 -1.0 0.047475613789974204 64.33574347022133 0.027286233694994055 0.06773847952715704 4.67728149675059 2.0 -1.0 -1.0 -1.0 -1.0 
23.86 62.91 8.0 -1.0 1.3899355261798 131.99680892885323 0.09944884875250298 0.016589015394405805 1.683486448431957 32.0 -1.0 -1.0 -1.0 -1.0 
23.86 62.91 8.0 -1.0 4.918355 0.0 0.3637106982091573 0.012441761545804354 18.553094919925332 32.0 -1.0 -1.0 -1.0 -1.0 
23.86 62.91 8.0 -1.0 461.3979177468945 153.9346970468397 0.014223789010228069 0.026265941041142528 2.3211638061355955 1.0 -1.0 -1.0 -1.0 -1.0 
23.86 62.91 8.0 -1.0 6.096446 461.80409114051906 0.01161733493855982 0.016589015394405805 1.3859842907373099 16.0 -1.0 -1.0 -1.0 -1.0 
23.86 62.91 8.0 -1.0 6.98 121.0047723560516 1.3403330336259605 0.04147253848601452 29.98353788723991 16.0 30.482247711339312 16.0 6.980008038226516 121.03272799613484 
23.86 62.91 8.0 -1.0 0.0019381837942647764 64.28955844260452 3.739015587920551 0.03732528463741307 12.376204453161115 4.0 -1.0 -1.0 -1.0 -1.0 
23.86 62.91 8.0 -1.0 0.011581385135898587 307.8693940936794 4.719189172528151 0.027648358990676348 7.520385764554622 16.0 -1.0 -1.0 -1.0 -1.0 
26.64 62.12 8.0 -1.0 1.5105891872725 135.46741303501804 0.640885842747449 0.0884747487701643 2.958934449732915 4.0 -1.0 -1.0 -1.0 -1.0 
26.64 62.12 8.0 -1.0 5.471800466365043 26.082134533264767 0.05166201213960514 0.015206597444871989 0.6597764815688497 1.0 -1.0 -1.0 -1.0 -1.0 
26.64 62.12 8.0 -1.0 0.06763119463005682 36.06254315568751 5.509016934897305 0.03456044873834543 12.346687686453098 32.0 -1.0 -1.0 -1.0 -1.0 
26.64 62.12 8.0 -1.0 0.2321160610787 13.795142584770991 1.2975117849886044 0.027648358990676344 7.8660630504523095 16.0 10.104816747862865 32.0 0.23210304789245131 14.77489823364188 
26.64 62.12 8.0 -1.0 3.08777735214 158.13402995083146 1.337558024704075 0.013824179495338174 82.12998661036413 32.0 82.12998910679596 32.0 3.0877648290091506 158.1723694464538 
26.64 62.12 8.0 -1.0 5.14255433375 7.762540039662134 1.5820489688171067 0.006912089747669086 206.0147852484186 32.0 206.05834761167512 32.0 5.142555892234668 7.792240849249484 
26.64 62.12 8.0 -1.0 12.173043099347511 0.0 1.2167700767580156 0.056679135930886505 14.875318676117411 8.0 -1.0 -1.0 -1.0 -1.0 
26.64 62.12 8.0 -1.0 9.095043 147.8431197268222 2.251828199773005 0.03041319488974398 78.05448804825956 32.0 78.44440787678909 32.0 9.09503796719946 147.8501802695259 
26.64 62.12 8.0 -1.0 0.21237375227076602 295.6862394536444 4.9770235643321135 0.03041319488974398 102.78302838141859 32.0 103.18754147275449 32.0 0.21236701286397877 295.29556880662335 
26.64 62.12 8.0 -1.0 3.31882067385 443.52935918046666 1.5084046126215596 0.017971433343939622 87.47863117822227 32.0 87.8502587021195 32.0 3.3188067997495336 443.4493428754707 
288.26 79.78 8.0 -1.0 2.233596324088 44.16795949111475 1.0160163342901278 0.05391430003181887 45.80565826359855 16.0 46.391799324523994 16.0 2.2335977215940757 44.223496767818496 
289.08 14.17 8.0 -1.0 6.280644351360491 146.5687787099043 0.213960218781229 0.016589015394405805 4.401827711176526 32.0 -1.0 -1.0 -1.0 -1.0 
289.08 14.17 8.0 -1.0 0.869118853459 138.44862476475726 0.12083930556546363 0.005529671798135269 1.124510668282042 32.0 -1.0 -1.0 -1.0 -1.0 
289.08 14.17 8.0 -1.0 3.57769 30.552079218615788 0.68625203982797 0.031795612839277794 6.276432557207854 16.0 -1.0 -1.0 -1.0 -1.0 
289.08 14.17 8.0 -1.0 17.341059575008597 63.641706545090024 0.05566401871967786 0.03041319488974398 1.5885362508718903 1.0 -1.0 -1.0 -1.0 -1.0 
289.08 14.17 8.0 -1.0 0.89398205209 68.20929313923524 0.023390359871954317 0.1354769590543141 2.5745305229150626 2.0 -1.0 -1.0 -1.0 -1.0 
289.08 14.17 8.0 -1.0 4.29203 0.0 0.5187659910761383 0.022118687192541075 2.7137565556654577 32.0 -1.0 -1.0 -1.0 -1.0 
289.08 14.17 8.0 -1.0 282.535701428469 338.30591373968906 0.029379662646940502 0.06082638977948796 0.17724293154809947 1.0 -1.0 -1.0 -1.0 -1.0 
289.08 14.17 8.0 -1.0 0.18086 676.6118274793781 0.010752343999733061 0.022118687192541075 3.737085547348239 2.0 -1.0 -1.0 -1.0 -1.0 
289.08 14.17 8.0 -1.0 502.368668 1014.9177412190672 0.08806320341568248 0.03732528463741307 0.35230137991212074 1.0 -1.0 -1.0 -1.0 -1.0 
289.08 14.17 8.0 -1.0 0.4500881198 71.66035856592273 3.8544160923830693 0.017971433343939622 121.98402460158121 32.0 122.04171191152264 32.0 0.4500786114173631 71.6481366398524 
292.95 22.32 8.0 -1.0 0.02203800457605804 56.04894521939037 0.06334030758662766 0.009676925646736721 0.8299119915406701 2.0 -1.0 -1.0 -1.0 -1.0 
292.95 22.32 8.0 -1.0 0.837963 63.171655353170685 0.4048188493154514 0.03317803078881161 2.81367837011484 16.0 -1.0 -1.0 -1.0 -1.0 
292.95 22.32 8.0 -1.0 8.703739461767679 96.66535181559004 0.29726742058157246 0.035942866687879244 3.9999223717738674 16.0 -1.0 -1.0 -1.0 -1.0 
292.95 22.32 8.0 -1.0 6.129329 22.38566042045243 0.16084984326885898 0.011059343596270537 6.042844371298198 32.0 -1.0 -1.0 -1.0 -1.0 
292.95 22.32 8.0 -1.0 1.86626740089 18.48512868052511 0.06848312320992868 0.05529671798135269 0.6630652705340832 2.0 -1.0 -1.0 -1.0 -1.0 
292.95 22.32 8.0 -1.0 24.477130550848678 0.0 0.042664141032509824 0.07879782312342758 3.61819205602277 2.0 -1.0 -1.0 -1.0 -1.0 
292.95 22.32 8.0 -1.0 1.3093429439 282.61896280821196 0.10879367828068814 0.05114946413275123 1.9158097868982567 16.0 -1.0 -1.0 -1.0 -1.0 
292.95 22.32 8.0 -1.0 0.828074420138 154.49497456842548 5.931674589932816 0.10921101801317155 25.470973185349255 8.0 25.55682915643083 8.0 0.8281252424543103 154.32684798838264 
292.95 22.32 8.0 -1.0 9.943798 565.2379256164239 1.44117218517521 0.02350110514207489 40.956689432518466 8.0 41.084682857611625 8.0 9.943808739384016 565.2916543364626 
292.95 22.32 8.0 -1.0 2.44290034442 847.8568884246358 4.5275743052258735 0.06497364362808941 62.642386949489776 8.0 62.69944918200367 8.0 2.4429027689620852 847.8362835715867 
297.69 38.74 8.0 -1.0 24.0890080713045 72.10900836126478 0.12708971653659945 0.024883523091608708 3.4310078714186005 2.0 -1.0 -1.0 -1.0 -1.0 
297.69 38.74 8.0 -1.0 3.370181 52.668280534072174 0.618271343828885 0.024883523091608708 18.39828660502375 32.0 18.536265630339198 16.0 3.3702235668897633 52.72412314881794 
297.69 38.74 8.0 -1.0 19.18594491719735 106.38035853537616 0.10730082479810867 0.02211868719254108 1.7912066350074096 16.0 -1.0 -1.0 -1.0 -1.0 
297.69 38.74 8.0 -1.0 112.410451 434.87211978545633 0.09560884017047858 0.029030776940210157 1.3514695638269978 1.0 -1.0 -1.0 -1.0 -1.0 
297.69 38.74 8.0 -1.0 21.521778197384467 109.77270030387957 2.28947535848214 0.02211868719254107 70.74627196305129 16.0 70.74627162297865 16.0 21.52173692593351 109.79975742124273 
297.69 38.74 8.0 -1.0 230.414747 131.95339648255572 9.63381672181643 0.04147253848601452 112.48542800507836 1.0 112.48542633409012 1.0 230.41502572596076 131.96210477170553 
297.69 38.74 8.0 -1.0 0.200979268178206 16.87472572024773 3.0601912910025972 0.07188573337575849 1.5167573699774395 16.0 -1.0 -1.0 -1.0 -1.0 
297.69 38.74 8.0 -1.0 1.2580475 0.0 1.4693210878159408 0.12580003340757737 1.5572513964618306 8.0 -1.0 -1.0 -1.0 -1.0 
297.69 38.74 8.0 -1.0 92.79872660216681 144.9573732618188 5.894908218805171 0.012441761545804354 165.57657824781157 4.0 165.5765787013948 4.0 92.79877607089779 144.91544020941896 
297.69 38.74 8.0 -1.0 0.01612345029807225 289.9147465236376 1.7989765511541298 0.01520659744487199 4.718543956783745 32.0 -1.0 -1.0 -1.0 -1.0 
298.24 79.31 8.0 -1.0 0.9946930319708154 145.44213938999107 1.0597477916820932 0.029030776940210157 56.922861436555394 16.0 60.08334924261849 32.0 0.9946991970840221 145.21903400874038 
298.24 79.31 8.0 -1.0 2.44468374341 113.56651062125809 8.625684705825071 0.011059343596270537 1216.881220368617 32.0 1216.887800935276 32.0 2.4446914418755723 113.54408094620675 
298.51 38.74 8.0 -1.0 2.1507181757 93.04835749136107 0.28697613656589205 0.0884747487701643 2.6105758934606995 8.0 -1.0 -1.0 -1.0 -1.0 
298.51 38.74 8.0 -1.0 0.22752955379214254 37.942048685797715 0.11754577418803308 0.012441761545804354 1.4677897719136266 4.0 -1.0 -1.0 -1.0 -1.0 
298.51 38.74 8.0 -1.0 193.7156834116254 0.0 0.04254640661191802 0.012441761545804352 1.9094436669305772 2.0 -1.0 -1.0 -1.0 -1.0 
298.51 38.74 8.0 -1.0 0.004683690999171267 316.94448187910723 0.051306337904839586 0.012441761545804354 3.6410575600339508 1.0 -1.0 -1.0 -1.0 -1.0 
298.51 38.74 8.0 -1.0 172.70704460237 475.41672281866084 0.16592888398725764 0.04700221028414978 0.1971256415081153 1.0 -1.0 -1.0 -1.0 -1.0 
298.51 38.74 8.0 -1.0 276.35575461663 76.73993305623749 6.462209569809847 0.023501105142074888 95.19064071915342 1.0 95.19063908095082 1.0 276.3554221019149 76.7080332952092 
298.51 38.74 8.0 -1.0 2.65684439046 58.29191940950877 3.3018084541305774 0.02211868719254108 177.45272377693018 32.0 178.0508385222043 32.0 2.656846239309137 58.29000946971043 
298.51 38.74 8.0 -1.0 233.2571878284 43.88535205136753 3.7597374276556876 0.1769494975403286 33.00858263140969 1.0 33.00858292494175 1.0 233.25749983390173 43.91990296849709 
298.51 38.74 8.0 -1.0 0.083991 120.91056366915238 6.972432819051365 0.17556707959079476 2.4664119450576933 1.0 -1.0 -1.0 -1.0 -1.0 
298.51 38.74 8.0 -1.0 0.8158057495 158.47224093955361 9.7678499584738 0.06635606157762322 100.47530846898059 8.0 105.1015523445675 16.0 0.8158167474903167 158.57716117888236 
301.19 39.52 8.0 -1.0 0.904028 52.87310773028676 0.022025931965714878 0.024883523091608708 1.7891686585857929 32.0 -1.0 -1.0 -1.0 -1.0 
301.19 39.52 8.0 -1.0 0.0027993604566431823 33.399887893476475 0.03313233357761438 0.02350110514207489 2.0914571329934994 1.0 -1.0 -1.0 -1.0 -1.0 
301.19 39.52 8.0 -1.0 10.725011 0.0 0.014836010489410991 0.027648358990676344 1.9775235828337534 8.0 -1.0 -1.0 -1.0 -1.0 
301.19 39.52 8.0 -1.0 253.4366 401.8838496352241 0.18126995735709858 0.01520659744487199 1.8827386002081012 1.0 -1.0 -1.0 -1.0 -1.0 
301.19 39.52 8.0 -1.0 0.537915 602.8257744528362 0.04225349001833228 0.14930113854965227 2.239527624293924 2.0 -1.0 -1.0 -1.0 -1.0 
301.19 39.52 8.0 -1.0 0.842 50.039543233908795 1.5262242925517453 0.013824179495338174 77.37802573604638 32.0 77.83726766488348 32.0 0.8420101949013771 50.092976888032396 
301.19 39.52 8.0 -1.0 4.4146421450799 112.31767354791818 6.144391049998397 0.016589015394405805 330.5470329663549 32.0 330.5960513194812 32.0 4.414626649425676 112.32970574892111 
301.19 39.52 8.0 -1.0 13.815971 42.021158595222204 5.604990198616275 0.026265941041142528 225.4003835099678 32.0 225.56608603742552 32.0 13.815982432182258 41.997142239461496 
301.19 39.52 8.0 -1.0 0.472774981134 56.8521557464771 2.120472493719455 0.07603298722435994 7.3630311727430335 8.0 7.808111659086537 16.0 0.47275534598156815 59.20079086767465 
301.19 39.52 8.0 -1.0 0.4192557152705343 200.94192481761206 1.12461818180837 0.10921101801317157 2.373343104590067 8.0 -1.0 -1.0 -1.0 -1.0 
303.02 38.73 8.0 -1.0 13.844635067377832 155.99046101415544 0.24481548481623458 0.06497364362808941 1.636304278243761 1.0 -1.0 -1.0 -1.0 -1.0 
303.02 38.73 8.0 -1.0 0.916583201958 1.2745475707012246 0.029685697301048555 0.012441761545804354 1.0906017900182532 1.0 -1.0 -1.0 -1.0 -1.0 
303.02 38.73 8.0 -1.0 5.99703102436 50.41543724107066 0.36826175257976695 0.005529671798135269 29.745765081458803 32.0 -1.0 -1.0 -1.0 -1.0 
303.02 38.73 8.0 -1.0 1.4967703791 126.03859310267666 0.03854416092383065 0.023501105142074888 0.37998395423717324 1.0 -1.0 -1.0 -1.0 -1.0 
303.02 38.73 8.0 -1.0 0.7084996307 63.30252934482749 0.7559409094159965 0.013824179495338174 32.84392675500261 32.0 32.93757399200201 32.0 0.7084963726811111 63.349906125067236 
303.02 38.73 8.0 -1.0 34.56285133892 158.53955615555788 0.0995175761911259 0.07188573337575849 1.3609430525764914 1.0 -1.0 -1.0 -1.0 -1.0 
303.02 38.73 8.0 -1.0 214.35478534113 0.0 0.16627313382536477 0.013824179495338172 3.952486254628806 1.0 -1.0 -1.0 -1.0 -1.0 
303.02 38.73 8.0 -1.0 1.372129046511402 236.00372517484342 0.26214516631602275 0.011059343596270537 9.561378131694699 32.0 6.860452284794603 32.0 1.3721243400747578 235.28519447409153 
303.02 38.73 8.0 -1.0 91.94972192255072 472.00745034968685 8.128136701511847 0.023501105142074888 74.90062509673452 1.0 74.90062526387297 1.0 91.94967181732258 471.987160011683 
303.02 38.73 8.0 -1.0 0.597218 708.0111755245302 1.6096100390942392 0.12441761545804356 3.7284449039157375 4.0 -1.0 -1.0 -1.0 -1.0 
304.92 39.51 8.0 -1.0 0.06140946221409365 50.159218510088145 0.07632877084845537 0.2018330206319373 1.7994299877889681 8.0 -1.0 -1.0 -1.0 -1.0 
304.92 39.51 8.0 -1.0 1.776199 92.25585993391745 0.06221274842200597 0.02073626924300726 1.2113121438057437 1.0 -1.0 -1.0 -1.0 -1.0 
304.92 39.51 8.0 -1.0 1.184484581238005 77.6290607951293 0.013836113036819241 0.038707702586946884 1.439959454667086 1.0 -1.0 -1.0 -1.0 -1.0 
304.92 39.51 8.0 -1.0 1.29618884641 45.52145292949678 0.02706096218036255 0.022118687192541075 1.6937197319736537 4.0 -1.0 -1.0 -1.0 -1.0 
304.92 39.51 8.0 -1.0 0.11739317729588838 0.0 0.020259590509116916 0.04285495643554833 0.902613036510869 1.0 -1.0 -1.0 -1.0 -1.0 
304.92 39.51 8.0 -1.0 224.164985 237.8103489247849 0.09931153623322994 0.04423737438508215 0.2676439096844954 2.0 -1.0 -1.0 -1.0 -1.0 
304.92 39.51 8.0 -1.0 34.39137817982709 34.390815536077504 1.980294006121785 0.024883523091608708 27.168474180812062 8.0 27.827043253073523 8.0 34.39139012092104 34.40729725642629 
304.92 39.51 8.0 -1.0 0.006858663496666889 58.435846315451194 7.338149555276163 0.027648358990676344 1.9901359916911903 8.0 -1.0 -1.0 -1.0 -1.0 
304.92 39.51 8.0 -1.0 0.932741 475.6206978495698 2.7154598407104378 0.026265941041142528 57.67682016889069 32.0 57.90531515466694 32.0 0.9327474496482562 475.5290876704327 
304.92 39.51 8.0 -1.0 2.243046129 713.4310467743547 2.0385948985942077 0.01797143334393962 54.93082249629015 16.0 55.03098439927175 16.0 2.243056466492514 713.3442304722028 
305.07 38.73 8.0 -1.0 3.2854634388411066 83.23999798884775 0.8252616410692566 0.06220880772902178 4.1595178856062685 8.0 -1.0 -1.0 -1.0 -1.0 
305.07 38.73 8.0 -1.0 0.723 0.0 0.21117011831285426 0.016589015394405805 1.8239787257644848 4.0 -1.0 -1.0 -1.0 -1.0 
305.07 38.73 8.0 -1.0 0.623924 233.73118222142338 0.039514789793405995 0.022118687192541075 1.3984248882933565 1.0 -1.0 -1.0 -1.0 -1.0 
305.07 38.73 8.0 -1.0 0.007018082794154355 467.46236444284676 0.62471159670474 0.016589015394405805 -0.38389325839507715 32.0 -1.0 -1.0 -1.0 -1.0 
305.07 38.73 8.0 -1.0 2.546854 41.234303974256505 3.8784559734588844 0.016589015394405805 199.3277398109384 32.0 199.52805231473445 32.0 2.546858013374731 41.18755877460441 
305.07 38.73 8.0 -1.0 1.59307834609 91.8655411671361 4.885048579038806 0.02350110514207489 165.96390507676946 32.0 166.03769480822967 32.0 1.5930709196254613 91.88772326127962 
305.07 38.73 8.0 -1.0 0.5218245 77.62988860459517 2.3471295096132447 0.10091651031596865 1.8375248805290096 1.0 -1.0 -1.0 -1.0 -1.0 
305.07 38.73 8.0 -1.0 0.0016426544649465386 36.53583736494497 1.1300699081019756 0.026265941041142528 5.648057026503126 2.0 -1.0 -1.0 -1.0 -1.0 
305.07 38.73 8.0 -1.0 16.18596718059686 34.36191997854709 7.680483117247862 0.02073626924300726 258.232685154961 16.0 258.23269401567245 16.0 16.185974042552214 34.40729725642629 
305.07 38.73 8.0 -1.0 16.792101165075774 701.1935466642701 3.135087200477946 0.01520659744487199 61.81525772070766 4.0 61.88320883639073 4.0 16.79218257777393 701.0992805662393 
306.57 39.51 8.0 -1.0 0.6019826734548 61.099058384904055 0.11918116346569504 0.03732528463741307 2.723925281739332 2.0 -1.0 -1.0 -1.0 -1.0 
306.57 39.51 8.0 -1.0 0.00439184555143146 36.672892973317964 0.3159002393760121 0.04976704618321741 3.1882564884982 1.0 -1.0 -1.0 -1.0 -1.0 
306.57 39.51 8.0 -1.0 0.37550509899 54.23550777338399 0.014481584463104328 0.031795612839277794 1.8369300630198269 4.0 -1.0 -1.0 -1.0 -1.0 
306.57 39.51 8.0 -1.0 0.6933132465193 448.5532193763991 0.19898937272332506 0.06635606157762322 -0.2377811783178028 8.0 -1.0 -1.0 -1.0 -1.0 
306.57 39.51 8.0 -1.0 194.47579083371392 672.8298290645987 0.3191908292528214 0.02350110514207489 1.8565930699280657 2.0 -1.0 -1.0 -1.0 -1.0 
306.57 39.51 8.0 -1.0 1.4252832 25.233641954117864 7.627605773872714 0.011059343596270537 274.57644287663595 32.0 274.7604500350915 32.0 1.4252691471483558 25.1982853436769 
306.57 39.51 8.0 -1.0 0.6055400287748217 119.03550031155866 5.597251191736589 0.019353851293473442 149.81507984281942 32.0 150.45581167474705 32.0 0.6055415724404156 119.10996726709925 
306.57 39.51 8.0 -1.0 473.933649 116.14204270081983 3.222929644301044 0.09400442056829957 6.479819649678603 1.0 -1.0 -1.0 -1.0 -1.0 
306.57 39.51 8.0 -1.0 4.91263619475 0.0 2.9912146883874393 0.03870770258694688 19.825057655727573 16.0 -1.0 -1.0 -1.0 -1.0 
306.57 39.51 8.0 -1.0 217.8248734478 224.27660968819956 6.4044324311723795 0.21427478217774168 10.397180058150584 1.0 10.397179743353139 1.0 217.82470867037776 224.2546197654137 
307.82 39.51 8.0 -1.0 2.79091017854 41.22549264955629 0.03674993080056496 0.012441761545804354 -0.39779542357293757 4.0 -1.0 -1.0 -1.0 -1.0 
307.82 39.51 8.0 -1.0 0.9632044656095726 71.40403442445603 0.2163383501523341 0.019353851293473442 0.8031398392754195 1.0 -1.0 -1.0 -1.0 -1.0 
307.82 39.51 8.0 -1.0 1.47839 167.24713335373883 0.34202149842813184 0.11612310776084063 0.8023236296610307 1.0 -1.0 -1.0 -1.0 -1.0 
307.82 39.51 8.0 -1.0 0.74364701461 20.859605562200638 0.019504239128438527 0.04976704618321742 1.3345250840930256 8.0 -1.0 -1.0 -1.0 -1.0 
307.82 39.51 8.0 -1.0 0.23601548 77.82237459744084 0.14461589230674415 0.038707702586946884 0.3782979916206363 2.0 -1.0 -1.0 -1.0 -1.0 
307.82 39.51 8.0 -1.0 384.49193525267 205.69545958229207 0.04699668299660376 0.012441761545804356 -0.08907694165767929 1.0 -1.0 -1.0 -1.0 -1.0 
307.82 39.51 8.0 -1.0 0.12291385513739217 411.39091916458415 0.013712407512803643 0.013824179495338172 0.8374898686689947 1.0 -1.0 -1.0 -1.0 -1.0 
307.82 39.51 8.0 -1.0 0.89130992945 617.0863787468762 0.05948088720445762 0.02903077694021016 1.0367643498788175 1.0 -1.0 -1.0 -1.0 -1.0 
307.82 39.51 8.0 -1.0 2.242431224778 77.39037093195148 1.087185447099887 0.03732528463741307 8.880165135925274 16.0 8.927845410825396 16.0 2.242450136691332 77.31522089385203 
307.82 39.51 8.0 -1.0 0.55018664142 0.0 2.135172381927103 0.05529671798135269 1.5672785197184544 4.0 -1.0 -1.0 -1.0 -1.0 
308.06 39.12 8.0 -1.0 0.447673708967 60.13201213137595 0.10917012570556796 0.006912089747669086 0.47288270557345896 4.0 -1.0 -1.0 -1.0 -1.0 
308.06 39.12 8.0 -1.0 1.77912424934 49.31303181748028 0.06493535933189347 0.009676925646736721 0.6755709354564382 1.0 -1.0 -1.0 -1.0 -1.0 
308.06 39.12 8.0 -1.0 0.13351350897202321 106.57592209765737 0.010901939067768148 0.031795612839277794 6.0581256651048 1.0 -1.0 -1.0 -1.0 -1.0 
308.06 39.12 8.0 -1.0 1.733284770854 33.05467466068678 0.01582048968817107 0.015206597444871992 1.2669223064617876 8.0 -1.0 -1.0 -1.0 -1.0 
308.06 39.12 8.0 -1.0 192.8565208431179 0.0 0.48180165428117294 0.03732528463741307 0.9788409997349131 2.0 -1.0 -1.0 -1.0 -1.0 
308.06 39.12 8.0 -1.0 137.14654583092138 199.22464854262032 0.3978872071881638 0.016589015394405805 1.7894470170967414 2.0 -1.0 -1.0 -1.0 -1.0 
308.06 39.12 8.0 -1.0 12.922440399828183 597.6739456278609 0.021336978189961654 0.02350110514207489 1.9320257429914625 2.0 -1.0 -1.0 -1.0 -1.0 
308.06 39.12 8.0 -1.0 2.051164249099 48.117564379480754 2.275284475377997 0.04147253848601452 15.839977707982882 16.0 17.2380107572628 16.0 2.0511530844184263 48.06901822588967 
308.06 39.12 8.0 -1.0 1.4847663170749 40.58611952008377 3.0729023168311738 0.012441761545804354 108.63404181695827 32.0 108.90944176556162 32.0 1.4847501006443053 40.5803711759616 
308.06 39.12 8.0 -1.0 9.718629858858845 398.44929708524063 4.728979994171741 0.02073626924300726 81.98022212521187 16.0 82.02206030907837 16.0 9.718617851225039 398.41626264279506 
50.54 62.94 8.0 -1.0 307.2974449774 39.897869455332156 0.6373535924301142 0.02073626924300726 8.662174724087556 1.0 -1.0 -1.0 -1.0 -1.0 
50.54 62.94 8.0 -1.0 0.13290135589851756 36.11126610424739 0.011909885623504696 0.019353851293473442 1.060271511159473 16.0 -1.0 -1.0 -1.0 -1.0 
50.54 62.94 8.0 -1.0 0.008630369933207007 42.71473292382204 0.06565710478532774 0.017971433343939622 0.5821952374395813 8.0 -1.0 -1.0 -1.0 -1.0 
50.54 62.94 8.0 -1.0 0.0010232434930748456 76.4709164560533 0.2198032974881484 0.06635606157762322 10.850450018159822 2.0 -1.0 -1.0 -1.0 -1.0 
50.54 62.94 8.0 -1.0 161.0785884299511 45.90102110949093 0.04546380356371674 0.01520659744487199 0.9013985137100644 2.0 -1.0 -1.0 -1.0 -1.0 
50.54 62.94 8.0 -1.0 0.06370913090866241 57.76879014886635 0.010834365445564254 0.013824179495338172 0.17016668336088223 1.0 -1.0 -1.0 -1.0 -1.0 
50.54 62.94 8.0 -1.0 217.00905523505 0.0 0.1714049668094262 0.15621322829732134 0.8507597668332839 1.0 -1.0 -1.0 -1.0 -1.0 
50.54 62.94 8.0 -1.0 3.8306868647 153.91157279470147 0.15052816303829475 0.006912089747669086 5.080873431305692 8.0 -1.0 -1.0 -1.0 -1.0 
50.54 62.94 8.0 -1.0 0.8701738 307.82314558940294 0.0712828899471862 0.022118687192541075 0.24838246869752562 1.0 -1.0 -1.0 -1.0 -1.0 
50.54 62.94 8.0 -1.0 9.283479079243 461.73471838410444 0.04555812654498708 0.07465056927482613 1.4135775968785214 1.0 -1.0 -1.0 -1.0 -1.0 
51.93 54.68 8.0 -1.0 0.25247957713 151.46185185010629 0.15378666956538867 0.016589015394405805 2.6213324565631364 32.0 -1.0 -1.0 -1.0 -1.0 
51.93 54.68 8.0 -1.0 8.8799529 21.660117884625535 0.0434373964253692 0.019353851293473442 0.12828028788384105 8.0 -1.0 -1.0 -1.0 -1.0 
51.93 54.68 8.0 -1.0 1.94298740055 116.36848654345609 0.013533593923801211 0.15483081034778753 2.0339338635715705 4.0 -1.0 -1.0 -1.0 -1.0 
51.93 54.68 8.0 -1.0 0.7889291664574 34.41772860199214 0.2116082293716127 0.03456044873834543 1.7506024045563073 16.0 -1.0 -1.0 -1.0 -1.0 
51.93 54.68 8.0 -1.0 0.02636382397893268 132.4645374485448 0.028737292245580668 0.012441761545804354 1.1955352616389316 2.0 -1.0 -1.0 -1.0 -1.0 
51.93 54.68 8.0 -1.0 0.53093220067 397.3936123456344 0.20884879949607416 0.016589015394405805 4.390799767358648 32.0 -1.0 -1.0 -1.0 -1.0 
51.93 54.68 8.0 -1.0 2.151927137 46.34072927242821 1.5157167912978846 0.026265941041142528 57.70088389663338 32.0 -1.0 -1.0 -1.0 -1.0 
51.93 54.68 8.0 -1.0 1.634254 47.93046269515302 4.453124799663493 0.031795612839277794 136.01821476779634 32.0 -1.0 -1.0 -1.0 -1.0 
51.93 54.68 8.0 -1.0 0.981939436993 0.0 3.45107021422409 0.013824179495338172 230.34168234370964 32.0 -1.0 -1.0 -1.0 -1.0 
51.93 54.68 8.0 -1.0 8.012748519563567 264.9290748970896 8.584072349125751 0.18247916933846386 41.10597389083657 8.0 41.17523190463559 8.0 8.012648322619498 264.9361888744824 
54.06 62.95 8.0 -1.0 0.98911728333 48.8566120618266 0.018622029174201728 0.02350110514207489 0.7477333697694686 1.0 -1.0 -1.0 -1.0 -1.0 
54.06 62.95 8.0 -1.0 3.5037879534700034 69.93551598612473 0.3290422946584711 0.0967692564673672 1.34297628548295 4.0 -1.0 -1.0 -1.0 -1.0 
54.06 62.95 8.0 -1.0 0.44506595012065714 126.65205832480827 0.0171286593505062 0.0027648358990676344 1.6680082753701746 2.0 -1.0 -1.0 -1.0 -1.0 
54.06 62.95 8.0 -1.0 0.804014 78.64396146332417 0.047782396393280496 0.038707702586946884 2.1364389247629987 2.0 -1.0 -1.0 -1.0 -1.0 
54.06 62.95 8.0 -1.0 213.59893407472 200.87480900740042 0.03066540217911458 0.017971433343939622 1.8526821151138781 2.0 -1.0 -1.0 -1.0 -1.0 
54.06 62.95 8.0 -1.0 0.0012816608228960339 0.0 0.34415467656731447 0.10782860006363773 4.055196993469254 1.0 -1.0 -1.0 -1.0 -1.0 
54.06 62.95 8.0 -1.0 0.007588344846141157 148.84742961797812 0.14096617363948857 0.027648358990676344 2.550687411388268 1.0 -1.0 -1.0 -1.0 -1.0 
54.06 62.95 8.0 -1.0 17.173278 446.5422888539344 0.011481694855213496 0.01520659744487199 -0.22556355699638672 8.0 -1.0 -1.0 -1.0 -1.0 
54.06 62.95 8.0 -1.0 2.157619537033 109.5031195389386 1.0619464324307952 0.013824179495338172 88.48252652682848 32.0 89.15786249023022 32.0 2.157624597505977 109.49616362192133 
54.06 62.95 8.0 -1.0 1.496132 297.69485923595624 1.3655686293546998 0.012441761545804352 83.23707862005132 32.0 83.27141586476208 32.0 1.4961187844164672 297.7243192011946 
54.11 38.73 8.0 -1.0 0.0021345519190796537 41.828038531792664 0.020470625497787016 0.016589015394405805 4.439646878740699 2.0 -1.0 -1.0 -1.0 -1.0 
54.11 38.73 8.0 -1.0 0.0018174136330096186 56.35837686608638 0.8965928258909794 0.026265941041142528 5.764481193872871 2.0 -1.0 -1.0 -1.0 -1.0 
54.11 38.73 8.0 -1.0 28.7483845404833 25.36411310017611 0.11084202985753976 0.030413194889743977 0.5396478788242214 4.0 -1.0 -1.0 -1.0 -1.0 
54.11 38.73 8.0 -1.0 0.52289775784 132.87724273220064 0.4858124572854596 0.022118687192541075 19.896050500013434 32.0 20.832417496993987 32.0 0.5228988205393156 133.2776779020983 
54.11 38.73 8.0 -1.0 0.007764724487021979 0.0 0.0396789212041291 0.10644618211410392 -0.35954476050984174 4.0 -1.0 -1.0 -1.0 -1.0 
54.11 38.73 8.0 -1.0 346.71337922051 94.77420287319167 0.04440836117519113 0.024883523091608708 0.9414067117376946 1.0 -1.0 -1.0 -1.0 -1.0 
54.11 38.73 8.0 -1.0 0.5851 189.54840574638334 0.0360458843993142 0.02073626924300726 1.3073933661122477 4.0 -1.0 -1.0 -1.0 -1.0 
54.11 38.73 8.0 -1.0 0.0020107651267710276 284.322608619575 0.12252051704249856 0.009676925646736721 2.821990524159502 1.0 -1.0 -1.0 -1.0 -1.0 
54.11 38.73 8.0 -1.0 3.52042385334 93.06809661084799 1.3011022597285766 0.06497364362808941 20.66674652434478 8.0 20.85918318722183 8.0 3.520472091622651 93.00090052545812 
54.11 38.73 8.0 -1.0 1.268433632689 119.71178940778186 1.6847002963747477 0.026265941041142528 68.34130133169215 32.0 68.37847851861395 32.0 1.268411627582585 119.71715486574207 
55.08 39.51 8.0 -1.0 0.046825583003315005 175.90315237476824 0.01263892599784675 0.031795612839277794 2.2056107813862345 1.0 -1.0 -1.0 -1.0 -1.0 
55.08 39.51 8.0 -1.0 30.378269121627664 168.18114785556207 0.03657264038463828 0.030413194889743977 0.7660742197098581 8.0 -1.0 -1.0 -1.0 -1.0 
55.08 39.51 8.0 -1.0 346.71337922051 33.11947185423779 0.055357225786097385 0.0483846282336836 0.6343419268422441 1.0 -1.0 -1.0 -1.0 -1.0 
55.08 39.51 8.0 -1.0 189.48987107047 116.2411250628789 0.2757046204680018 0.017971433343939622 14.033398395821052 1.0 14.03339851430893 1.0 189.4901894653837 116.27642514009945 
55.08 39.51 8.0 -1.0 64.84399265188851 78.36513331468143 0.22658727867683454 0.056679135930886505 1.0337715862252326 1.0 -1.0 -1.0 -1.0 -1.0 
55.08 39.51 8.0 -1.0 2.071395365584 227.4321178926648 0.027399571714836618 0.03732528463741307 2.0848080415093273 8.0 -1.0 -1.0 -1.0 -1.0 
55.08 39.51 8.0 -1.0 0.012522443348826483 0.0 0.05008065115563314 0.10644618211410392 0.7712606287215226 8.0 -1.0 -1.0 -1.0 -1.0 
55.08 39.51 8.0 -1.0 2.262144835535 97.86099263313345 0.7701736550890854 0.06635606157762322 8.59572660885711 8.0 8.60674019086651 8.0 2.262095222249627 97.9595992477078 
55.08 39.51 8.0 -1.0 4.128977499143 293.58297789940036 0.3552671528398794 0.017971433343939622 15.908470665167114 16.0 16.63533362042819 16.0 4.128984680088858 293.575203943802 
55.08 39.51 8.0 -1.0 2.6472448838535136 195.7219852662669 1.7451155261522686 0.02073626924300726 114.9999491892626 32.0 115.02962358260325 32.0 2.6472359119604034 195.71680262920134 
