218.64 -8.34 119.83180063576654
218.71 -9.07 121.05887055997299
218.72 13.83 96.95964898375554
218.76 3.03 104.98550550898659
218.78 -9.82 122.31444275376232
218.78 13.35 97.22793309225781
218.79 14.31 96.7108572395249
218.87 22.89 93.94091377846507
218.9 31.69 93.58595476909885
218.93 22.46 94.02017617495824
218.95 3.59 104.50668551030893
218.95 4.14 103.95019541849452
218.95 30.87 93.41461662966812
218.96 -8.34 120.08225199016414
219.03 -9.07 121.31416430818945
219.03 23.32 93.93623991358567
219.05 13.83 97.00538761199198
219.05 39.67 97.69618264217179
219.08 3.03 105.15210603051963
219.1 -9.82 122.57137814308157
219.1 13.35 97.27770495494846
219.11 31.28 93.50320103770348
219.12 14.31 96.7566807014004
219.22 22.89 94.06301788527585
219.26 38.89 96.8601739992539
219.27 3.59 104.680011408536
219.27 4.14 104.13346706775832
219.27 31.69 93.65709129990984
219.28 22.46 94.14192667576665
219.28 39.28 97.26649424999403
219.29 -8.34 120.33827767573874
219.29 47.47 111.71384387776538
219.32 30.87 93.53458316724735
219.36 -9.07 121.5706466015162
219.37 23.32 94.05881813578293
219.38 13.83 97.05112780411682
219.4 3.03 105.31870945598249
219.43 -9.82 122.83976969076457
219.43 13.35 97.38056067505315
219.43 46.7 111.57742432255779
219.43 54.85 113.98486450652156
219.45 14.3 96.80250572734138
219.45 47.08 111.67297153247203
219.46 39.67 97.63440128267183
219.48 31.28 93.59176234157229
219.57 22.89 94.18512203115701
219.57 62.31 117.84428946311021
219.58 55.24 114.19010009051357
219.59 3.59 104.86328296050253
219.59 4.14 104.31674144592725
219.61 -8.34 120.59430829800348
219.62 54.46 113.86735295304884
219.63 22.45 94.26367722217759
219.65 31.69 93.72822626988449
219.67 38.89 96.80232232840397
219.68 -9.07 121.82713386356491
219.69 30.87 93.6545490517318
219.69 39.28 97.207111603295
219.71 13.83 97.14891463782558
219.72 3.03 105.48673056379576
219.72 23.32 94.18139638538426
219.75 -9.82 123.13477674262715
219.76 13.35 97.48341819678775
219.76 62.71 118.13392052238008
219.77 47.47 111.8622990284993
219.78 14.3 96.8615872999563
219.86 31.28 93.71222808580931
219.88 39.67 97.60726224642151
219.9 46.7 111.7701786274113
219.91 3.59 105.04655723175968
219.92 4.14 104.50001853031124
219.92 22.89 94.3072262099522
219.92 47.08 111.84627977778587
219.93 -8.34 120.85479757518729
219.95 63.11 118.42454680170981
219.97 22.45 94.38542780906721
219.98 54.85 114.1287287872703
220.0 -9.07 122.08362608911915
220.03 31.68 93.79935968143408
220.04 3.03 105.6698400073696
220.04 13.83 97.25768862556396
220.07 23.32 94.30397465795728
220.07 30.87 93.774514276849
220.08 -9.82 123.42978934380194
220.08 38.88 96.8587697642995
220.09 13.35 97.59064500950319
220.11 14.3 97.00867488892533
220.11 39.28 97.23354718854995
220.14 55.24 114.33553355949516
220.17 54.46 114.00989476486636
220.23 31.28 93.83269315385232
220.24 3.59 105.22983421463775
220.24 4.14 104.68329831315194
220.24 47.47 112.02058970448846
220.26 -8.34 121.12530556396213
220.26 22.89 94.42933041550431
220.26 62.31 117.91761096670041
220.29 39.67 97.65568109982908
220.32 22.45 94.50717843223538
220.33 -9.07 122.34012324577736
220.36 3.03 105.85295216119893
220.36 46.7 111.96036961246382
220.37 13.83 97.37007713844625
220.39 47.08 112.01028492639321
220.4 -9.82 123.72421632747235
220.4 31.68 93.89131173213192
220.42 13.35 97.70272462268004
220.42 23.32 94.42655294629515
220.44 14.3 97.15576363159238
220.44 30.87 93.8944788372012
220.46 62.71 118.2082335522832
220.49 38.88 96.9371142354977
220.52 39.28 97.28510507915678
220.54 54.84 114.27258681838791
220.56 3.59 105.4131138938745
220.56 4.14 104.86658077909884
220.58 -8.34 121.3958183531013
220.61 22.89 94.55143464258046
220.61 31.28 93.95315754102742
220.65 -9.07 122.63672982560718
220.66 22.45 94.62892908470691
220.66 63.11 118.49987852915578
220.68 3.03 106.03606701612074
220.7 13.83 97.49906880764382
220.7 55.23 114.48096060218721
220.71 39.67 97.70747519557122
220.71 47.47 112.16062978563744
220.72 -9.82 124.01857063609685
220.72 54.46 114.15243047878232
220.75 13.35 97.81480597278832
220.77 14.3 97.30285352595848
220.77 23.32 94.54900598936476
220.78 31.68 94.01228011505857
220.81 30.87 94.0144427324976
220.83 46.69 112.06119526009874
220.86 47.08 112.13149264463189
220.88 3.59 105.59973868935892
220.88 4.14 105.05270293856437
220.9 -8.34 121.66633591629933
220.91 38.88 97.0154545869554
220.93 39.28 97.33665783372892
220.95 62.31 117.99092145651991
220.96 22.89 94.67353888964612
220.98 -9.07 122.9475320915342
220.98 31.28 94.07362124269054
221.0 3.03 106.22557358964636
221.01 22.45 94.75067976320486
221.02 13.83 97.64588841839877
221.05 -9.82 124.3203422690488
221.08 13.35 97.92688904532345
221.09 54.84 114.41643859890678
221.1 14.3 97.44994455710815
221.12 23.32 94.6712948307351
221.12 39.67 97.75926411237769
221.15 31.68 94.13324779074503
221.15 62.71 118.28673639773469
221.18 30.87 94.13440595401272
221.19 47.47 112.30204934609691
221.2 3.59 105.78959194552534
221.2 4.14 105.24255905357839
221.23 -8.34 121.9368582468694
221.26 55.23 114.62638121665708
221.27 54.45 114.29496009239216
221.3 -9.08 123.2583396798143
221.3 22.89 94.79558965066451
221.3 46.69 112.18826213461605
221.32 3.03 106.41525608331673
221.32 38.88 97.09379083429059
221.33 47.08 112.27202454594405
221.35 13.83 97.7927091695501
221.35 31.28 94.19408425507372
221.35 39.28 97.3996281098892
221.36 22.45 94.87243046167757
221.37 -9.83 124.63210857525007
221.37 63.11 118.5924628266225
221.4 13.35 98.04630459817037
221.43 14.3 97.59703672062571
221.46 23.32 94.79358367584058
221.52 3.59 105.97944786033202
221.52 4.14 105.4324178132322
221.53 31.68 94.25421475953235
221.54 39.67 97.8110478776427
221.55 -8.34 122.22268880250505
221.56 30.87 94.25436849982088
221.62 -9.08 123.569537766001
221.63 62.31 118.07279146602067
221.64 3.03 106.61296208776983
221.65 22.89 94.91740557645676
221.65 54.84 114.56028412845235
221.66 47.47 112.44550725540603
221.68 13.83 97.9395310474035
221.7 -9.83 124.95310176241219
221.7 22.45 94.99418117499795
221.73 13.35 98.19272277448111
221.73 31.27 94.31454657105382
221.73 38.88 97.17212299533799
221.76 14.3 97.7441300050337
221.76 39.28 97.4784104926842
221.76 46.69 112.33330421405944
221.77 71.25 125.19242300626141
221.8 47.08 112.41664537396844
221.81 23.32 94.91587252207798
221.82 54.45 114.43748360999861
221.82 55.23 114.77179540364202
221.84 3.59 106.16930641031917
221.84 4.14 105.62227919397615
221.85 62.71 118.37853761754135
221.87 -8.34 122.5334490010398
221.9 31.68 94.3751810150218
221.93 30.87 94.37481636254287
221.95 -9.08 123.88996383669429
221.95 39.67 97.86282651804717
221.96 3.03 106.84221313275364
222.0 22.89 95.03922150680138
222.01 13.83 98.08713102621479
222.02 -9.83 125.35149652663759
222.05 22.45 95.1157784333927
222.06 13.35 98.33926329073233
222.07 63.11 118.68552259914853
222.09 14.3 97.89354102762462
222.1 31.27 94.43500818946245
222.13 47.47 112.5912680897619
222.14 38.88 97.25045108814281
222.16 3.59 106.36534234111379
222.16 4.14 105.81214318773442
222.16 23.32 95.03816136223202
222.17 39.28 97.55718875078173
222.2 -8.34 122.8533097486249
222.2 54.84 114.70412340860716
222.23 46.69 112.47931926787558
222.27 -9.08 124.21039520552296
222.27 47.08 112.56126333467299
222.28 3.03 107.07146711769032
222.28 31.68 94.49614655253868
222.3 30.87 94.50146432466042
222.32 62.31 118.16335601836204
222.34 13.83 98.23627619235937
222.34 22.88 95.16103744106391
222.35 -9.83 125.78185324593596
222.37 39.67 97.91460006021352
222.37 54.45 114.58000102896855
222.38 55.23 114.91720316450228
222.39 13.35 98.48799837611168
222.4 22.45 95.23724166630764
222.42 14.3 98.04296186490163
222.48 3.59 106.59480569081448
222.48 4.14 106.00200977701658
222.48 31.27 94.55546910239099
222.51 23.32 95.16045019185555
222.52 -8.34 123.1827603391186
222.55 38.88 97.32877512845423
222.55 62.71 118.47039535892122
222.59 39.28 97.63596290318385
222.6 -9.08 124.53083184211232
222.6 3.03 107.30072402289139
222.61 47.47 112.7370259837039
222.66 31.68 94.61711136659356
222.67 -9.83 126.17832053664641
222.67 13.83 98.3854224472992
222.67 30.87 94.62811173107438
222.69 22.88 95.28285336938518
222.7 46.69 111.69807434781215
222.72 13.35 98.69016195305457
222.74 22.45 95.35870490441356
222.74 47.08 112.67046452386037
222.75 14.3 98.19238378343263
222.76 54.84 114.845680350143
222.78 39.67 97.9730783379045
222.78 63.1 118.78795730684733
222.8 3.58 106.82427193857015
222.8 4.14 106.21208502549631
222.84 -8.34 123.51902820811456
222.85 31.27 94.67592930873212
222.86 23.32 95.28273900557977
222.92 -9.08 124.86329901597944
222.92 3.03 107.53133424712055
222.92 54.45 114.71905259754226
222.95 55.23 115.05840982976824
222.96 38.88 97.40709513323287
223.0 13.82 98.5883043591257
223.0 39.27 97.71473296710218
