100.58 62.24 20260402.0 -1.0 2.0560099405330052 145.79528591015864 4.450049444805962 0.024883523091608708 58.06789651036743 32.0 58.20368338084421 32.0 2.0560037228278816 145.72502367427606 
100.58 62.24 20260402.0 -1.0 4.08432434691 47.75128184855393 1.7475284000076847 0.031795612839277794 18.091805225408187 16.0 19.07147779915529 32.0 4.084328490231807 47.765424426568266 
100.58 62.24 20260402.0 -1.0 425.1077962532 46.69896669762946 7.006232552992094 0.022118687192541075 22.142421632811416 1.0 -1.0 -1.0 -1.0 -1.0 
100.58 62.24 20260402.0 -1.0 185.7242772016 61.21297377924814 1.259534364311018 0.008294507697202903 9.65823528794021 1.0 9.658235490555237 1.0 185.72415380428237 61.224749529817366 
100.58 62.24 20260402.0 -1.0 0.0020575023320702707 42.68825612240788 0.3482203802462814 0.04285495643554833 0.4764756655722255 2.0 -1.0 -1.0 -1.0 -1.0 
100.58 62.24 20260402.0 -1.0 1.91955413102 29.44496922303762 0.0671247510893932 0.031795612839277794 1.1175777469761026 2.0 -1.0 -1.0 -1.0 -1.0 
100.58 62.24 20260402.0 -1.0 2.223073294155765 0.0 0.36749930800564984 0.06635606157762322 1.3909761589304566 8.0 -1.0 -1.0 -1.0 -1.0 
100.58 62.24 20260402.0 -1.0 2.09141367214 66.17672449115604 0.42664141032509845 0.009676925646736721 9.562546526238132 32.0 9.98556196632478 32.0 2.0914133832169077 66.18344825206705 
100.58 62.24 20260402.0 -1.0 0.769101 132.35344898231207 0.15220125791918107 0.08985716671969811 0.9346641318135667 1.0 -1.0 -1.0 -1.0 -1.0 
100.58 62.24 20260402.0 -1.0 2.3599302092109884 198.5301734734681 2.583694877232696 0.016589015394405805 46.77998838371702 32.0 46.85878801007343 32.0 2.3599265356703354 198.449146823094 
101.26 62.24 20260402.0 -1.0 53.708375524536514 71.1880903403453 0.29809001901725773 0.01520659744487199 1.7135256281041253 1.0 -1.0 -1.0 -1.0 -1.0 
101.26 62.24 20260402.0 -1.0 2.810123369 100.42010430273992 0.18189718689592427 0.008294507697202903 3.161340252257564 32.0 -1.0 -1.0 -1.0 -1.0 
101.26 62.24 20260402.0 -1.0 0.604887 176.9017182982472 0.015765936461590455 0.08018024107296139 1.039091008225046 4.0 -1.0 -1.0 -1.0 -1.0 
101.26 62.24 20260402.0 -1.0 166.64990604074 35.38818591691635 0.03281342814423536 0.03041319488974398 1.2393216826396647 2.0 -1.0 -1.0 -1.0 -1.0 
101.26 62.24 20260402.0 -1.0 0.0038615770602163295 0.0 0.053146240349348034 0.03041319488974398 1.5785360973634415 1.0 -1.0 -1.0 -1.0 -1.0 
101.26 62.24 20260402.0 -1.0 1.330601 65.34560867649982 0.02632340309205579 0.052531882082285056 1.8432028317626081 16.0 -1.0 -1.0 -1.0 -1.0 
101.26 62.24 20260402.0 -1.0 0.012580122611253566 130.69121735299964 0.08495577759102746 0.04423737438508215 2.8612572385487827 4.0 -1.0 -1.0 -1.0 -1.0 
101.26 62.24 20260402.0 -1.0 0.025529235825387523 196.03682602949948 0.011292894750044134 0.16589015394405807 2.2665371985245097 4.0 -1.0 -1.0 -1.0 -1.0 
101.26 62.24 20260402.0 -1.0 406.076529 72.32521764404676 7.272540837450236 0.04700221028414978 12.641471424763123 1.0 -1.0 -1.0 -1.0 -1.0 
101.26 62.24 20260402.0 -1.0 194.47579083371392 56.26819589005536 2.569454810685309 0.009676925646736721 20.89498101195559 1.0 20.894981258931907 1.0 194.4756756226222 56.2660508075677 
101.95 62.25 20260402.0 -1.0 0.23601548 60.056648624842786 1.1473765527464062 0.013824179495338172 13.080932625146492 32.0 13.210399097783025 32.0 0.2360138751100749 60.01037433253174 
101.95 62.25 20260402.0 -1.0 0.5600315776458 57.44548998898006 1.7828923130187466 0.05391430003181887 7.802321729002877 8.0 7.915894730211689 16.0 0.2800031021858255 58.4924053359247 
101.95 62.25 20260402.0 -1.0 1.857557562173 140.36428311448765 5.7779819075884 0.016589015394405805 123.0782238717722 32.0 91.14022214808189 32.0 0.6191839929670095 140.36153321959785 
101.95 62.25 20260402.0 -1.0 0.007693685932218598 94.52394261823082 4.878303620845995 0.03732528463741307 2.0541882807356777 8.0 -1.0 -1.0 -1.0 -1.0 
101.95 62.25 20260402.0 -1.0 0.827339092144 65.87856528702562 0.11300699081019758 0.017971433343939622 2.3105331941782725 1.0 -1.0 -1.0 -1.0 -1.0 
101.95 62.25 20260402.0 -1.0 0.385489 37.09779454507197 0.07638152038733345 0.013824179495338174 1.5016732970464803 2.0 -1.0 -1.0 -1.0 -1.0 
101.95 62.25 20260402.0 -1.0 14.082524 64.46660543207763 0.27418507101288536 0.009676925646736721 2.967472574174122 4.0 -1.0 -1.0 -1.0 -1.0 
101.95 62.25 20260402.0 -1.0 7.296358968158 0.0 1.6084984326885905 0.013824179495338172 33.145482911460455 32.0 -1.0 -1.0 -1.0 -1.0 
101.95 62.25 20260402.0 -1.0 0.001252547249574629 128.93321086415526 3.560042195693784 0.03732528463741307 7.043960946644175 2.0 -1.0 -1.0 -1.0 -1.0 
101.95 62.25 20260402.0 -1.0 3.01978 193.39981629623287 5.296297807688797 0.011059343596270537 122.16160381064265 32.0 122.25205386432967 32.0 3.019795258296654 193.3892501677372 
102.64 62.25 20260402.0 -1.0 1.437835 55.01648943004435 0.3465404822246212 0.013824179495338172 4.477414317543618 32.0 -1.0 -1.0 -1.0 -1.0 
102.64 62.25 20260402.0 -1.0 3.435246 96.95106837516308 0.03910742543527953 0.019353851293473442 2.4654925988966676 16.0 -1.0 -1.0 -1.0 -1.0 
102.64 62.25 20260402.0 -1.0 0.42118683683774877 56.9806829868189 0.024736561696432572 0.022118687192541075 2.0206564918190124 1.0 -1.0 -1.0 -1.0 -1.0 
102.64 62.25 20260402.0 -1.0 3.01978 0.0 0.2553528527519724 0.03456044873834543 1.3101733393354922 1.0 -1.0 -1.0 -1.0 -1.0 
102.64 62.25 20260402.0 -1.0 2.5998 63.55977790999578 0.6334030758662765 0.05529671798135269 2.5227822371715836 8.0 -1.0 -1.0 -1.0 -1.0 
102.64 62.25 20260402.0 -1.0 0.2075663829 127.11955581999156 0.05524261487105359 0.009676925646736721 1.3013328081314182 1.0 -1.0 -1.0 -1.0 -1.0 
102.64 62.25 20260402.0 -1.0 0.7196291211 190.67933372998735 0.0950162267275973 0.016589015394405805 1.9791355529506311 1.0 -1.0 -1.0 -1.0 -1.0 
104.57 14.24 20260402.0 -1.0 0.3378130872361059 38.426875681858654 0.5112942010191996 0.031795612839277794 1.3517450298098295 16.0 -1.0 -1.0 -1.0 -1.0 
104.57 14.24 20260402.0 -1.0 1.48817452033 72.19481881257052 0.1125395386653212 0.027648358990676344 0.7124776655122987 8.0 -1.0 -1.0 -1.0 -1.0 
104.57 14.24 20260402.0 -1.0 2.3707006046372 9.802394087612827 0.05911220609412288 0.03317803078881161 1.3188627212268875 1.0 -1.0 -1.0 -1.0 -1.0 
104.57 14.24 20260402.0 -1.0 0.8189874162 77.04010866576317 0.3370953604869895 0.011059343596270537 4.194459059044806 8.0 -1.0 -1.0 -1.0 -1.0 
104.57 14.24 20260402.0 -1.0 0.0035063312405363956 46.77568281351368 0.5366275525710392 0.05391430003181887 0.9446707767683217 32.0 -1.0 -1.0 -1.0 -1.0 
104.57 14.24 20260402.0 -1.0 171.22104938954 100.4465858027246 0.3718407956863617 0.017971433343939622 1.9741238849881995 1.0 -1.0 -1.0 -1.0 -1.0 
104.57 14.24 20260402.0 -1.0 0.020102788454756687 0.0 0.019477308940258127 0.029030776940210157 1.7016688023790143 2.0 -1.0 -1.0 -1.0 -1.0 
104.57 14.24 20260402.0 -1.0 3.894405558948306 124.22577754377777 0.44377692492996235 0.03041319488974398 2.99063359528976 16.0 -1.0 -1.0 -1.0 -1.0 
104.57 14.24 20260402.0 -1.0 0.91744 248.45155508755553 0.10509986549258755 0.1354769590543141 1.3075910915873754 2.0 -1.0 -1.0 -1.0 -1.0 
104.57 14.24 20260402.0 -1.0 3.89441988715 372.6773326313333 1.5052816303829482 0.009676925646736721 26.909550904245194 32.0 26.909550358655864 32.0 3.89442599650162 372.6107897004753 
104.9 14.24 20260402.0 -1.0 2.28263881746 1.3298708410429771 0.02665278366645541 0.12718245135711118 1.0401852456062142 8.0 -1.0 -1.0 -1.0 -1.0 
104.9 14.24 20260402.0 -1.0 0.005733282760724394 67.38012261284418 0.10394453964744334 0.0483846282336836 0.8433800966584774 16.0 -1.0 -1.0 -1.0 -1.0 
104.9 14.24 20260402.0 -1.0 0.403403 106.38966728343817 0.24498467270948532 0.04423737438508215 1.9440607290536027 16.0 -1.0 -1.0 -1.0 -1.0 
104.9 14.24 20260402.0 -1.0 1.6336314252829 82.93222328170789 0.16040596785870806 0.03732528463741307 1.648352690084751 8.0 -1.0 -1.0 -1.0 -1.0 
104.9 14.24 20260402.0 -1.0 0.971157 68.82081602397407 0.09993093939658365 0.030413194889743984 2.3749949131788357 2.0 -1.0 -1.0 -1.0 -1.0 
104.9 14.24 20260402.0 -1.0 41.71316172593156 40.2655337982457 0.10265997167873735 0.017971433343939622 0.9320115023211901 2.0 -1.0 -1.0 -1.0 -1.0 
104.9 14.24 20260402.0 -1.0 1.15226 0.0 0.6229876651759418 0.15621322829732134 2.5275485949587595 4.0 -1.0 -1.0 -1.0 -1.0 
104.9 14.24 20260402.0 -1.0 1.07069638835 123.1238753665623 0.026597602073066332 0.01520659744487199 1.139527024551231 1.0 -1.0 -1.0 -1.0 -1.0 
104.9 14.24 20260402.0 -1.0 217.15243613666988 246.2477507331246 0.10626803258762317 0.027648358990676344 -0.1538125205787308 2.0 -1.0 -1.0 -1.0 -1.0 
104.9 14.24 20260402.0 -1.0 1.864837 369.3716260996869 9.403668908068452 0.016589015394405805 175.7984347625764 32.0 175.8694452926914 32.0 1.8648279365152123 369.2712579079398 
105.23 14.25 20260402.0 -1.0 0.6761483877402292 64.0781280076457 0.08984529718025532 0.02764835899067634 1.2114513430408045 2.0 -1.0 -1.0 -1.0 -1.0 
105.23 14.25 20260402.0 -1.0 0.911737585544 44.37868065443805 0.015063219053801955 0.031795612839277794 0.9190825492622337 2.0 -1.0 -1.0 -1.0 -1.0 
105.23 14.25 20260402.0 -1.0 97.6103338850929 70.30286044267413 0.08495577759102746 0.02764835899067634 2.405711255946573 1.0 -1.0 -1.0 -1.0 -1.0 
105.23 14.25 20260402.0 -1.0 478.4689 102.34192444649699 0.047551882736628685 0.029030776940210157 2.59072734892848 1.0 -1.0 -1.0 -1.0 -1.0 
105.23 14.25 20260402.0 -1.0 1.09539127017 18.967125890263127 0.11099528494691152 0.031795612839277794 2.3224800795183955 4.0 -1.0 -1.0 -1.0 -1.0 
105.23 14.25 20260402.0 -1.0 1.2866303199714193 0.0 0.05710520140181009 0.03456044873834543 1.1403864223836488 4.0 -1.0 -1.0 -1.0 -1.0 
105.23 14.25 20260402.0 -1.0 2.242431224778 122.04137179970463 0.024012536820103035 0.07188573337575849 2.042170871356872 2.0 -1.0 -1.0 -1.0 -1.0 
105.23 14.25 20260402.0 -1.0 11.626290666701758 366.1241153991139 0.3841125047758769 0.009676925646736721 3.191949228867379 4.0 -1.0 -1.0 -1.0 -1.0 
105.23 14.25 20260402.0 -1.0 0.4471159554606115 105.38105851771675 3.6471715848927673 0.05529671798135269 9.182671678675238 16.0 9.61584162146427 16.0 0.4471075953915716 105.2458504314216 
105.23 14.25 20260402.0 -1.0 1.1954213511528866 244.08274359940927 1.8290527158198637 0.026265941041142528 16.990049040145735 32.0 17.23096031141801 32.0 1.1954095195202779 244.08941465441242 
105.56 14.25 20260402.0 -1.0 1.777566936351 26.3383827400219 5.310953723506972 0.12580003340757737 11.820953688985487 8.0 11.959766096507595 16.0 1.7775770781251292 26.817452273391083 
105.56 14.25 20260402.0 -1.0 14.18475048 33.858445122345394 0.6972432819051365 0.019353851293473442 11.414590035765128 32.0 11.684003742985889 32.0 14.184752217261122 33.90130759089061 
105.56 14.25 20260402.0 -1.0 1.4633093057546704 131.00166642830203 0.2220928889966337 0.026265941041142528 1.7990135733317536 8.0 -1.0 -1.0 -1.0 -1.0 
105.56 14.25 20260402.0 -1.0 0.81742601326 31.5334016804676 0.08235530295828544 0.027648358990676344 2.671431651034406 32.0 -1.0 -1.0 -1.0 -1.0 
105.56 14.25 20260402.0 -1.0 0.149096940909 0.0 0.2035780138998552 0.02073626924300726 2.089244529645199 32.0 -1.0 -1.0 -1.0 -1.0 
105.56 14.25 20260402.0 -1.0 0.00542567507137146 121.08390299654205 0.18998874448821032 0.05114946413275123 0.2454016230482555 16.0 -1.0 -1.0 -1.0 -1.0 
105.56 14.25 20260402.0 -1.0 2.13723569512 242.1678059930841 0.30750259483062836 0.022118687192541075 3.702782405377502 16.0 -1.0 -1.0 -1.0 -1.0 
105.56 14.25 20260402.0 -1.0 1.035 136.59630221032046 2.4787882220953037 0.029030776940210157 24.81318546963194 32.0 24.900265510747683 32.0 1.0350049706175923 136.51601176152667 
105.56 14.25 20260402.0 -1.0 2.60531718877 53.40334155563061 4.7061662687629635 0.03732528463741307 39.34056277354311 16.0 39.96464190927902 16.0 2.6053385226987302 53.331310747460755 
170.71 62.34 20260402.0 -1.0 12.173043099347511 61.01577772714516 0.05608863713741786 0.017971433343939622 0.8383176882993925 1.0 -1.0 -1.0 -1.0 -1.0 
170.71 62.34 20260402.0 -1.0 3.31720316669 65.01975138798622 0.01109186309333635 0.009676925646736721 1.7860726714800896 4.0 -1.0 -1.0 -1.0 -1.0 
170.71 62.34 20260402.0 -1.0 2.12042426647 94.60134783748363 0.025306980126384854 0.05529671798135269 0.6434016477427784 2.0 -1.0 -1.0 -1.0 -1.0 
170.71 62.34 20260402.0 -1.0 0.0021443838166475015 18.597561242593116 0.02853944640091901 0.035942866687879244 6.452880980853134 1.0 -1.0 -1.0 -1.0 -1.0 
170.71 62.34 20260402.0 -1.0 6.16053837508 0.0 0.11215147261470601 0.03456044873834543 1.1471507919424733 4.0 -1.0 -1.0 -1.0 -1.0 
170.71 62.34 20260402.0 -1.0 4.37505274487 39.83654988532317 0.017093196386209177 0.017971433343939622 1.5145729130417926 1.0 -1.0 -1.0 -1.0 -1.0 
170.71 62.34 20260402.0 -1.0 2.370826 119.50964965596951 0.2702359815918434 0.019353851293473442 2.2645621302921475 16.0 -1.0 -1.0 -1.0 -1.0 
170.71 62.34 20260402.0 -1.0 0.71602537668 117.50168674545819 2.8816814083529803 0.03456044873834543 28.197714535817894 16.0 28.204551368677343 16.0 0.7160148622157674 117.18720653806366 
170.71 62.34 20260402.0 -1.0 0.692049 64.03967425309378 1.1649482428952809 0.06359122567855559 3.391881228578059 16.0 -1.0 -1.0 -1.0 -1.0 
170.71 62.34 20260402.0 -1.0 0.14908171143636184 79.67309977064635 3.3500593819297015 0.08709233082063048 2.396379851825426 8.0 -1.0 -1.0 -1.0 -1.0 
171.39 62.34 20260402.0 -1.0 23.70226863374437 91.29763087253244 1.0939661911164156 0.022118687192541075 9.439951750513705 4.0 9.439952013546591 4.0 23.702159523963928 91.28053566263681 
171.39 62.34 20260402.0 -1.0 27.838309386354652 112.3846850343023 2.6432741830971556 0.017971433343939622 27.303180217135 8.0 25.990677935660006 8.0 27.83842016166697 112.5321016151354 
171.39 62.34 20260402.0 -1.0 0.046825583003315005 49.26680944023919 1.3684017514024303 0.011059343596270537 3.015814070958841 32.0 -1.0 -1.0 -1.0 -1.0 
171.39 62.34 20260402.0 -1.0 1.6226634697651 104.69495520407591 0.07118446715675184 0.027648358990676344 1.3477524747293184 16.0 -1.0 -1.0 -1.0 -1.0 
171.39 62.34 20260402.0 -1.0 3.771122049424196 20.119867645856285 0.08407995474119216 0.02350110514207489 1.6594421532412904 16.0 -1.0 -1.0 -1.0 -1.0 
171.39 62.34 20260402.0 -1.0 1.5564067924676 50.616094332809965 0.331323335776144 0.022118687192541075 3.476924793842246 32.0 -1.0 -1.0 -1.0 -1.0 
171.39 62.34 20260402.0 -1.0 8.48877991026 0.0 0.16387830076108614 0.03041319488974398 1.1969972373202968 32.0 -1.0 -1.0 -1.0 -1.0 
171.39 62.34 20260402.0 -1.0 19.230769 39.79793404370267 0.033201072667495064 0.045619792334615966 1.6935993140361385 1.0 -1.0 -1.0 -1.0 -1.0 
171.39 62.34 20260402.0 -1.0 12.608085313 79.59586808740534 0.1481552588851499 0.03456044873834543 0.6473038168211858 1.0 -1.0 -1.0 -1.0 -1.0 
171.39 62.34 20260402.0 -1.0 2.5269713831 119.393802131108 0.19157032358907672 0.05529671798135269 0.4627953030323935 1.0 -1.0 -1.0 -1.0 -1.0 
172.08 62.34 20260402.0 -1.0 1.155259714038 24.323205346552903 0.013459003352058994 0.055296717981352696 0.0622738389134226 1.0 -1.0 -1.0 -1.0 -1.0 
172.08 62.34 20260402.0 -1.0 56.23413251903491 61.43428520585946 0.607265121306145 0.012441761545804354 4.483728554793665 2.0 -1.0 -1.0 -1.0 -1.0 
172.08 62.34 20260402.0 -1.0 4.408874443345368 87.7257734764836 0.07015919679774664 0.022118687192541075 1.127700735105286 16.0 -1.0 -1.0 -1.0 -1.0 
172.08 62.34 20260402.0 -1.0 0.049253486105605454 23.04680369276126 0.2207162879276 0.031795612839277794 0.3365668021171611 1.0 -1.0 -1.0 -1.0 -1.0 
172.08 62.34 20260402.0 -1.0 5.830224 102.10020331591284 0.01970740596350545 0.04423737438508215 0.2561072379664793 32.0 -1.0 -1.0 -1.0 -1.0 
172.08 62.34 20260402.0 -1.0 1.675604720772 0.0 0.08733616532612773 0.04147253848601452 1.0725940909695393 8.0 -1.0 -1.0 -1.0 -1.0 
172.08 62.34 20260402.0 -1.0 15.818294755980364 39.759315066238756 0.0952791556396117 0.024883523091608708 1.264727035636728 2.0 -1.0 -1.0 -1.0 -1.0 
172.08 62.34 20260402.0 -1.0 0.466127 79.51863013247751 0.4959861472667842 0.01520659744487199 8.801314408483009 32.0 8.943394171672711 32.0 0.4661160346586258 79.54157542220902 
172.08 62.34 20260402.0 -1.0 1.3475 54.31267971694721 1.8303167436074295 0.013824179495338172 55.81794284361264 32.0 55.889787348737535 32.0 1.3475073501467705 54.343290078532114 
172.08 62.34 20260402.0 -1.0 328.38745250415786 119.27794519871627 4.499510986058557 0.012441761545804352 22.64356740311959 1.0 -1.0 -1.0 -1.0 -1.0 
172.77 62.34 20260402.0 -1.0 18.750126482156855 83.07619282625936 0.01897264203540806 0.05114946413275124 -inf 1.0 -1.0 -1.0 -1.0 -1.0 
172.77 62.34 20260402.0 -1.0 0.460680611 27.827128137902108 0.05554877262434196 0.15483081034778753 0.8364458774539051 2.0 -1.0 -1.0 -1.0 -1.0 
172.77 62.34 20260402.0 -1.0 0.021242512493659646 104.14615537350173 0.03455841816429399 0.027648358990676348 1.0337984322407128 16.0 -1.0 -1.0 -1.0 -1.0 
172.77 62.34 20260402.0 -1.0 130.38603910501416 79.44138593886743 0.2537700960429789 0.01520659744487199 2.075684932064221 2.0 -1.0 -1.0 -1.0 -1.0 
172.77 62.34 20260402.0 -1.0 13.06483380156 87.50946548891443 6.0978750043466965 0.009676925646736721 121.03219856579086 16.0 121.03220467889426 16.0 13.064830757987997 87.53621213767278 
172.77 62.34 20260402.0 -1.0 200.658805294298 68.73956107041515 2.453233993455733 0.005529671798135269 22.69272820878858 1.0 22.692728079169903 1.0 200.65926946699622 68.71339657974546 
172.77 62.34 20260402.0 -1.0 2.936603821673 74.90085667953522 6.7636794708491355 0.019353851293473442 172.64440744526433 32.0 172.7209668403361 32.0 2.93660680957449 74.98766843238788 
172.77 62.34 20260402.0 -1.0 0.7515283672579778 0.0 1.0118135941650404 0.019353851293473442 6.008183092887164 32.0 -1.0 -1.0 -1.0 -1.0 
172.77 62.34 20260402.0 -1.0 6.71616448537 39.72069296943371 5.008065115563315 0.04423737438508215 45.00640989588473 32.0 45.19652993170488 32.0 6.7161636252421895 39.66958977799737 
172.77 62.34 20260402.0 -1.0 1.179053775902218 119.16207890830114 5.702635424403569 0.013824179495338172 128.59964238593156 32.0 128.78768708670117 32.0 1.1790386148883651 119.0087693339921 
173.46 62.34 20260402.0 -1.0 355.07093686939163 69.58981081200243 1.5679042306102804 0.02073626924300726 6.152384797882601 1.0 -1.0 -1.0 -1.0 -1.0 
173.46 62.34 20260402.0 -1.0 135.26875068606108 76.92257226602115 4.667312786258836 0.009676925646736721 43.583169487198965 2.0 43.58317003610532 2.0 135.2687831968069 76.91042916142347 
173.46 62.34 20260402.0 -1.0 253.628279 80.94606799890805 1.6765729010368617 0.019353851293473442 9.908728514640867 1.0 -1.0 -1.0 -1.0 -1.0 
173.46 62.34 20260402.0 -1.0 2.548086 73.12524937019002 1.7547870569073294 0.029030776940210157 23.989803891461843 16.0 24.174920562922257 16.0 2.5481009894671542 73.0649077033523 
173.46 62.34 20260402.0 -1.0 0.01634727536139659 105.6108110715165 7.113530673419467 0.045619792334615966 2.1754786069001106 4.0 -1.0 -1.0 -1.0 -1.0 
173.46 62.34 20260402.0 -1.0 13.10182917749833 56.436074762179864 0.016928670902708085 0.004147253848601451 1.828788615477019 1.0 -1.0 -1.0 -1.0 -1.0 
173.46 62.34 20260402.0 -1.0 3.09182036197 0.0 0.015657393701560413 0.017971433343939622 1.6806770089112275 2.0 -1.0 -1.0 -1.0 -1.0 
173.46 62.34 20260402.0 -1.0 3.0666178824950348 39.6754771529942 0.288765998383944 0.013824179495338174 4.178825430449592 16.0 -1.0 -1.0 -1.0 -1.0 
173.46 62.34 20260402.0 -1.0 164.1397912192 119.02643145898259 0.14491592444291002 0.10921101801317155 0.11540209386073298 1.0 -1.0 -1.0 -1.0 -1.0 
173.46 62.34 20260402.0 -1.0 0.002174152063187772 79.3509543059884 2.236325178527656 0.013824179495338172 2.5274614371375623 2.0 -1.0 -1.0 -1.0 -1.0 
174.15 62.34 20260402.0 -1.0 73.74831480102506 58.27161659357464 0.06085250039418514 0.03732528463741307 2.7263515430540464 2.0 -1.0 -1.0 -1.0 -1.0 
174.15 62.34 20260402.0 -1.0 336.700337 22.94251734508345 0.04953013217684496 0.009676925646736721 0.6385141282086794 1.0 -1.0 -1.0 -1.0 -1.0 
174.15 62.34 20260402.0 -1.0 110.50510789343974 40.00081392031389 0.3981621803925187 0.013824179495338174 2.3472536329679037 1.0 -1.0 -1.0 -1.0 -1.0 
174.15 62.34 20260402.0 -1.0 0.032870531214419525 0.0 0.1056823350003259 0.017971433343939622 1.81837832091167 1.0 -1.0 -1.0 -1.0 -1.0 
174.15 62.34 20260402.0 -1.0 0.08549343625325015 39.62041985034359 0.4076252011294515 0.013824179495338172 2.577236120561341 32.0 -1.0 -1.0 -1.0 -1.0 
174.15 62.34 20260402.0 -1.0 236.96536502357824 118.86125955103077 0.29501696080549084 0.08985716671969811 1.3916679912916075 1.0 -1.0 -1.0 -1.0 -1.0 
174.15 62.34 20260402.0 -1.0 87.412587 38.51489958449242 6.014200712968409 0.017971433343939622 47.14599927160767 4.0 47.14599999622047 4.0 87.41262718103826 38.55641251381887 
174.15 62.34 20260402.0 -1.0 0.368673333691 43.99495165500199 2.1708692319540637 0.019353851293473442 37.93046747450808 32.0 38.210605313783724 32.0 0.36867883560868603 43.91990296849709 
174.15 62.34 20260402.0 -1.0 0.5251375930305515 98.09412079358995 1.157727529959429 0.03456044873834543 7.928932456071109 16.0 8.346484829089999 16.0 0.5251422408036888 97.65600544838638 
174.15 62.34 20260402.0 -1.0 1.2196177773098 79.24083970068718 1.0344308644015945 0.052531882082285056 4.18330457964281 16.0 -1.0 -1.0 -1.0 -1.0 
174.84 62.34 20260402.0 -1.0 6.173602 8.971028772171179 0.713321523620373 0.11474068981130682 2.2966391495528997 2.0 -1.0 -1.0 -1.0 -1.0 
174.84 62.34 20260402.0 -1.0 0.0924402996373342 27.1385486798353 0.2736174016357826 0.026265941041142528 3.3149286172134986 32.0 -1.0 -1.0 -1.0 -1.0 
174.84 62.34 20260402.0 -1.0 1.03894930369083 77.4878543416373 0.01410635930080207 0.11612310776084063 2.1457365081408186 8.0 -1.0 -1.0 -1.0 -1.0 
174.84 62.34 20260402.0 -1.0 22.351083818 27.898000851024392 0.051626334042284505 0.006912089747669087 1.3781458105614817 2.0 -1.0 -1.0 -1.0 -1.0 
174.84 62.34 20260402.0 -1.0 0.647082 72.85994267345374 0.5303620703118446 0.02350110514207489 7.355515178619157 32.0 7.582131472622141 32.0 0.6470751638213794 73.46969943578085 
174.84 62.34 20260402.0 -1.0 0.003843871913492291 39.550845102707065 0.13283494223444614 0.02073626924300726 2.3236996361583713 1.0 -1.0 -1.0 -1.0 -1.0 
174.84 62.34 20260402.0 -1.0 196.582994 79.10169020541413 0.12083930556546363 0.017971433343939622 0.691538343095051 2.0 -1.0 -1.0 -1.0 -1.0 
174.84 62.34 20260402.0 -1.0 59.422316724576454 118.65253530812119 0.5310953723506969 0.02073626924300726 2.695417012797129 4.0 -1.0 -1.0 -1.0 -1.0 
174.84 62.34 20260402.0 -1.0 40.766408 59.16607071170039 1.3580422808185835 0.009676925646736721 17.217323497209396 8.0 17.217323582119985 8.0 40.766341650548085 59.20079086767465 
174.84 62.34 20260402.0 -1.0 0.16955348578098683 0.0 1.2431096876126295 0.011059343596270537 8.002440821219412 32.0 -1.0 -1.0 -1.0 -1.0 
175.52 62.34 20260402.0 -1.0 7.794831341300506 49.571768447896126 7.429970658615064 0.062208807729021785 36.65862238481266 8.0 38.073791450917184 32.0 7.794824341544882 49.58698722249672 
175.52 62.34 20260402.0 -1.0 1.22352355821 105.94262771755865 0.05505212374559751 0.016589015394405805 1.381703985433749 4.0 -1.0 -1.0 -1.0 -1.0 
175.52 62.34 20260402.0 -1.0 1.797862293773 47.67655149409365 0.030814056524267587 0.022118687192541075 0.8886281673709533 1.0 -1.0 -1.0 -1.0 -1.0 
175.52 62.34 20260402.0 -1.0 17.26282301 36.23417913551118 0.12517273770624457 0.019353851293473442 0.08392625710626245 2.0 -1.0 -1.0 -1.0 -1.0 
175.52 62.34 20260402.0 -1.0 2.257058359945 0.0 0.4686699264989958 0.0483846282336836 2.649759300253805 8.0 -1.0 -1.0 -1.0 -1.0 
175.52 62.34 20260402.0 -1.0 0.003213163116512112 78.95947633779583 0.4596912599290711 0.12718245135711118 -0.21638309320150434 8.0 -1.0 -1.0 -1.0 -1.0 
175.52 62.34 20260402.0 -1.0 1.868565 118.43921450669376 0.011649482428952803 0.031795612839277794 1.6465082374532702 4.0 -1.0 -1.0 -1.0 -1.0 
175.52 62.34 20260402.0 -1.0 0.562778 46.32620941450938 3.7701413734379985 0.052531882082285056 16.208445172205078 16.0 16.289564632740404 16.0 0.562795321457088 46.24745542996122 
175.52 62.34 20260402.0 -1.0 1.5677366427738217 42.63053635459455 1.0216471553317565 0.019353851293473442 17.722876902518237 32.0 18.5239351929973 32.0 1.5677263339360556 42.50313190499718 
175.52 62.34 20260402.0 -1.0 13.21720023548 39.47973816889792 6.9676176148737285 0.04423737438508215 65.28052526540993 16.0 65.28052832120152 16.0 13.217201437025022 39.467193911783106 
176.21 62.34 20260402.0 -1.0 1.84699098534 68.92075942110652 1.1137935036185476 0.02073626924300726 17.097163575390674 32.0 17.459444088853648 32.0 1.8470018403604629 68.91579244595971 
176.21 62.34 20260402.0 -1.0 27.838309386354652 84.4808416647463 5.6127399057889145 0.03317803078881161 33.55137739783016 16.0 33.662836556060185 16.0 27.838359528686855 84.50027414445869 
176.21 62.34 20260402.0 -1.0 5.26129961343 97.42787058327634 5.505212374559757 0.026265941041142528 74.7608982986249 32.0 74.80446493100698 32.0 5.261305583796154 97.35241164906498 
176.21 62.34 20260402.0 -1.0 3.951547269235 24.58161928915431 0.11934594860975856 0.02350110514207489 2.196990825196929 2.0 -1.0 -1.0 -1.0 -1.0 
176.21 62.34 20260402.0 -1.0 411.32080042890203 19.60381182367381 0.17902978599553002 0.017971433343939622 0.6148085605360706 1.0 -1.0 -1.0 -1.0 -1.0 
176.21 62.34 20260402.0 -1.0 8.78410420217902 0.0 0.12260518892579046 0.022118687192541075 1.6816695184325159 2.0 -1.0 -1.0 -1.0 -1.0 
176.21 62.34 20260402.0 -1.0 0.9284362758000647 78.81725549855827 0.38305252179960186 0.013824179495338172 8.4913181593914 32.0 8.636466597620208 32.0 0.9284425080598643 78.73199195735194 
176.21 62.34 20260402.0 -1.0 6.8125205463 118.2258832478374 0.09680517844721673 0.016589015394405805 0.9793368152837886 4.0 -1.0 -1.0 -1.0 -1.0 
176.21 62.34 20260402.0 -1.0 1.594136028705 20.7861888938592 4.552666382788993 0.0566791359308865 24.69492695394723 16.0 25.17481959759513 32.0 1.5941319967775296 21.04917008628432 
176.21 62.34 20260402.0 -1.0 3.9849251475883576 39.408627749279134 6.268732211262005 0.02073626924300726 129.43753374483748 32.0 129.5246474134265 32.0 3.9849207193280263 39.36599597867597 
176.9 62.34 20260402.0 -1.0 5.998549106181141 103.99124956780398 0.019077789510288882 0.07188573337575849 0.9339906224998191 4.0 -1.0 -1.0 -1.0 -1.0 
176.9 62.34 20260402.0 -1.0 0.003111445403839162 101.28849208840015 0.9423178540276087 0.019353851293473442 2.897168139022018 1.0 -1.0 -1.0 -1.0 -1.0 
176.9 62.34 20260402.0 -1.0 29.55209235202888 43.822438956447186 0.13627413729677892 0.009676925646736721 2.392119420859788 4.0 -1.0 -1.0 -1.0 -1.0 
176.9 62.34 20260402.0 -1.0 1.47163492631 39.33751388145394 0.016673324485775992 0.026265941041142524 2.1474747714278384 1.0 -1.0 -1.0 -1.0 -1.0 
176.9 62.34 20260402.0 -1.0 45.72872321005851 118.01254164436182 0.03227385809271237 0.024883523091608708 1.4430290379799455 2.0 -1.0 -1.0 -1.0 -1.0 
176.9 62.34 20260402.0 -1.0 0.005278116739940156 14.269143199123254 1.5272790406730856 0.06497364362808941 1.489283224604487 8.0 -1.0 -1.0 -1.0 -1.0 
176.9 62.34 20260402.0 -1.0 1.3281857031157 45.262335954208176 5.976922819163442 0.013824179495338172 145.3776754908615 32.0 106.51098431753638 32.0 2.6563611754681915 45.23547609888986 
176.9 62.34 20260402.0 -1.0 1.958027198703 70.46053341502551 1.0502728289128866 0.013824179495338172 36.2786594658491 32.0 36.27865934703946 32.0 1.9580208269568782 70.43376144256676 
176.9 62.34 20260402.0 -1.0 4.1341530887183415 0.0 4.8614819416184565 0.11059343596270538 6.552559419358535 16.0 -1.0 -1.0 -1.0 -1.0 
176.9 62.34 20260402.0 -1.0 0.8867355450783054 78.67502776290787 6.0350110248071775 0.017971433343939622 140.76521265129193 32.0 111.05818855677194 32.0 0.44334835062424344 78.83318989045907 
177.59 62.34 20260402.0 -1.0 0.80262320764 60.83614217943839 0.17853574187293061 0.13962421290291552 1.741318150385253 4.0 -1.0 -1.0 -1.0 -1.0 
177.59 62.34 20260402.0 -1.0 0.0866802525630004 62.16866477418088 0.036902577898469555 0.006912089747669087 0.9643342319721349 1.0 -1.0 -1.0 -1.0 -1.0 
177.59 62.34 20260402.0 -1.0 125.67957571331455 44.76332539506651 0.12000737073062885 0.012441761545804354 1.1061858543687433 2.0 -1.0 -1.0 -1.0 -1.0 
177.59 62.34 20260402.0 -1.0 1.22508021431 48.00619011678498 0.14531693580338606 0.008294507697202903 2.782147839614647 16.0 -1.0 -1.0 -1.0 -1.0 
177.59 62.34 20260402.0 -1.0 0.562778 31.709320860730728 0.06216978392254384 0.02073626924300726 1.5940684017059112 2.0 -1.0 -1.0 -1.0 -1.0 
177.59 62.34 20260402.0 -1.0 4.28191025905 78.60704085445558 0.026142175999586154 0.04285495643554833 1.762795888974006 4.0 -1.0 -1.0 -1.0 -1.0 
177.59 62.34 20260402.0 -1.0 0.579102438659 117.91056128168336 0.8281172079049609 0.07050331542622468 1.5643986500711426 8.0 -1.0 -1.0 -1.0 -1.0 
177.59 62.34 20260402.0 -1.0 0.0022043335512826594 23.879276587199602 6.962805736105153 0.058061553880420315 2.0680699393072364 16.0 -1.0 -1.0 -1.0 -1.0 
177.59 62.34 20260402.0 -1.0 2.01580589294 0.0 4.885048579038806 0.01520659744487199 98.06486287790925 32.0 -1.0 -1.0 -1.0 -1.0 
177.59 62.34 20260402.0 -1.0 0.3553286714507605 39.30352042722779 6.9387961430745095 0.05391430003181887 26.348034230194123 8.0 27.51716593266363 32.0 0.177654631746312 40.479173242854465 
178.28 62.34 20260402.0 -1.0 4.344169168005 73.59308776310628 8.100108739552656 0.012441761545804354 235.99042254018292 32.0 235.99041698980457 32.0 4.344171126528333 73.57089736888798 
178.28 62.34 20260402.0 -1.0 0.0026859420515741735 85.42454654839992 0.01624131023331397 0.011059343596270537 3.2802466418826195 1.0 -1.0 -1.0 -1.0 -1.0 
178.28 62.34 20260402.0 -1.0 161.0785884299511 66.5932007925242 0.39761242388196316 0.031795612839277794 1.7482145200584105 1.0 -1.0 -1.0 -1.0 -1.0 
178.28 62.34 20260402.0 -1.0 1.32074 36.95563222179364 0.015733294861894568 0.019353851293473442 2.432893126609168 1.0 -1.0 -1.0 -1.0 -1.0 
178.28 62.34 20260402.0 -1.0 227.427792 36.849573328299975 0.022456141361130662 0.1451538847010508 0.5494473819311817 1.0 -1.0 -1.0 -1.0 -1.0 
178.28 62.34 20260402.0 -1.0 10.316928486503567 48.3746397546119 0.44623636220705204 0.05114946413275124 2.7695658765469906 4.0 -1.0 -1.0 -1.0 -1.0 
178.28 62.34 20260402.0 -1.0 322.461932664884 78.5542871143101 0.4552666382788993 0.016589015394405805 2.0237189718860193 1.0 -1.0 -1.0 -1.0 -1.0 
178.28 62.34 20260402.0 -1.0 72.7385611347118 0.0 1.3347887611263103 0.11474068981130682 2.323238695053905 1.0 -1.0 -1.0 -1.0 -1.0 
178.28 62.34 20260402.0 -1.0 247.524752 39.27714355715505 6.801164172027586 0.04700221028414978 19.568190907152736 1.0 19.568190447798134 1.0 247.5251676514745 39.264798045568824 
178.28 62.34 20260402.0 -1.0 231.768195441668 117.83143067146514 2.499423126852955 0.019353851293473442 13.110435560757741 1.0 -1.0 -1.0 -1.0 -1.0 
178.97 62.34 20260402.0 -1.0 0.0027610319268041696 66.21873292237463 0.3096343148981891 0.004147253848601451 1.156225148334774 32.0 -1.0 -1.0 -1.0 -1.0 
178.97 62.34 20260402.0 -1.0 166.34448368090582 61.084219752508844 0.1433229146698036 0.012441761545804354 1.7248163471094171 2.0 -1.0 -1.0 -1.0 -1.0 
178.97 62.34 20260402.0 -1.0 0.970870701068 66.1009688588456 0.984916334046565 0.013824179495338172 27.039636933214222 32.0 27.140976041270655 32.0 0.970885594142601 66.08225031895991 
178.97 62.34 20260402.0 -1.0 401.97744057270614 62.20297835603464 0.42870960754281573 0.022118687192541075 1.1559396671532087 1.0 -1.0 -1.0 -1.0 -1.0 
178.97 62.34 20260402.0 -1.0 2.074993815898286 0.0 0.02846068997679546 0.008294507697202903 1.6824683423294478 32.0 -1.0 -1.0 -1.0 -1.0 
178.97 62.34 20260402.0 -1.0 0.004292082560167539 39.250762374226326 0.05846240640937591 0.017971433343939622 1.5352774990654507 32.0 -1.0 -1.0 -1.0 -1.0 
178.97 62.34 20260402.0 -1.0 2.197424522481 78.50152474845265 0.05923484518437083 0.011059343596270537 1.6726160053458077 1.0 -1.0 -1.0 -1.0 -1.0 
178.97 62.34 20260402.0 -1.0 2.84799157894 69.69277279648107 2.976784356556116 0.0566791359308865 14.7668765332552 16.0 15.137200296001211 16.0 2.8479917091317475 69.52298004460253 
178.97 62.34 20260402.0 -1.0 0.402851901 57.48063940852047 7.852166481863491 0.019353851293473442 129.22506476449993 32.0 90.3610918518867 32.0 0.2685737854335457 57.37922807174619 
245.0 62.27 20260402.0 -1.0 1.70068 118.72325716790233 0.3310945218811978 0.016589015394405805 3.8997576539985355 32.0 -1.0 -1.0 -1.0 -1.0 
245.0 62.27 20260402.0 -1.0 0.017116042703208576 95.37325368058636 0.1271775461173582 0.06220880772902178 1.5180388839839827 2.0 -1.0 -1.0 -1.0 -1.0 
245.0 62.27 20260402.0 -1.0 0.1893240918829196 37.44095900458032 0.10804467322518921 0.006912089747669085 1.6675021290660006 1.0 -1.0 -1.0 -1.0 -1.0 
245.0 62.27 20260402.0 -1.0 429.838515818049 42.159025798062906 0.07528139683571039 0.04423737438508215 1.8197451325850085 1.0 -1.0 -1.0 -1.0 -1.0 
245.0 62.27 20260402.0 -1.0 1.81119402046 84.31805159612581 0.10864346302698646 0.03732528463741307 0.9011332745583894 2.0 -1.0 -1.0 -1.0 -1.0 
245.0 62.27 20260402.0 -1.0 0.12123093239942118 126.47707739418873 0.11000290147540624 0.16036048214592277 1.3143551879045 1.0 -1.0 -1.0 -1.0 -1.0 
245.0 62.27 20260402.0 -1.0 0.7479 58.09673132028291 9.22988988163968 0.012441761545804354 314.7999883951861 32.0 174.69019294485105 32.0 0.4986153120019784 58.08761360349616 
245.0 62.27 20260402.0 -1.0 1.776199 12.99049489787297 3.905342843907336 0.04009012053648069 37.683257410720195 16.0 37.856527699649554 16.0 1.7761825195824108 13.054533370820563 
245.0 62.27 20260402.0 -1.0 0.014506232098234265 68.7598152530063 8.00553460268238 0.08985716671969811 4.927701442251312 2.0 -1.0 -1.0 -1.0 -1.0 
245.0 62.27 20260402.0 -1.0 1.72539706537 0.0 4.38292638550424 0.008294507697202903 110.52081899515915 32.0 -1.0 -1.0 -1.0 -1.0 
245.69 62.27 20260402.0 -1.0 24.009604 68.85721990490595 4.854769522709867 0.022118687192541075 52.52967984393449 8.0 52.63078475934841 8.0 24.00956873316318 68.81459451285258 
245.69 62.27 20260402.0 -1.0 0.04835637997368688 93.88582986665602 0.012371126305091651 0.08985716671969811 1.7419984511162732 1.0 -1.0 -1.0 -1.0 -1.0 
245.69 62.27 20260402.0 -1.0 1.84699098534 40.04831305080842 0.02104419479756245 0.038707702586946884 0.5789472218712985 8.0 -1.0 -1.0 -1.0 -1.0 
245.69 62.27 20260402.0 -1.0 2.912037613413 45.80755730961963 0.020442360985995726 0.027648358990676344 2.8397207390948154 8.0 -1.0 -1.0 -1.0 -1.0 
245.69 62.27 20260402.0 -1.0 0.1703344611648925 53.342779974231675 0.11984167233780622 0.012441761545804354 1.515274577979528 4.0 -1.0 -1.0 -1.0 -1.0 
245.69 62.27 20260402.0 -1.0 1.26385141176 84.56194323620174 0.09236268504401966 0.08985716671969811 2.2280978952705124 4.0 -1.0 -1.0 -1.0 -1.0 
245.69 62.27 20260402.0 -1.0 6.2435670953068 126.8429148543026 0.013608597880788035 0.016589015394405805 0.6868330650241141 16.0 -1.0 -1.0 -1.0 -1.0 
245.69 62.27 20260402.0 -1.0 0.78939674447 36.02699051767371 6.360340234416483 0.07050331542622468 25.635731533042073 8.0 27.084644674470624 16.0 0.7893807681587836 36.02646418614047 
245.69 62.27 20260402.0 -1.0 0.07448328518400348 0.0 1.259534364311018 0.00967692564673672 14.197302264464026 32.0 -1.0 -1.0 -1.0 -1.0 
245.69 62.27 20260402.0 -1.0 4.288969335171292 42.28097161810087 2.9974205107100906 0.016589015394405805 69.68941514121876 32.0 69.7529318947386 32.0 4.288964798130716 42.300736038782915 
246.38 62.27 20260402.0 -1.0 0.00380870477961134 43.789625107728156 3.8784559734588844 0.012441761545804354 11.33505571906897 32.0 -1.0 -1.0 -1.0 -1.0 
246.38 62.27 20260402.0 -1.0 370.397553 32.95035706827888 0.023101297000831605 0.016589015394405805 0.2546373087945419 1.0 -1.0 -1.0 -1.0 -1.0 
246.38 62.27 20260402.0 -1.0 0.22441424462533485 21.34776029365713 0.9917441330617631 0.04700221028414978 2.892206493578298 1.0 -1.0 -1.0 -1.0 -1.0 
246.38 62.27 20260402.0 -1.0 1.5391817877438576 30.151485039313112 0.028757152108352054 0.035942866687879244 1.7663604695855388 1.0 -1.0 -1.0 -1.0 -1.0 
246.38 62.27 20260402.0 -1.0 6.109834011889509 10.737490874759606 0.010634147265031731 0.009676925646736721 1.466641691390108 1.0 -1.0 -1.0 -1.0 -1.0 
246.38 62.27 20260402.0 -1.0 0.04993722094168147 0.0 0.8685481096141667 0.015206597444871992 3.8430683650356507 32.0 -1.0 -1.0 -1.0 -1.0 
246.38 62.27 20260402.0 -1.0 5.3890932493 127.20873371649442 0.09210780431878308 0.04700221028414978 2.107202974146553 16.0 -1.0 -1.0 -1.0 -1.0 
246.38 62.27 20260402.0 -1.0 0.173547943 90.4162886811807 8.195800136894427 0.009676925646736721 243.11502807278518 32.0 140.44728414190863 32.0 0.23140576862109205 90.77454599710113 
246.38 62.27 20260402.0 -1.0 0.013232401061537778 42.40291123883147 9.2044194113327 0.035942866687879244 6.6824813590600876 32.0 -1.0 -1.0 -1.0 -1.0 
246.38 62.27 20260402.0 -1.0 29.946923 84.80582247766294 1.3731366893478814 0.012441761545804354 14.973327911396927 4.0 14.97332782567218 4.0 29.946871412297092 84.80386794378009 
247.06 62.27 20260402.0 -1.0 0.98597987402 85.96831782821538 0.161517960493532 0.009676925646736721 3.5817432591902345 16.0 -1.0 -1.0 -1.0 -1.0 
247.06 62.27 20260402.0 -1.0 94.08695464729132 84.7945147352804 0.4755188273662868 0.013824179495338172 2.9037385769409596 4.0 -1.0 -1.0 -1.0 -1.0 
247.06 62.27 20260402.0 -1.0 0.7886 122.47104227263867 0.283821508860516 0.0967692564673672 1.4038530471790311 1.0 -1.0 -1.0 -1.0 -1.0 
247.06 62.27 20260402.0 -1.0 0.1298824344332248 90.72732384631041 0.06498023507433717 0.03456044873834543 1.1240783033443513 1.0 -1.0 -1.0 -1.0 -1.0 
247.06 62.27 20260402.0 -1.0 0.7654706993131225 75.14891540638001 0.3632085100703893 0.04285495643554833 2.906462859062452 4.0 -1.0 -1.0 -1.0 -1.0 
247.06 62.27 20260402.0 -1.0 98.05993400760246 45.26797145362246 0.02298985084394086 0.012441761545804354 1.116610495085208 1.0 -1.0 -1.0 -1.0 -1.0 
247.06 62.27 20260402.0 -1.0 2.88260068591 0.0 0.1471352636091612 0.006912089747669086 2.6699871542649944 32.0 -1.0 -1.0 -1.0 -1.0 
247.06 62.27 20260402.0 -1.0 0.04155204828721927 42.524844660350524 0.9534500147295625 0.06635606157762322 3.6720344557403255 16.0 -1.0 -1.0 -1.0 -1.0 
247.06 62.27 20260402.0 -1.0 8.8799529 85.04968932070105 3.3362018990225044 0.04147253848601452 26.24903338230535 16.0 26.24903316917603 16.0 8.879942470230162 85.00626380999437 
247.06 62.27 20260402.0 -1.0 0.010043631180800433 127.57453398105157 2.9583333176866105 0.012441761545804354 12.007203420316431 32.0 7.286278483029489 16.0 0.020069516419122618 126.69981225013447 
247.75 62.27 20260402.0 -1.0 0.1936 32.99910731422458 0.9281042462954986 0.016589015394405805 13.845006445260237 32.0 14.366110757709142 32.0 0.19360110551739734 34.30609932331915 
247.75 62.27 20260402.0 -1.0 0.007181207552978975 88.40280435594326 0.05948088720445762 0.02903077694021016 3.025688327859435 32.0 -1.0 -1.0 -1.0 -1.0 
247.75 62.27 20260402.0 -1.0 2.40492755379 70.89881877786678 0.20784126316275736 0.005529671798135269 6.556430990496334 16.0 6.805686583487094 16.0 2.4049465234080953 70.83855317499531 
247.75 62.27 20260402.0 -1.0 51.532336252286136 59.92044185828372 0.03148109319224993 0.027648358990676348 1.6647197095078592 8.0 -1.0 -1.0 -1.0 -1.0 
247.75 62.27 20260402.0 -1.0 0.72282 0.0 0.05814019012713383 0.06497364362808941 2.3157078542366087 1.0 -1.0 -1.0 -1.0 -1.0 
247.75 62.27 20260402.0 -1.0 0.998004 127.94031563975635 0.3530650961031626 0.016589015394405805 2.286248062557327 32.0 -1.0 -1.0 -1.0 -1.0 
247.75 62.27 20260402.0 -1.0 3.8174542497 90.21973853144534 1.6940370024467943 0.019353851293473442 33.185126789940924 32.0 33.27797861977172 32.0 3.817452428241571 90.26855633156545 
247.75 62.27 20260402.0 -1.0 4.511352085937126 85.19118127107689 5.137727631521565 0.016589015394405805 98.24934943008826 32.0 98.2493517873807 32.0 4.511366569204256 85.20865967620864 
247.75 62.27 20260402.0 -1.0 364.963504 42.64677187991878 2.306940022847628 0.012441761545804354 8.1755926015812 1.0 -1.0 -1.0 -1.0 -1.0 
247.75 62.27 20260402.0 -1.0 1.716827 85.29354375983756 1.5897181476553903 0.10091651031596865 3.7301713362125066 4.0 -1.0 -1.0 -1.0 -1.0 
248.44 62.26 20260402.0 -1.0 0.618723247886 22.750942847742266 0.1666180978727655 0.027648358990676344 0.7274593674669103 1.0 -1.0 -1.0 -1.0 -1.0 
248.44 62.26 20260402.0 -1.0 0.6131785651 113.96002449565655 0.0969390255654412 0.05529671798135269 2.0021851284581094 4.0 -1.0 -1.0 -1.0 -1.0 
248.44 62.26 20260402.0 -1.0 2.331328 90.8754524803783 0.28618420759827207 0.02073626924300726 3.4127134826936825 8.0 -1.0 -1.0 -1.0 -1.0 
248.44 62.26 20260402.0 -1.0 4.855561908974691 62.54263702193785 0.014067431901849526 0.06635606157762322 1.0803812588920163 1.0 -1.0 -1.0 -1.0 -1.0 
248.44 62.26 20260402.0 -1.0 2.0654800681757703 43.102322067437264 0.04254640661191802 0.019353851293473442 1.457431747854555 32.0 -1.0 -1.0 -1.0 -1.0 
248.44 62.26 20260402.0 -1.0 0.16723197844396526 4.362842960085939 0.9109529563125788 0.02350110514207489 4.117958489423838 32.0 -1.0 -1.0 -1.0 -1.0 
248.44 62.26 20260402.0 -1.0 0.9249294629 0.0 0.021248718019961817 0.08018024107296139 -0.1215359477121771 1.0 -1.0 -1.0 -1.0 -1.0 
248.44 62.26 20260402.0 -1.0 4.545455 42.76869289990128 0.015787735142150133 0.01520659744487199 1.2999291977559682 8.0 -1.0 -1.0 -1.0 -1.0 
248.44 62.26 20260402.0 -1.0 288.758695112907 85.53738579980256 0.012448284660085037 0.006912089747669086 2.055511246230349 1.0 -1.0 -1.0 -1.0 -1.0 
248.44 62.26 20260402.0 -1.0 21.032900128894585 128.30607869970385 0.028996543714931294 0.03732528463741307 0.5003461232340107 1.0 -1.0 -1.0 -1.0 -1.0 
249.12 62.26 20260402.0 -1.0 1.060198 41.09497655214304 0.11084202985753976 0.10921101801317155 1.2251954691938596 2.0 -1.0 -1.0 -1.0 -1.0 
249.12 62.26 20260402.0 -1.0 106.11873496995 119.69410646255254 0.01568987783040777 0.024883523091608708 1.2844834455355154 4.0 -1.0 -1.0 -1.0 -1.0 
249.12 62.26 20260402.0 -1.0 1.10742 45.81838914050398 0.5870523997342639 0.016589015394405805 7.215841231580414 32.0 7.609028235427941 32.0 1.1074310653687767 46.34865336306836 
249.12 62.26 20260402.0 -1.0 1.777566936351 82.78198846958472 0.0681998435419825 0.02350110514207489 1.873647876799738 8.0 -1.0 -1.0 -1.0 -1.0 
249.12 62.26 20260402.0 -1.0 140.9807004094361 25.99807473702754 0.013855243458219334 0.016589015394405805 1.0447115832185538 1.0 -1.0 -1.0 -1.0 -1.0 
249.12 62.26 20260402.0 -1.0 0.873469 0.0 0.04834687823250379 0.09400442056829957 1.031960043562498 2.0 -1.0 -1.0 -1.0 -1.0 
249.12 62.26 20260402.0 -1.0 0.053255632400813185 13.719776074094732 9.700601850717248 0.031795612839277794 18.701221298424446 32.0 6.249028642866943 2.0 0.2929785599311193 21.35276388560573 
249.12 62.26 20260402.0 -1.0 502.368668 42.89682331609544 2.689322988764996 0.011059343596270537 12.207450821164912 1.0 -1.0 -1.0 -1.0 -1.0 
249.12 62.26 20260402.0 -1.0 0.761961052649868 85.79364663219089 2.0343742169503294 0.011059343596270537 37.82433840339303 32.0 37.82433804847016 32.0 0.7619443446553003 85.81584727485146 
249.12 62.26 20260402.0 -1.0 4.4538744 128.69046994828634 1.915703235890768 0.016589015394405805 36.779831938794544 16.0 36.77983030239443 16.0 4.453856187562148 128.62257297917006 
249.81 62.26 20260402.0 -1.0 5.17050861803 47.73252628954591 8.425439399560153 0.06497364362808941 53.604973241046544 16.0 55.50423150290553 32.0 5.170507696069157 47.66422649346113 
249.81 62.26 20260402.0 -1.0 0.4329617993720772 99.53206523292113 2.893650962974944 0.019353851293473442 50.54653677075263 32.0 50.89786842824342 32.0 0.432949794533973 99.98355790985052 
249.81 62.26 20260402.0 -1.0 0.0034109719754692705 23.47247303067202 6.5929822754694465 0.055296717981352696 4.203454636808004 8.0 -1.0 -1.0 -1.0 -1.0 
249.81 62.26 20260402.0 -1.0 313.63792463001255 43.91082551007456 1.3292674224474206 0.05253188208228506 2.3827456281353614 1.0 -1.0 -1.0 -1.0 -1.0 
249.81 62.26 20260402.0 -1.0 2.3276183091028506 58.15182537411814 0.17093196386209183 0.011059343596270537 5.01210027093386 16.0 -1.0 -1.0 -1.0 -1.0 
249.81 62.26 20260402.0 -1.0 3.05756410294 111.06172332774517 0.3281342814423538 0.012441761545804356 7.917182746016666 16.0 8.086624872546263 16.0 3.0575392884202306 110.71053881920696 
249.81 62.26 20260402.0 -1.0 0.3053295991550577 0.0 2.7437455573669807 0.02350110514207489 24.022017516193674 32.0 8.50943995999056 4.0 3.358096970866124 4.7563028560354 
249.81 62.26 20260402.0 -1.0 17.74412637315076 43.03286722289871 1.2100638333007934 0.01520659744487199 16.906822192557183 16.0 17.058615217823405 16.0 17.744120365629595 43.00912157053286 
249.81 62.26 20260402.0 -1.0 1.5184676315758 86.06573444579742 7.399236668657116 0.009676925646736721 222.17881999852347 32.0 157.81570459913596 32.0 0.5061641180266937 86.01824314106572 
249.81 62.26 20260402.0 -1.0 208.768267 129.09860166869612 3.229616201708169 0.017971433343939622 19.777635798102818 1.0 19.777635489090507 1.0 208.7685667599241 129.0273647115986 
250.5 62.26 20260402.0 -1.0 0.011061207030491276 68.04963181264921 0.3107057102433957 0.04700221028414978 0.9736864272887723 16.0 -1.0 -1.0 -1.0 -1.0 
250.5 62.26 20260402.0 -1.0 2.949517979 75.7301479270194 0.35698935448104213 0.016589015394405805 5.072195692136831 32.0 -1.0 -1.0 -1.0 -1.0 
250.5 62.26 20260402.0 -1.0 1.9546609131310237 38.3896286053849 0.84604358973738 0.016589015394405805 7.533748352756139 32.0 7.827894198920144 32.0 1.9546556965603183 38.3540166476046 
250.5 62.26 20260402.0 -1.0 0.815656977709 97.07498866307687 0.19157032358907672 0.04009012053648069 1.19643550531829 1.0 -1.0 -1.0 -1.0 -1.0 
250.5 62.26 20260402.0 -1.0 1.8497875356873548 0.0 0.04735518490918648 0.016589015394405805 1.6408437476201805 4.0 -1.0 -1.0 -1.0 -1.0 
250.5 62.26 20260402.0 -1.0 0.23822964211790182 43.16890423135893 0.03200740941471538 0.024883523091608708 0.6673589898648837 1.0 -1.0 -1.0 -1.0 -1.0 
250.5 62.26 20260402.0 -1.0 1.47163492631 86.33780846271786 0.22847352570395624 0.02073626924300726 2.8572895099595526 32.0 -1.0 -1.0 -1.0 -1.0 
250.5 62.26 20260402.0 -1.0 0.985527729116 129.50671269407678 0.055128241245029665 0.029030776940210157 1.3836319400497459 2.0 -1.0 -1.0 -1.0 -1.0 
250.5 62.26 20260402.0 -1.0 1.3318972453758 14.324874911456039 1.9104167305247841 0.011059343596270537 67.48540435613143 32.0 67.61520110728118 32.0 1.3318943577663354 14.370106501213336 
250.5 62.26 20260402.0 -1.0 0.5915711 32.3540122322036 1.3065066096061997 0.017971433343939622 27.27071435481669 32.0 27.433047830754777 32.0 0.5915656705231717 32.68693239360498 
251.18 62.26 20260402.0 -1.0 0.7348954975 67.51048270858753 0.27154598407104374 0.027648358990676344 2.7258405416088403 8.0 -1.0 -1.0 -1.0 -1.0 
251.18 62.26 20260402.0 -1.0 0.014707607006083433 87.42841380794563 0.5227232618477182 0.04700221028414978 1.5814723550069734 1.0 6.84385594207512 4.0 0.08343098064263663 84.19668034513728 
251.18 62.26 20260402.0 -1.0 1.795203 23.607880500674277 0.15000910217817925 0.1534483923982537 3.6351995446372523 4.0 -1.0 -1.0 -1.0 -1.0 
251.18 62.26 20260402.0 -1.0 0.005866544278869424 27.453743256975645 0.13477612364941793 0.038707702586946884 4.2443617858765945 32.0 -1.0 -1.0 -1.0 -1.0 
251.18 62.26 20260402.0 -1.0 0.001885472350448696 7.496833818871249 0.011577275299594283 0.015206597444871989 0.22011717347789683 8.0 -1.0 -1.0 -1.0 -1.0 
251.18 62.26 20260402.0 -1.0 2.706885409446 0.0 0.04891802863108921 0.07741540517389377 1.6955740851348438 4.0 -1.0 -1.0 -1.0 -1.0 
251.18 62.26 20260402.0 -1.0 13.908404438658986 43.30493434713669 0.2923792815936475 0.12580003340757737 0.9686384604781051 2.0 -1.0 -1.0 -1.0 -1.0 
251.18 62.26 20260402.0 -1.0 455.000455 129.91480304141007 0.13874400330185555 0.006912089747669086 2.0738883335435108 1.0 -1.0 -1.0 -1.0 -1.0 
251.18 62.26 20260402.0 -1.0 1.436656496890109 11.511602709739906 1.0027672000990766 0.009676925646736721 32.93070434287216 32.0 33.106094748343835 32.0 1.4366681474105767 11.637762307320658 
251.18 62.26 20260402.0 -1.0 0.9078078525 86.60986869427337 3.0729023168311738 0.022118687192541075 54.30476350670342 32.0 54.570287002295444 32.0 0.9077969783296188 86.5242328066014 
251.87 62.26 20260402.0 -1.0 0.9224842692278 34.8533253892208 0.0184938232507 0.056679135930886505 1.6675764594889988 2.0 -1.0 -1.0 -1.0 -1.0 
251.87 62.26 20260402.0 -1.0 2.3599302092109884 113.78815656241495 0.8601881578269445 0.027648358990676344 9.648336078845796 16.0 9.689339279738412 16.0 2.359956852160394 113.84767474552818 
251.87 62.26 20260402.0 -1.0 0.8908199119053896 24.126217387975956 0.0144117218517521 0.04423737438508215 0.7188956970035588 2.0 -1.0 -1.0 -1.0 -1.0 
251.87 62.26 20260402.0 -1.0 217.00905523505 0.0 0.04398092168823045 0.016589015394405805 1.295186498759497 1.0 -1.0 -1.0 -1.0 -1.0 
251.87 62.26 20260402.0 -1.0 2.358491 43.44283228207664 0.3276812149120733 0.035942866687879244 1.1268064883794935 16.0 -1.0 -1.0 -1.0 -1.0 
251.87 62.26 20260402.0 -1.0 3.256799 86.88566456415327 0.11844244140315281 0.016589015394405805 2.1903634354035666 8.0 -1.0 -1.0 -1.0 -1.0 
251.87 62.26 20260402.0 -1.0 1.15226 83.56195552367036 3.733852997740587 0.02764835899067634 44.614258728129236 16.0 45.93554113393043 32.0 1.152269154166182 83.3870968802802 
251.87 62.26 20260402.0 -1.0 4.48486592863 11.496123034140894 1.3883988696557663 0.013824179495338172 36.58252903886115 32.0 36.58252910480578 32.0 4.484869956892605 11.53656437421352 
251.87 62.26 20260402.0 -1.0 2.87253929366 46.45372164816116 3.003639208146939 0.031795612839277794 40.71785095595903 16.0 40.84252838927494 32.0 2.8725480660796165 46.34865336306836 
251.87 62.26 20260402.0 -1.0 38.578428963650275 130.3284968462299 2.9624236400812496 0.016589015394405805 21.20439938502522 2.0 21.204399023685937 2.0 38.57858246192336 130.2417399088842 
252.56 62.26 20260402.0 -1.0 0.678596 33.94563784982576 2.2425135377832452 0.016589015394405805 37.243950502710874 32.0 37.38383576717416 32.0 0.6786043134828409 34.20490139021202 
252.56 62.26 20260402.0 -1.0 276.3963275801 116.21312009936496 0.18126995735709858 0.013824179495338172 1.7714925445152827 1.0 -1.0 -1.0 -1.0 -1.0 
252.56 62.26 20260402.0 -1.0 2.76203446627 74.68040326961668 0.02757046204680017 0.07741540517389377 1.722348710034191 2.0 -1.0 -1.0 -1.0 -1.0 
252.56 62.26 20260402.0 -1.0 29.9445469 48.400331423643664 0.01 0.006912089747669086 1.2753442769769454 4.0 -1.0 -1.0 -1.0 -1.0 
252.56 62.26 20260402.0 -1.0 14.495710128133153 39.88448932721339 0.0100138264419705 0.035942866687879244 1.183798649969408 4.0 -1.0 -1.0 -1.0 -1.0 
252.56 62.26 20260402.0 -1.0 0.603344173844 64.13697972165538 0.4612818816800296 0.013824179495338172 12.572708083485486 32.0 12.695145157419049 32.0 0.6033587851561606 64.26068752303146 
252.56 62.26 20260402.0 -1.0 0.813613 87.19908358648883 0.3652214325520265 0.06497364362808941 2.58877310454586 8.0 -1.0 -1.0 -1.0 -1.0 
252.56 62.26 20260402.0 -1.0 1.2009275467014218 0.0 2.4736561696432573 0.013824179495338172 52.736057313785295 32.0 -1.0 -1.0 -1.0 -1.0 
252.56 62.26 20260402.0 -1.0 1.25740386201245 43.59954179324441 7.429970658615064 0.009676925646736721 264.7953068485575 32.0 10.517209258505181 4.0 1.25849813533326 44.32469470092563 
252.56 62.26 20260402.0 -1.0 1.126697 130.79862537973324 2.665278366645544 0.08018024107296139 7.528683969909131 8.0 8.781139423348712 8.0 1.1266820365563035 130.2417399088842 
253.24 62.26 20260402.0 -1.0 19.541882000188995 69.81569262510362 1.90777895102889 0.05529671798135269 8.446980398148684 8.0 8.694334296951832 8.0 19.541888226134084 69.82657384392395 
253.24 62.26 20260402.0 -1.0 2.316946290122627 109.14773758651965 0.010174211233788415 0.04700221028414978 1.0723298208002576 1.0 -1.0 -1.0 -1.0 -1.0 
253.24 62.26 20260402.0 -1.0 213.33223675351 110.82814538193395 0.6661658389094735 0.03317803078881161 3.0443447291032077 2.0 -1.0 -1.0 -1.0 -1.0 
253.24 62.26 20260402.0 -1.0 0.004619562426592334 129.6670921508365 0.3249759224035993 0.04561979233461597 0.9218429646709486 1.0 -1.0 -1.0 -1.0 -1.0 
253.24 62.26 20260402.0 -1.0 6.451933931776 0.0 0.04260523315412531 0.011059343596270537 1.7927922924453137 1.0 -1.0 -1.0 -1.0 -1.0 
253.24 62.26 20260402.0 -1.0 2.895278 43.75624361028025 0.04841372476313745 0.09538683851783337 2.3360076455472987 1.0 -1.0 -1.0 -1.0 -1.0 
282.84 13.23 20260402.0 -1.0 0.945001 9.830468209497784 9.25543083383461 0.03317803078881161 44.47522456364397 16.0 50.54031314281178 32.0 0.9449953116321316 9.816199511392206 
282.84 13.23 20260402.0 -1.0 3.386501 53.214932501414026 0.4042599017082545 0.052531882082285056 0.4942435187087886 4.0 -1.0 -1.0 -1.0 -1.0 
282.84 13.23 20260402.0 -1.0 0.571574196782 4.513990504361227 0.5702635424403566 0.019353851293473442 2.0622939498568216 32.0 -1.0 -1.0 -1.0 -1.0 
282.84 13.23 20260402.0 -1.0 1.9411179295 92.53680533940516 0.029726742058157247 0.027648358990676344 2.5506947087923586 4.0 -1.0 -1.0 -1.0 -1.0 
282.84 13.23 20260402.0 -1.0 0.002971694781935529 145.6012714906738 0.25254584867986474 0.04423737438508215 1.9160725935927059 1.0 -1.0 -1.0 -1.0 -1.0 
282.84 13.23 20260402.0 -1.0 0.005920712181085924 0.0 0.09028083341550167 0.01520659744487199 1.417551366337234 32.0 -1.0 -1.0 -1.0 -1.0 
282.84 13.23 20260402.0 -1.0 0.378019 334.3362300230216 0.5976922819163438 0.02350110514207489 3.0113295338958546 16.0 -1.0 -1.0 -1.0 -1.0 
282.84 13.23 20260402.0 -1.0 0.482589475307 22.0182425712731 1.4421681552054733 0.024883523091608708 5.260712173830199 32.0 -1.0 -1.0 -1.0 -1.0 
282.84 13.23 20260402.0 -1.0 1.528397635626 167.1681150115108 2.4012536820103056 0.05253188208228506 8.78878048359562 16.0 8.788780310934468 16.0 1.5283755298393469 167.17898549298894 
282.84 13.23 20260402.0 -1.0 276.59755044807 501.5043450345324 2.3358063980337582 0.02350110514207489 5.222739998655056 1.0 -1.0 -1.0 -1.0 -1.0 
283.16 13.23 20260402.0 -1.0 0.0011114843736737697 33.9335412237832 2.223999644408111 0.01382417949533817 0.15203430881445884 2.0 -1.0 -1.0 -1.0 -1.0 
283.16 13.23 20260402.0 -1.0 1.4499216603224474 139.93741320381895 0.05358866120566024 0.04976704618321741 0.5895745074014817 1.0 -1.0 -1.0 -1.0 -1.0 
283.16 13.23 20260402.0 -1.0 296.81031620473095 219.3377989374144 0.02689322988764996 0.011059343596270537 1.3181659953164266 1.0 -1.0 -1.0 -1.0 -1.0 
283.16 13.23 20260402.0 -1.0 0.039142364678518046 66.2267904246645 0.019898937272332506 0.024883523091608708 1.4353655417603244 4.0 -1.0 -1.0 -1.0 -1.0 
283.16 13.23 20260402.0 -1.0 0.765609 170.84666601037677 0.03639620525988885 0.024883523091608708 1.2030130311639629 16.0 -1.0 -1.0 -1.0 -1.0 
283.16 13.23 20260402.0 -1.0 12.359917476 512.5399980311303 0.08922674486302233 0.03732528463741307 0.9167909546325381 4.0 -1.0 -1.0 -1.0 -1.0 
283.16 13.23 20260402.0 -1.0 5.446712522089698 94.41930956829103 5.7819749743951 0.02073626924300726 64.5046247322478 32.0 64.57098288626798 32.0 5.446721236997595 94.41767158895803 
283.16 13.23 20260402.0 -1.0 0.727899551124 7.842646234499743 9.67383242068429 0.02764835899067634 66.81954393575664 32.0 61.9668350100527 32.0 0.3639494631594668 8.601824314106572 
283.16 13.23 20260402.0 -1.0 196.27145538862112 0.0 2.7135845277589143 0.04147253848601452 7.022625712155642 2.0 -1.0 -1.0 -1.0 -1.0 
283.16 13.23 20260402.0 -1.0 2.4784478211 341.69333202075353 4.127257507209404 0.013824179495338172 69.67328749529788 32.0 69.80074361966645 32.0 2.4784640118014067 341.64422216969166 
283.49 13.23 20260402.0 -1.0 7.146916389768 54.99102847723427 2.7305090755433166 0.026265941041142528 20.47418969652249 16.0 20.75753786351845 16.0 7.146930632491907 54.95047767717493 
283.49 13.23 20260402.0 -1.0 122.285985983522 80.72703989446903 2.3568787118632564 0.08985716671969811 2.9902534661300155 2.0 -1.0 -1.0 -1.0 -1.0 
283.49 13.23 20260402.0 -1.0 7.16816991526 54.623371171273774 0.8049901736525529 0.058061553880420315 2.652918926547128 8.0 -1.0 -1.0 -1.0 -1.0 
283.49 13.23 20260402.0 -1.0 0.28238416279484624 49.21355652642647 0.03329294667906999 0.024883523091608708 1.3935100710633979 32.0 -1.0 -1.0 -1.0 -1.0 
283.49 13.23 20260402.0 -1.0 0.07943282347242814 104.20458500366074 0.14949183117699152 0.02211868719254107 2.4683761876243877 2.0 -1.0 -1.0 -1.0 -1.0 
283.49 13.23 20260402.0 -1.0 0.513208827209361 0.0 0.2094267259147316 0.016589015394405805 0.9320481343801235 1.0 -1.0 -1.0 -1.0 -1.0 
283.49 13.23 20260402.0 -1.0 0.01919987137799134 525.1722003284293 0.42870960754281573 0.027648358990676344 1.0278566125054887 1.0 -1.0 -1.0 -1.0 -1.0 
283.49 13.23 20260402.0 -1.0 65.44272043545732 62.55426448556449 1.000691083300461 0.013824179495338172 5.566815698773334 4.0 -1.0 -1.0 -1.0 -1.0 
283.49 13.23 20260402.0 -1.0 1.3559 175.05740010947645 7.575092471847536 0.18247916933846384 6.849185381213037 2.0 6.89690259523508 2.0 1.355753435442845 174.87002840913127 
283.49 13.23 20260402.0 -1.0 0.2656936554 350.1148002189529 1.4907929892623273 0.009676925646736721 29.236727106502123 32.0 29.39083991116129 32.0 0.2656937188779315 350.34724441690537 
287.88 4.02 20260402.0 -1.0 64.54668603695595 143.9011491650647 3.4486868843098253 0.09123958466923193 4.186567552121658 1.0 -1.0 -1.0 -1.0 -1.0 
287.88 4.02 20260402.0 -1.0 2.185717553667 43.475435525134394 0.17742912160141563 0.05253188208228506 1.818951039925612 2.0 -1.0 -1.0 -1.0 -1.0 
287.88 4.02 20260402.0 -1.0 17.581787439437928 75.1709772140238 0.10034601957653146 0.03456044873834543 1.9637526364541067 2.0 -1.0 -1.0 -1.0 -1.0 
287.88 4.02 20260402.0 -1.0 0.0741417828723554 24.746251799881566 0.029501696080549082 0.029030776940210154 1.814712691447074 4.0 -1.0 -1.0 -1.0 -1.0 
287.88 4.02 20260402.0 -1.0 34.39137817982709 117.03621142341247 0.10444842371142099 0.017971433343939625 1.2698429191856744 8.0 -1.0 -1.0 -1.0 -1.0 
287.88 4.02 20260402.0 -1.0 1.261341099297 90.67975830778519 0.17152342191960426 0.0483846282336836 1.1150527830613615 1.0 -1.0 -1.0 -1.0 -1.0 
287.88 4.02 20260402.0 -1.0 0.01876373659635573 0.0 0.3501502376491989 0.06497364362808941 0.9669068664517809 4.0 -1.0 -1.0 -1.0 -1.0 
287.88 4.02 20260402.0 -1.0 1.2649434 564.9264195137347 0.034966677291472716 0.016589015394405805 1.3131647767682582 4.0 -1.0 -1.0 -1.0 -1.0 
287.88 4.02 20260402.0 -1.0 225.01840471114 847.389629270602 0.01645589971998487 0.011059343596270537 0.4498813631650662 1.0 -1.0 -1.0 -1.0 -1.0 
287.88 4.02 20260402.0 -1.0 7.478313 282.46320975686734 1.4273006104727985 0.019353851293473442 8.633416537424193 16.0 8.633416381511859 16.0 7.478289868837844 282.443431302017 
288.2 4.01 20260402.0 -1.0 0.3275 48.90152358600051 1.5996331735108558 0.02211868719254108 3.55832264117142 32.0 -1.0 -1.0 -1.0 -1.0 
288.2 4.01 20260402.0 -1.0 0.555864 116.51249708257264 0.03406067303515039 0.03041319488974398 1.0665316071038915 4.0 -1.0 -1.0 -1.0 -1.0 
288.2 4.01 20260402.0 -1.0 1.131171 209.2567659525736 0.5299957990657957 0.01520659744487199 5.044670661073777 32.0 -1.0 -1.0 -1.0 -1.0 
288.2 4.01 20260402.0 -1.0 0.9992746586412061 2.890730458285744 0.07317899463156684 0.019353851293473442 1.6783049701650392 32.0 -1.0 -1.0 -1.0 -1.0 
288.2 4.01 20260402.0 -1.0 1.752273 0.0 0.7089001340999033 0.04285495643554833 1.4930558992048597 8.0 -1.0 -1.0 -1.0 -1.0 
288.2 4.01 20260402.0 -1.0 3.57439188715 267.6334615962885 0.07723048797037538 0.04285495643554833 0.8687221643142526 8.0 -1.0 -1.0 -1.0 -1.0 
288.2 4.01 20260402.0 -1.0 174.16720665567405 535.266923192577 0.09046813752760459 0.07603298722435994 -0.11048719412901663 1.0 -1.0 -1.0 -1.0 -1.0 
288.2 4.01 20260402.0 -1.0 1.1510060470512 802.9003847888655 0.3652214325520265 0.00967692564673672 3.422939335347696 16.0 -1.0 -1.0 -1.0 -1.0 
288.2 4.01 20260402.0 -1.0 10.46014765666347 67.53067542828641 5.028866967141122 0.012441761545804354 62.448258242260046 32.0 62.44825666140657 32.0 10.460159198070567 67.49902138245982 
288.2 4.01 20260402.0 -1.0 57.27738648331841 221.542370400288 1.9356582498136592 0.008294507697202903 11.697785991810383 4.0 11.697785880792454 4.0 57.277308466533825 221.52227557152105 
325.84 62.12 20260402.0 -1.0 133.41666610200812 99.7775985856576 0.7172747925877021 0.011059343596270537 4.430147440592889 2.0 -1.0 -1.0 -1.0 -1.0 
325.84 62.12 20260402.0 -1.0 1.35421422194 68.92531481246084 0.012752947183557435 0.027648358990676344 1.185610751920799 32.0 -1.0 -1.0 -1.0 -1.0 
325.84 62.12 20260402.0 -1.0 0.98840874179 0.0 0.01985773875891723 0.029030776940210157 -0.049921955420011946 16.0 -1.0 -1.0 -1.0 -1.0 
325.84 62.12 20260402.0 -1.0 4.25081644951 168.29895550910769 0.01418453755649639 0.031795612839277794 1.2490822319558483 2.0 -1.0 -1.0 -1.0 -1.0 
325.84 62.12 20260402.0 -1.0 0.655623504347 504.896866527323 0.8513203390023171 0.009676925646736721 21.080265407070303 32.0 21.191751356493633 32.0 0.6556244140180449 504.8764882715022 
325.84 62.12 20260402.0 -1.0 0.0010762985944082135 59.93725178197144 1.1481694855213498 0.20321543858147115 1.849453225906625 1.0 -1.0 -1.0 -1.0 -1.0 
325.84 62.12 20260402.0 -1.0 0.0012017992614106908 0.1514842083790348 5.547207448246047 0.011059343596270537 1.7221576407720525 1.0 -1.0 -1.0 -1.0 -1.0 
325.84 62.12 20260402.0 -1.0 0.0010713638166643758 61.048135976751034 1.4764438042523005 0.022118687192541075 1.8574018359618472 1.0 -1.0 -1.0 -1.0 -1.0 
325.84 62.12 20260402.0 -1.0 0.0033953328315766236 45.84922040272121 2.421243143225896 0.026265941041142528 1.9580301222250085 8.0 -1.0 -1.0 -1.0 -1.0 
325.84 62.12 20260402.0 -1.0 5.81382 336.59791101821537 1.0209415996414983 0.017971433343939622 12.600648109923386 16.0 12.710456772432673 32.0 5.813823615123208 336.68552344744205 
326.52 62.12 20260402.0 -1.0 3.52370931957 57.7938419450468 1.3092171966844401 0.012441761545804354 20.249513880642738 32.0 20.24951472503561 32.0 3.5237159560589744 57.78401980417475 
326.52 62.12 20260402.0 -1.0 117.8481780116 56.092506722757285 1.1803402058496175 0.006912089747669086 13.035660892887986 4.0 13.035660936901243 4.0 117.84820041308801 56.06365494135343 
326.52 62.12 20260402.0 -1.0 1.2140327894 73.98230436319551 0.24753656721131798 0.027648358990676344 1.674335393034805 32.0 -1.0 -1.0 -1.0 -1.0 
326.52 62.12 20260402.0 -1.0 167.15383952386 33.5627039306204 0.021117011831285427 0.11750552571037444 1.026673447006699 2.0 -1.0 -1.0 -1.0 -1.0 
326.52 62.12 20260402.0 -1.0 64.25074255867916 48.04983112647959 0.4322784408305817 0.052531882082285056 1.9208376740362798 1.0 -1.0 -1.0 -1.0 -1.0 
326.52 62.12 20260402.0 -1.0 24.38440141106 42.58493617003448 0.46160066588526383 0.05529671798135269 0.47716127101281497 1.0 -1.0 -1.0 -1.0 -1.0 
326.52 62.12 20260402.0 -1.0 1.372129046511402 0.0 0.011418413350785181 0.04147253848601452 2.364371805096631 4.0 -1.0 -1.0 -1.0 -1.0 
326.52 62.12 20260402.0 -1.0 1.729894 171.83485745124085 0.01452165790506541 0.04423737438508215 1.8586629034355353 2.0 -1.0 -1.0 -1.0 -1.0 
326.52 62.12 20260402.0 -1.0 0.23932694474989316 343.6697149024817 0.042959904408602125 0.05391430003181887 1.3746635044662134 4.0 -1.0 -1.0 -1.0 -1.0 
326.52 62.12 20260402.0 -1.0 9.85349875132 515.5045723537226 2.4062355222506673 0.03456044873834543 13.805297885515774 8.0 13.805298054729114 8.0 9.853465599007905 515.5022712477515 
327.21 62.12 20260402.0 -1.0 1.3671236672 177.3220905595837 1.1450010385340765 0.026265941041142528 10.880744592990412 32.0 11.43118945764074 32.0 1.3671221192150067 177.29877880370253 
327.21 62.12 20260402.0 -1.0 1.111099643 60.157227880782386 2.578345627340411 0.21427478217774165 1.1012677665580546 2.0 -1.0 -1.0 -1.0 -1.0 
327.21 62.12 20260402.0 -1.0 195.37156012272126 107.34863090418847 2.672653725205789 0.02350110514207489 7.914202949052618 1.0 -1.0 -1.0 -1.0 -1.0 
327.21 62.12 20260402.0 -1.0 18.90166 94.9602314453188 0.05702635424403563 0.035942866687879244 2.439769704798251 1.0 -1.0 -1.0 -1.0 -1.0 
327.21 62.12 20260402.0 -1.0 0.33054565343 137.11228553630332 0.039351337310415006 0.024883523091608704 1.1170984986191967 2.0 -1.0 -1.0 -1.0 -1.0 
327.21 62.12 20260402.0 -1.0 0.748503 349.91979149502214 0.3098482980024649 0.03041319488974398 0.5647485754194999 32.0 -1.0 -1.0 -1.0 -1.0 
327.21 62.12 20260402.0 -1.0 0.9268222396651 16.902816210830654 7.074324360371825 0.019353851293473442 101.31507110517242 32.0 101.36584829097629 32.0 0.9268357340867321 16.90005482889174 
327.21 62.12 20260402.0 -1.0 3.266053 0.0 8.63164577248031 0.015206597444871992 77.51835749618421 32.0 -1.0 -1.0 -1.0 -1.0 
327.21 62.12 20260402.0 -1.0 1.5749577489682105 174.95989574751107 7.079213307799321 0.08156265902249521 16.11650580620906 8.0 17.497041638253304 16.0 1.5749416585701208 174.87002840913127 
327.21 62.12 20260402.0 -1.0 0.19822748254834516 524.8796872425332 6.670869092409146 0.09815167441690101 4.804316181667593 8.0 -1.0 -1.0 -1.0 -1.0 
360.0 62.1 20260402.0 -1.0 1.986244776367 61.399270873359185 6.064266490189425 0.016589015394405805 113.68021073698365 32.0 113.72743941835249 32.0 1.9862454792018982 61.42714539603165 
360.0 62.1 20260402.0 -1.0 0.597218 149.1245883772089 0.0918536269531778 0.01935385129347344 0.7296047215431694 16.0 -1.0 -1.0 -1.0 -1.0 
360.0 62.1 20260402.0 -1.0 0.0293029783828695 93.85256752218221 0.7247463195990198 0.029030776940210157 0.6825044918471468 1.0 -1.0 -1.0 -1.0 -1.0 
360.0 62.1 20260402.0 -1.0 4.230245247406318 22.56518282613476 0.02127809743662687 0.020736269243007255 1.4058166657013533 16.0 -1.0 -1.0 -1.0 -1.0 
360.0 62.1 20260402.0 -1.0 2.322167512743 29.917882848133726 0.3926986478874693 0.03456044873834543 1.7922476022010319 1.0 -1.0 -1.0 -1.0 -1.0 
360.0 62.1 20260402.0 -1.0 0.8200976099608557 0.0 0.06435478712697457 0.029030776940210157 1.017610802036551 1.0 -1.0 -1.0 -1.0 -1.0 
360.0 62.1 20260402.0 -1.0 393.46001048594 281.6844732565811 0.8904201091492603 0.012441761545804356 2.8776778217168126 1.0 -1.0 -1.0 -1.0 -1.0 
360.0 62.1 20260402.0 -1.0 2.433914834963 422.52670988487165 0.5620500328049207 0.012441761545804356 6.386946863894674 16.0 6.386946863894674 16.0 2.4339290879045925 422.5013707222935 
360.0 62.1 20260402.0 -1.0 316.8478768178 26.368303527168706 2.9056702351810317 0.009676925646736721 13.423153526244262 1.0 -1.0 -1.0 -1.0 -1.0 
360.0 62.1 20260402.0 -1.0 0.54155509235 140.84223662829055 2.3149224869455187 0.009676925646736721 59.60028521336824 32.0 59.61497159927058 32.0 0.5415434619256606 140.96872081824066 
96.46 62.24 20260402.0 -1.0 327.405572743031 202.1028644791971 0.0124139328239447 0.030413194889743984 0.3195178294751384 1.0 -1.0 -1.0 -1.0 -1.0 
96.46 62.24 20260402.0 -1.0 3.058385 73.6797125344233 0.05008065115563314 0.03456044873834543 0.6033114054100858 2.0 -1.0 -1.0 -1.0 -1.0 
96.46 62.24 20260402.0 -1.0 0.872147648765 81.11508039714764 0.02553528527519724 0.04423737438508215 1.3021686876404441 8.0 -1.0 -1.0 -1.0 -1.0 
96.46 62.24 20260402.0 -1.0 0.017353646892825852 70.78818058780828 0.012560585988318855 0.016589015394405805 0.528374549022483 16.0 -1.0 -1.0 -1.0 -1.0 
96.46 62.24 20260402.0 -1.0 208.428863 89.9418621289198 0.01593016308902639 0.03732528463741307 0.9355988691379916 1.0 -1.0 -1.0 -1.0 -1.0 
96.46 62.24 20260402.0 -1.0 109.99844724197537 144.92445079801288 0.11489629662788922 0.017971433343939622 1.8243828571161518 2.0 -1.0 -1.0 -1.0 -1.0 
96.46 62.24 20260402.0 -1.0 2.185604502 47.2863307059223 1.4521657905065417 0.038707702586946884 12.951802208773099 32.0 13.212628568277575 32.0 2.185606717830524 47.25943476103258 
96.46 62.24 20260402.0 -1.0 0.824545 0.0 2.770411328532606 0.12165277955897592 0.9879916570121571 1.0 -1.0 -1.0 -1.0 -1.0 
96.46 62.24 20260402.0 -1.0 0.1011112983493 72.46222539900644 2.4787882220953037 0.06773847952715704 1.4171898705619688 1.0 -1.0 -1.0 -1.0 -1.0 
96.46 62.24 20260402.0 -1.0 1.1312834366320195 217.38667619701934 3.6045884399314216 0.011059343596270537 86.98554741189767 32.0 87.13958614564629 32.0 1.1312901430452864 217.2719623810213 
97.15 62.24 20260402.0 -1.0 16.2084738041 61.79396052561868 0.3518476344085462 0.11474068981130682 1.2338655982384736 1.0 -1.0 -1.0 -1.0 -1.0 
97.15 62.24 20260402.0 -1.0 0.11902282447787144 17.572858188961877 0.0878201873844514 0.005529671798135269 2.652366387163624 32.0 -1.0 -1.0 -1.0 -1.0 
97.15 62.24 20260402.0 -1.0 0.49214049533 183.6695446035102 0.19544704242172933 0.016589015394405805 1.663680524019738 16.0 -1.0 -1.0 -1.0 -1.0 
97.15 62.24 20260402.0 -1.0 3.250099739409 89.1699478869856 0.434974548894717 0.04423737438508215 2.3920836680758133 4.0 -1.0 -1.0 -1.0 -1.0 
97.15 62.24 20260402.0 -1.0 1.9546609131310237 25.34258720551871 0.3154640648174145 0.022118687192541075 2.39567552771189 16.0 -1.0 -1.0 -1.0 -1.0 
97.15 62.24 20260402.0 -1.0 1.577139 0.0 0.11868817192515867 0.04423737438508215 1.5592992011055355 1.0 -1.0 -1.0 -1.0 -1.0 
97.15 62.24 20260402.0 -1.0 2.4822647836094 71.34023915202184 0.35039222063109066 0.02073626924300726 2.4437742329872236 4.0 -1.0 -1.0 -1.0 -1.0 
97.15 62.24 20260402.0 -1.0 243.902439 214.0207174560655 0.47257141320523277 0.035942866687879244 1.2909577826803136 2.0 -1.0 -1.0 -1.0 -1.0 
97.15 62.24 20260402.0 -1.0 1.5105891872725 105.69399967977313 6.191261931146327 0.026265941041142528 85.60417782045901 32.0 71.07910038393987 32.0 0.5035265833915522 105.85303803006441 
97.15 62.24 20260402.0 -1.0 54.95674577910229 142.68047830404367 4.635180028843619 0.06082638977948796 18.33539680799285 4.0 18.335395817553533 4.0 54.95676305145026 142.68908568106198 
97.83 62.24 20260402.0 -1.0 0.5108557892033546 180.65853171333046 0.022942252941326926 0.029030776940210157 1.610463150016206 16.0 -1.0 -1.0 -1.0 -1.0 
97.83 62.24 20260402.0 -1.0 57.80624908500715 108.88862937612949 0.2650588651678506 0.035942866687879244 1.1184489349958073 2.0 -1.0 -1.0 -1.0 -1.0 
97.83 62.24 20260402.0 -1.0 0.323807374468 84.21311196956906 0.23634006668682334 0.06359122567855559 1.5967453918526713 16.0 -1.0 -1.0 -1.0 -1.0 
97.83 62.24 20260402.0 -1.0 0.006580779070296953 18.538273333646682 0.053997448301046636 0.016589015394405805 2.243422624751325 8.0 -1.0 -1.0 -1.0 -1.0 
97.83 62.24 20260402.0 -1.0 3.09703753311 0.0 0.40565872010823184 0.016589015394405805 4.259286828895477 32.0 -1.0 -1.0 -1.0 -1.0 
97.83 62.24 20260402.0 -1.0 1.20442744835 70.29358932997087 0.345107021422409 0.019353851293473442 2.855659975287962 32.0 -1.0 -1.0 -1.0 -1.0 
97.83 62.24 20260402.0 -1.0 2.44468374341 210.8807679899126 0.12647660548539622 0.04009012053648069 1.7751260288675308 32.0 -1.0 -1.0 -1.0 -1.0 
97.83 62.24 20260402.0 -1.0 219.298246 144.02487894820612 1.5230644166683824 0.017971433343939622 7.988264425731464 1.0 -1.0 -1.0 -1.0 -1.0 
97.83 62.24 20260402.0 -1.0 94.08695464729132 210.66986613173688 5.608863713741786 0.006912089747669086 57.6296151846119 2.0 57.629615066945775 2.0 94.08686310052872 210.6940967290575 
97.83 62.24 20260402.0 -1.0 0.00820494416964135 140.58717865994174 7.6592883338116815 0.13962421290291552 2.0617554201884656 8.0 -1.0 -1.0 -1.0 -1.0 
98.52 62.24 20260402.0 -1.0 4.279869765973 43.837667577429755 0.048313489586663455 0.03317803078881161 0.6811105137084894 2.0 -1.0 -1.0 -1.0 -1.0 
98.52 62.24 20260402.0 -1.0 3.0949330625564375 12.548792045861408 0.29016582742063785 0.011059343596270537 4.925195194730128 32.0 -1.0 -1.0 -1.0 -1.0 
98.52 62.24 20260402.0 -1.0 7.726184 69.24689385572198 0.034037150528824646 0.012441761545804354 1.522974269368437 32.0 -1.0 -1.0 -1.0 -1.0 
98.52 62.24 20260402.0 -1.0 1.089112170924 138.49378771144396 0.02020368287586113 0.016589015394405805 1.8556553591094764 2.0 -1.0 -1.0 -1.0 -1.0 
98.52 62.24 20260402.0 -1.0 1.721551635017 207.74068156716595 0.38838184981041013 0.01520659744487199 4.495035809957327 16.0 -1.0 -1.0 -1.0 -1.0 
98.52 62.24 20260402.0 -1.0 241.545894 85.70160130658661 5.263469700238246 0.019353851293473442 22.610873170084062 1.0 22.610872946097 1.0 241.5462707479795 85.71464934174433 
98.52 62.24 20260402.0 -1.0 0.3268497668 147.55218726772802 5.202015203780415 0.013824179495338172 124.94996815818627 32.0 68.52538436773197 32.0 0.24513913861786327 147.74898233641878 
98.52 62.24 20260402.0 -1.0 1.000756 16.267722138922984 6.369134321932862 0.11612310776084063 4.615150998099517 8.0 6.5493208779282535 16.0 1.0007473368508122 16.191669297141782 
98.52 62.24 20260402.0 -1.0 0.0809064588655551 126.29819014369454 1.5262242925517453 0.027648358990676344 6.141215134508064 32.0 6.327775251948649 32.0 0.08091471196773152 128.82496884538432 
98.52 62.24 20260402.0 -1.0 400.13439317157656 0.0 3.470196244114123 0.031795612839277794 9.421635630709394 1.0 -1.0 -1.0 -1.0 -1.0 
99.21 62.24 20260402.0 -1.0 22.10004678013 43.392061307795615 0.5960429119114492 0.06497364362808941 2.120395451669832 4.0 -1.0 -1.0 -1.0 -1.0 
99.21 62.24 20260402.0 -1.0 0.1110946838287312 72.69499432102423 0.3669918888002356 0.02073626924300726 0.6984969166116651 1.0 -1.0 -1.0 -1.0 -1.0 
99.21 62.24 20260402.0 -1.0 0.76941220286 89.1766160995743 0.11371181212546284 0.008294507697202903 1.7374718580183344 1.0 -1.0 -1.0 -1.0 -1.0 
99.21 62.24 20260402.0 -1.0 3.205 136.31078260026652 0.14273006104727987 0.019353851293473442 2.645271320209997 16.0 -1.0 -1.0 -1.0 -1.0 
99.21 62.24 20260402.0 -1.0 1.965177 32.55427031197485 1.7989765511541298 0.02350110514207489 24.09264146733255 32.0 24.15931428012947 32.0 1.9651755186108253 32.48453652739071 
99.21 62.24 20260402.0 -1.0 4.6803 111.95642585305418 2.8012039783474996 0.006912089747669086 87.6635793774147 32.0 87.77490567073112 32.0 4.680290051813548 111.9249140164926 
99.21 62.24 20260402.0 -1.0 1.56996372132 33.59715208704439 1.5115340740583927 0.009676925646736721 48.796016027652385 32.0 49.02902812377918 32.0 1.569969754200429 33.597713791569205 
99.21 62.24 20260402.0 -1.0 1.78926509015 0.0 1.3941658208736356 0.03456044873834543 6.947332444331175 16.0 -1.0 -1.0 -1.0 -1.0 
99.21 62.24 20260402.0 -1.0 0.0017598805570259 68.15539130013326 5.931674589932816 0.027648358990676344 3.9110858782916447 4.0 -1.0 -1.0 -1.0 -1.0 
99.21 62.24 20260402.0 -1.0 0.014439721715634837 204.46617390039978 6.53855149107702 0.008294507697202903 51.565723466089196 32.0 16.512405895589094 16.0 0.033711936945716545 204.41982487641502 
99.89 62.24 20260402.0 -1.0 4.295902 67.09662563126494 0.05639948359483268 0.012441761545804354 1.09124183131513 16.0 -1.0 -1.0 -1.0 -1.0 
99.89 62.24 20260402.0 -1.0 0.971062 66.39267422326306 0.5410947589015077 0.011059343596270537 8.420087235027474 16.0 8.481965913062963 16.0 0.9710371765928965 66.68943791760272 
99.89 62.24 20260402.0 -1.0 0.0030407673490200023 103.1590506183327 0.13932030015451158 0.017971433343939622 1.0081772586763096 2.0 -1.0 -1.0 -1.0 -1.0 
99.89 62.24 20260402.0 -1.0 11.483693 26.95128247778628 0.034701962441141196 0.027648358990676344 1.36380513006158 1.0 -1.0 -1.0 -1.0 -1.0 
99.89 62.24 20260402.0 -1.0 0.1991405323955412 134.072573878301 0.06872008822285519 0.022118687192541075 0.7229015111694583 1.0 -1.0 -1.0 -1.0 -1.0 
99.89 62.24 20260402.0 -1.0 1.5042184955592726 201.1088608174515 0.18609168688485656 0.009676925646736721 4.285500987750252 32.0 -1.0 -1.0 -1.0 -1.0 
99.89 62.24 20260402.0 -1.0 302.114804 155.33190639995777 2.0106215499398554 0.04423737438508216 5.372246170094444 1.0 -1.0 -1.0 -1.0 -1.0 
99.89 62.24 20260402.0 -1.0 0.006030553058460687 14.420947415352808 2.8876599838394412 0.01520659744487199 2.6148993823955116 32.0 -1.0 -1.0 -1.0 -1.0 
99.89 62.24 20260402.0 -1.0 21.12977915899624 0.0 4.028659068035433 0.012441761545804354 72.78413815146406 16.0 -1.0 -1.0 -1.0 -1.0 
99.89 62.24 20260402.0 -1.0 1.38677 67.0362869391505 8.321316089074987 0.04147253848601452 63.803034287185575 16.0 66.73755568078977 32.0 1.386767204773302 67.19542758313841 
